gi,ei,dsc,def_id,team_id,player_name,year
0022400524,29,L. James 6' Running Dunk (2 PTS) (Doncic 1 AST),1630163,1610612766,LaMelo Ball,2025
0022400524,148,Vincent 26' 3PT Jump Shot (6 PTS) (L. James 2 AST),1630163,1610612766,LaMelo Ball,2025
0022400524,176,MISS Reaves 30' 3PT Pullup Jump Shot,1630163,1610612766,LaMelo Ball,2025
0022400524,205,Reaves 6' Running Layup (2 PTS) (Hachimura 2 AST),1630163,1610612766,LaMelo Ball,2025
0022400524,351,Reaves 28' 3PT Jump Shot (5 PTS) (L. James 7 AST),1630163,1610612766,LaMelo Ball,2025
0022400524,369,MISS Reaves 27' 3PT Pullup Jump Shot,1630163,1610612766,LaMelo Ball,2025
0022400524,398,MISS Hachimura 3PT Jump Shot,1630163,1610612766,LaMelo Ball,2025
0022400524,582,L. James 4' Running Layup (16 PTS) (Finney-Smith 3 AST),1630163,1610612766,LaMelo Ball,2025
0022400524,7,MISS Green 3PT Jump Shot,2544,1610612747,LeBron James,2025
0022400524,53,MISS Smith Jr. 26' 3PT Jump Shot,2544,1610612747,LeBron James,2025
0022400524,67,MISS Bridges 25' 3PT Running Pull-Up Jump Shot,2544,1610612747,LeBron James,2025
0022400524,69,Williams 3' Putback Layup (2 PTS),2544,1610612747,LeBron James,2025
0022400524,75,MISS Green 3PT Jump Shot,2544,1610612747,LeBron James,2025
0022400524,357,MISS Smith Jr. 27' 3PT Jump Shot,2544,1610612747,LeBron James,2025
0022400524,389,MISS Williams 4' Tip Layup Shot,2544,1610612747,LeBron James,2025
0022400524,419,MISS Jeffries 24' 3PT Jump Shot,2544,1610612747,LeBron James,2025
0022400524,513,Curry 27' 3PT Jump Shot (10 PTS) (Nurkic 6 AST),2544,1610612747,LeBron James,2025
0022400524,569,MISS Green 25' 3PT Jump Shot,2544,1610612747,LeBron James,2025
0022400524,588,Salaun 29' 3PT Jump Shot (3 PTS) (Smith Jr. 1 AST),2544,1610612747,LeBron James,2025
0022400524,647,Williams 3' Reverse Layup (10 PTS) (Ball 6 AST),2544,1610612747,LeBron James,2025
0022400524,651,Bridges 30' 3PT Pullup Jump Shot (29 PTS),2544,1610612747,LeBron James,2025
0022400524,13,Green 4' Putback Layup (2 PTS),1629029,1610612747,Luka Dončić,2025
0022400524,35,MISS Green 6' Running Pull-Up Jump Shot,1629029,1610612747,Luka Dončić,2025
0022400524,57,Ball 12' Driving Floating Bank Jump Shot (2 PTS),1629029,1610612747,Luka Dončić,2025
0022400524,61,MISS Bridges 7' Driving Finger Roll Layup,1629029,1610612747,Luka Dončić,2025
0022400524,69,Williams 3' Putback Layup (2 PTS),1629029,1610612747,Luka Dončić,2025
0022400524,253,MISS Williams 11' Turnaround Hook Shot,1629029,1610612747,Luka Dončić,2025
0022400524,280,MISS Williams 8' Turnaround Hook Shot,1629029,1610612747,Luka Dončić,2025
0022400524,320,MISS Bridges 10' Driving Floating Jump Shot,1629029,1610612747,Luka Dončić,2025
0022400524,324,MISS Bridges 3PT Jump Shot,1629029,1610612747,Luka Dončić,2025
0022400524,346,Ball 32' 3PT Step Back Jump Shot (12 PTS),1629029,1610612747,Luka Dončić,2025
0022400524,426,MISS Bridges 3PT Jump Shot,1629029,1610612747,Luka Dončić,2025
0022400524,576,Green 16' Pullup Jump Shot (4 PTS) (Ball 4 AST),1629029,1610612747,Luka Dončić,2025
0022400524,584,Smith Jr. 27' 3PT Jump Shot (9 PTS) (Ball 5 AST),1629029,1610612747,Luka Dončić,2025
0022400524,633,MISS Ball 28' 3PT Step Back Jump Shot,1629029,1610612747,Luka Dončić,2025
0022400524,640,MISS Williams 8' Turnaround Jump Shot,1629029,1610612747,Luka Dončić,2025
0022400524,647,Williams 3' Reverse Layup (10 PTS) (Ball 6 AST),1629029,1610612747,Luka Dončić,2025
0022400524,651,Bridges 30' 3PT Pullup Jump Shot (29 PTS),1629029,1610612747,Luka Dončić,2025
0022400524,37,L. James 26' 3PT Running Pull-Up Jump Shot (5 PTS),1631109,1610612766,Mark Williams,2025
0022400524,42,L. James 30' 3PT Running Jump Shot (8 PTS) (Hachimura 1 AST),1631109,1610612766,Mark Williams,2025
0022400524,84,MISS Doncic 7' Driving Layup,1631109,1610612766,Mark Williams,2025
0022400524,187,MISS Reaves 28' 3PT Jump Shot,1631109,1610612766,Mark Williams,2025
0022400524,201,MISS Hachimura 12' Pullup Jump Shot,1631109,1610612766,Mark Williams,2025
0022400524,209,MISS Hachimura 27' 3PT Jump Shot,1631109,1610612766,Mark Williams,2025
0022400524,231,MISS Doncic 28' 3PT Step Back Jump Shot,1631109,1610612766,Mark Williams,2025
0022400524,255,MISS Doncic 27' 3PT Step Back Jump Shot,1631109,1610612766,Mark Williams,2025
0022400524,278,Hayes 3' Layup (2 PTS) (Doncic 4 AST),1631109,1610612766,Mark Williams,2025
0022400524,348,MISS Doncic 26' 3PT Step Back Jump Shot,1631109,1610612766,Mark Williams,2025
0022400524,365,Hayes 3' Alley Oop Dunk (4 PTS) (L. James 8 AST),1631109,1610612766,Mark Williams,2025
0022400524,396,MISS L. James 25' 3PT Jump Shot,1631109,1610612766,Mark Williams,2025
0022400524,414,MISS L. James 5' Turnaround Fadeaway Shot,1631109,1610612766,Mark Williams,2025
0022400524,578,Doncic 29' 3PT Jump Shot (12 PTS) (Finney-Smith 2 AST),1631109,1610612766,Mark Williams,2025
0022400524,590,L. James 27' 3PT Step Back Jump Shot (21 PTS),1631109,1610612766,Mark Williams,2025
0022400524,652,Hayes 5' Cutting Dunk Shot (8 PTS) (L. James 11 AST),1631109,1610612766,Mark Williams,2025
0022400524,657,MISS Hachimura 27' 3PT Jump Shot,1631109,1610612766,Mark Williams,2025
0022400524,65,MISS Finney-Smith 3' Tip Layup Shot,1628970,1610612766,Miles Bridges,2025
0022400524,97,MISS Hachimura 27' 3PT Jump Shot,1628970,1610612766,Miles Bridges,2025
0022400524,107,MISS Reaves 29' 3PT Jump Shot,1628970,1610612766,Miles Bridges,2025
0022400524,130,MISS L. James 12' Fadeaway Jumper,1628970,1610612766,Miles Bridges,2025
0022400524,271,Hachimura 5' Driving Layup (10 PTS) (Doncic 3 AST),1628970,1610612766,Miles Bridges,2025
0022400524,322,MISS Doncic 30' 3PT Jump Shot,1628970,1610612766,Miles Bridges,2025
0022400524,375,MISS Reaves 28' 3PT Jump Shot,1628970,1610612766,Miles Bridges,2025
0022400524,441,Hachimura 2' Cutting Layup Shot (14 PTS) (Doncic 6 AST),1628970,1610612766,Miles Bridges,2025
0022400524,449,MISS Finney-Smith 3PT Jump Shot,1628970,1610612766,Miles Bridges,2025
0022400524,474,MISS L. James 27' 3PT Pullup Jump Shot,1628970,1610612766,Miles Bridges,2025
0022400524,490,MISS L. James 7' Driving Layup,1628970,1610612766,Miles Bridges,2025
0022400524,621,MISS Hayes 4' Tip Layup Shot,1628970,1610612766,Miles Bridges,2025
0022400524,631,MISS L. James 27' 3PT Jump Shot,1628970,1610612766,Miles Bridges,2025
0022400524,649,MISS Doncic 28' 3PT Step Back Jump Shot,1628970,1610612766,Miles Bridges,2025
0022400524,676,L. James 28' 3PT Jump Shot (26 PTS),1628970,1610612766,Miles Bridges,2025
0022400524,18,Doncic 3' Running Layup (2 PTS) (L. James 1 AST),1641733,1610612766,Nick Smith Jr.,2025
0022400524,55,Hachimura 4' Layup (4 PTS) (Doncic 2 AST),1641733,1610612766,Nick Smith Jr.,2025
0022400524,63,MISS Reaves 6' Running Layup,1641733,1610612766,Nick Smith Jr.,2025
0022400524,70,MISS Hachimura 3PT Jump Shot,1641733,1610612766,Nick Smith Jr.,2025
0022400524,73,Hachimura 3' Layup (6 PTS) (Reaves 1 AST),1641733,1610612766,Nick Smith Jr.,2025
0022400524,251,MISS Knecht 28' 3PT Running Pull-Up Jump Shot,1641733,1610612766,Nick Smith Jr.,2025
0022400524,433,Reaves 28' 3PT Jump Shot (8 PTS) (Vincent 2 AST),1641733,1610612766,Nick Smith Jr.,2025
0022400524,598,Finney-Smith 27' 3PT Jump Shot (12 PTS) (Doncic 8 AST),1641733,1610612766,Nick Smith Jr.,2025
0022400524,638,MISS Doncic 16' Fadeaway Jumper,1641733,1610612766,Nick Smith Jr.,2025
0022400524,16,MISS Bridges 5' Running Layup,1629060,1610612747,Rui Hachimura,2025
0022400524,27,MISS Smith Jr. 3PT Running Jump Shot,1629060,1610612747,Rui Hachimura,2025
0022400524,38,MISS Bridges 25' 3PT Jump Shot,1629060,1610612747,Rui Hachimura,2025
0022400524,45,MISS Ball 27' 3PT Jump Shot,1629060,1610612747,Rui Hachimura,2025
0022400524,339,L. James BLOCK (1 BLK),1629060,1610612747,Rui Hachimura,2025
0022400524,435,Bridges 6' Driving Hook Shot (14 PTS) (Nurkic 3 AST),1629060,1610612747,Rui Hachimura,2025
0022400524,494,Bridges 27' 3PT Pullup Jump Shot (23 PTS) (Payton 2 AST),1629060,1610612747,Rui Hachimura,2025
0022400524,546,MISS Ball 27' 3PT Running Pull-Up Jump Shot,1629060,1610612747,Rui Hachimura,2025
0022400524,559,MISS Salaun 6' Running Layup,1629060,1610612747,Rui Hachimura,2025
0022400524,616,MISS Bridges 28' 3PT Jump Shot,1629060,1610612747,Rui Hachimura,2025
0022400524,625,L. James BLOCK (2 BLK),1629060,1610612747,Rui Hachimura,2025
0022400524,629,Bridges 28' 3PT Pullup Jump Shot (26 PTS) (Williams 2 AST),1629060,1610612747,Rui Hachimura,2025
0022400524,93,MISS Finney-Smith 27' 3PT Jump Shot,203552,1610612766,Seth Curry,2025
0022400524,233,Knecht 28' 3PT Pullup Jump Shot (3 PTS) (Hachimura 3 AST),203552,1610612766,Seth Curry,2025
0022400524,534,MISS Hachimura 27' 3PT Jump Shot,203552,1610612766,Seth Curry,2025
0022400524,561,L. James 8' Turnaround Fadeaway (12 PTS),203552,1610612766,Seth Curry,2025
0022400524,158,Finney-Smith 27' 3PT Jump Shot (6 PTS) (L. James 3 AST),1642275,1610612766,Tidjane Salaün,2025
0022400524,180,Vanderbilt 4' Cutting Dunk Shot (2 PTS) (L. James 5 AST),1642275,1610612766,Tidjane Salaün,2025
0022400524,191,L. James 20' Pullup Jump Shot (10 PTS),1642275,1610612766,Tidjane Salaün,2025
0022400524,305,MISS Vincent 3PT Step Back Jump Shot,1642275,1610612766,Tidjane Salaün,2025
0022400524,318,Doncic 14' Turnaround Fadeaway (4 PTS) (L. James 6 AST),1642275,1610612766,Tidjane Salaün,2025
0022400524,537,MISS Knecht 24' 3PT Pullup Jump Shot,1642275,1610612766,Tidjane Salaün,2025
0022400524,571,L. James 4' Running Layup (14 PTS),1642275,1610612766,Tidjane Salaün,2025
0022400524,586,L. James 7' Driving Dunk (18 PTS) (Doncic 7 AST),1642275,1610612766,Tidjane Salaün,2025
0022400524,696,MISS L. James 31' 3PT Pullup Jump Shot,1642275,1610612766,Tidjane Salaün,2025
0022400524,698,MISS L. James 29' 3PT Fadeaway Jumper,1642275,1610612766,Tidjane Salaün,2025
0022400793,67,MISS Zubac 9' Driving Dunk,1631260,1610612749,AJ Green,2025
0022400793,73,Harden 8' Tip Layup Shot (2 PTS),1631260,1610612749,AJ Green,2025
0022400793,146,MISS Harden 6' Driving Floating Bank Jump Shot,1631260,1610612749,AJ Green,2025
0022400793,166,Bogdanovic 2' Driving Layup (5 PTS),1631260,1610612749,AJ Green,2025
0022400793,455,Bogdanovic 27' 3PT Jump Shot (8 PTS) (Harden 6 AST),1631260,1610612749,AJ Green,2025
0022400793,485,Leonard 14' Turnaround Fadeaway (22 PTS),1631260,1610612749,AJ Green,2025
0022400793,496,MISS Leonard 17' Pullup Jump Shot,1631260,1610612749,AJ Green,2025
0022400793,502,Leonard 27' 3PT Jump Shot (25 PTS) (Bogdanovic 5 AST),1631260,1610612749,AJ Green,2025
0022400793,580,MISS Leonard 16' Pullup Jump Shot,1631260,1610612749,AJ Green,2025
0022400793,38,MISS Lillard 26' 3PT Running Pull-Up Jump Shot,1629599,1610612746,Amir Coffey,2025
0022400793,245,MISS Trent Jr. 26' 3PT Jump Shot,1629599,1610612746,Amir Coffey,2025
0022400793,286,MISS Kuzma 31' 3PT Pullup Jump Shot,1629599,1610612746,Amir Coffey,2025
0022400793,310,MISS Kuzma 25' 3PT Jump Shot,1629599,1610612746,Amir Coffey,2025
0022400793,316,Antetokounmpo 1' Driving Finger Roll Layup (11 PTS),1629599,1610612746,Amir Coffey,2025
0022400793,326,Prince 3PT Jump Shot (11 PTS) (Antetokounmpo 2 AST),1629599,1610612746,Amir Coffey,2025
0022400793,599,Lopez Driving Layup (21 PTS) (Prince 1 AST),1629599,1610612746,Amir Coffey,2025
0022400793,661,MISS Kuzma 1' Tip Layup Shot,1629599,1610612746,Amir Coffey,2025
0022400793,134,MISS Trent Jr. 26' 3PT Pullup Jump Shot,1627732,1610612746,Ben Simmons,2025
0022400793,155,MISS Green 26' 3PT Jump Shot,1627732,1610612746,Ben Simmons,2025
0022400793,202,MISS Green 26' 3PT Jump Shot,1627732,1610612746,Ben Simmons,2025
0022400793,209,Antetokounmpo 2' Driving Dunk (7 PTS),1627732,1610612746,Ben Simmons,2025
0022400793,276,MISS Lillard 28' 3PT Step Back Jump Shot,1627732,1610612746,Ben Simmons,2025
0022400793,286,MISS Kuzma 31' 3PT Pullup Jump Shot,1627732,1610612746,Ben Simmons,2025
0022400793,501,Antetokounmpo 14' Fadeaway Jumper (19 PTS),1627732,1610612746,Ben Simmons,2025
0022400793,425,MISS Kuzma 8' Driving Finger Roll Layup,203992,1610612746,Bogdan Bogdanović,2025
0022400793,504,Antetokounmpo 1' Driving Reverse Layup (21 PTS) (Green 2 AST),203992,1610612746,Bogdan Bogdanović,2025
0022400793,661,MISS Kuzma 1' Tip Layup Shot,203992,1610612746,Bogdan Bogdanović,2025
0022400793,9,Zubac 13' Hook Shot (2 PTS) (Leonard 1 AST),201572,1610612749,Brook Lopez,2025
0022400793,13,Lopez BLOCK (1 BLK),201572,1610612749,Brook Lopez,2025
0022400793,22,Dunn 8' Driving Floating Jump Shot (2 PTS),201572,1610612749,Brook Lopez,2025
0022400793,40,MISS Leonard 27' 3PT Step Back Jump Shot,201572,1610612749,Brook Lopez,2025
0022400793,67,MISS Zubac 9' Driving Dunk,201572,1610612749,Brook Lopez,2025
0022400793,99,Bogdanovic 26' 3PT Running Jump Shot (3 PTS) (Simmons 1 AST),201572,1610612749,Brook Lopez,2025
0022400793,250,MISS Zubac 7' Hook Shot,201572,1610612749,Brook Lopez,2025
0022400793,278,MISS Dunn 11' Floating Jump Shot,201572,1610612749,Brook Lopez,2025
0022400793,282,Zubac Tip Layup Shot (10 PTS),201572,1610612749,Brook Lopez,2025
0022400793,323,MISS Harden 27' 3PT Running Pull-Up Jump Shot,201572,1610612749,Brook Lopez,2025
0022400793,325,Harden 1' Putback Layup (14 PTS),201572,1610612749,Brook Lopez,2025
0022400793,348,Coffey 4' Running Dunk (8 PTS) (Dunn 3 AST),201572,1610612749,Brook Lopez,2025
0022400793,361,MISS Leonard 17' Pullup Jump Shot,201572,1610612749,Brook Lopez,2025
0022400793,363,Leonard 26' 3PT Jump Shot (13 PTS) (Dunn 4 AST),201572,1610612749,Brook Lopez,2025
0022400793,630,Bogdanovic 3PT Jump Shot (12 PTS) (Harden 8 AST),201572,1610612749,Brook Lopez,2025
0022400793,22,Dunn 8' Driving Floating Jump Shot (2 PTS),203081,1610612749,Damian Lillard,2025
0022400793,36,MISS Coffey 20' Pullup Jump Shot,203081,1610612749,Damian Lillard,2025
0022400793,132,Simmons 7' Cutting Layup Shot (2 PTS) (Bogdanovic 2 AST),203081,1610612749,Damian Lillard,2025
0022400793,136,Harden 26' 3PT Running Pull-Up Jump Shot (8 PTS) (Bogdanovic 3 AST),203081,1610612749,Damian Lillard,2025
0022400793,140,Batum 25' 3PT Jump Shot (3 PTS) (Simmons 2 AST),203081,1610612749,Damian Lillard,2025
0022400793,248,MISS Harden 26' 3PT Pullup Jump Shot,203081,1610612749,Damian Lillard,2025
0022400793,274,Coffey 18' Jump Shot (4 PTS) (Harden 3 AST),203081,1610612749,Damian Lillard,2025
0022400793,298,Zubac Alley Oop Dunk (12 PTS) (Dunn 2 AST),203081,1610612749,Damian Lillard,2025
0022400793,302,Antetokounmpo BLOCK (1 BLK),203081,1610612749,Damian Lillard,2025
0022400793,312,MISS Leonard 25' 3PT Jump Shot,203081,1610612749,Damian Lillard,2025
0022400793,325,Harden 1' Putback Layup (14 PTS),203081,1610612749,Damian Lillard,2025
0022400793,381,Leonard 1' Running Layup (17 PTS) (Harden 5 AST),203081,1610612749,Damian Lillard,2025
0022400793,387,MISS Zubac 2' Layup,203081,1610612749,Damian Lillard,2025
0022400793,574,Dunn 27' 3PT Pullup Jump Shot (5 PTS) (Harden 7 AST),203081,1610612749,Damian Lillard,2025
0022400793,588,Lopez BLOCK (3 BLK),203081,1610612749,Damian Lillard,2025
0022400793,604,MISS Dunn 10' Driving Floating Bank Jump Shot,203081,1610612749,Damian Lillard,2025
0022400793,105,Green 28' 3PT Pullup Jump Shot (3 PTS) (Lopez 1 AST),1627884,1610612746,Derrick Jones Jr.,2025
0022400793,119,Trent Jr. 16' Driving Floating Jump Shot (5 PTS) (Lillard 2 AST),1627884,1610612746,Derrick Jones Jr.,2025
0022400793,130,MISS Green 3PT Step Back Jump Shot,1627884,1610612746,Derrick Jones Jr.,2025
0022400793,173,MISS Green 29' 3PT Running Jump Shot,1627884,1610612746,Derrick Jones Jr.,2025
0022400793,194,Green 26' 3PT Pullup Jump Shot (6 PTS),1627884,1610612746,Derrick Jones Jr.,2025
0022400793,445,Porter Jr. 2' Driving Layup (6 PTS),1627884,1610612746,Derrick Jones Jr.,2025
0022400793,457,Porter Jr. 4' Driving Layup (11 PTS),1627884,1610612746,Derrick Jones Jr.,2025
0022400793,536,Lillard 25' 3PT Step Back Jump Shot (6 PTS) (Antetokounmpo 4 AST),1627884,1610612746,Derrick Jones Jr.,2025
0022400793,95,Jones Jr. 1' Cutting Dunk Shot (2 PTS) (Bogdanovic 1 AST),1629018,1610612749,Gary Trent Jr.,2025
0022400793,103,MISS Bogdanovic 27' 3PT Step Back Jump Shot,1629018,1610612749,Gary Trent Jr.,2025
0022400793,265,MISS Zubac 10' Floating Jump Shot,1629018,1610612749,Gary Trent Jr.,2025
0022400793,280,MISS Coffey 25' 3PT Jump Shot,1629018,1610612749,Gary Trent Jr.,2025
0022400793,285,Harden 6' Driving Floating Jump Shot (10 PTS),1629018,1610612749,Gary Trent Jr.,2025
0022400793,387,MISS Zubac 2' Layup,1629018,1610612749,Gary Trent Jr.,2025
0022400793,401,Leonard 1' Running Layup (19 PTS) (Dunn 5 AST),1629018,1610612749,Gary Trent Jr.,2025
0022400793,422,MISS Harden 26' 3PT Pullup Jump Shot,1629018,1610612749,Gary Trent Jr.,2025
0022400793,28,Zubac 15' Driving Floating Jump Shot (4 PTS) (Leonard 2 AST),203507,1610612749,Giannis Antetokounmpo,2025
0022400793,46,Leonard 24' 3PT Jump Shot (3 PTS) (Harden 1 AST),203507,1610612749,Giannis Antetokounmpo,2025
0022400793,185,MISS Jones Jr. 3' Driving Layup,203507,1610612749,Giannis Antetokounmpo,2025
0022400793,227,Leonard 26' 3PT Jump Shot (10 PTS) (Harden 2 AST),203507,1610612749,Giannis Antetokounmpo,2025
0022400793,352,MISS Harden 26' 3PT Jump Shot,203507,1610612749,Giannis Antetokounmpo,2025
0022400793,499,Simmons 1' Cutting Finger Roll Layup Shot (6 PTS) (Leonard 4 AST),203507,1610612749,Giannis Antetokounmpo,2025
0022400793,512,MISS Batum Alley Oop Layup,203507,1610612749,Giannis Antetokounmpo,2025
0022400793,18,MISS Prince 12' Driving Floating Bank Jump Shot,1627826,1610612746,Ivica Zubac,2025
0022400793,23,MISS Prince 27' 3PT Pullup Jump Shot,1627826,1610612746,Ivica Zubac,2025
0022400793,42,MISS Kuzma 26' 3PT Running Pull-Up Jump Shot,1627826,1610612746,Ivica Zubac,2025
0022400793,48,Antetokounmpo 17' Pullup Jump Shot (2 PTS),1627826,1610612746,Ivica Zubac,2025
0022400793,69,MISS Prince 1' Driving Layup,1627826,1610612746,Ivica Zubac,2025
0022400793,72,Lopez Driving Dunk (2 PTS),1627826,1610612746,Ivica Zubac,2025
0022400793,97,MISS Trent Jr. 19' Pullup Jump Shot,1627826,1610612746,Ivica Zubac,2025
0022400793,197,MISS Antetokounmpo 26' 3PT Jump Shot,1627826,1610612746,Ivica Zubac,2025
0022400793,206,Porter Jr. 21' Step Back Jump Shot (4 PTS),1627826,1610612746,Ivica Zubac,2025
0022400793,225,MISS Porter Jr. 25' 3PT Jump Shot,1627826,1610612746,Ivica Zubac,2025
0022400793,229,Lopez 26' 3PT Jump Shot (5 PTS) (Porter Jr. 1 AST),1627826,1610612746,Ivica Zubac,2025
0022400793,241,MISS Lopez 27' 3PT Running Jump Shot,1627826,1610612746,Ivica Zubac,2025
0022400793,263,Lillard 28' 3PT Jump Shot (3 PTS) (Lopez 2 AST),1627826,1610612746,Ivica Zubac,2025
0022400793,283,MISS Lopez 30' 3PT Jump Shot,1627826,1610612746,Ivica Zubac,2025
0022400793,335,MISS Antetokounmpo 25' 3PT Pullup Jump Shot,1627826,1610612746,Ivica Zubac,2025
0022400793,345,MISS Lillard 3' Driving Finger Roll Layup,1627826,1610612746,Ivica Zubac,2025
0022400793,357,Antetokounmpo 1' Driving Reverse Layup (13 PTS),1627826,1610612746,Ivica Zubac,2025
0022400793,384,MISS Lillard 25' 3PT Step Back Jump Shot,1627826,1610612746,Ivica Zubac,2025
0022400793,397,Lopez Tip Dunk Shot (16 PTS),1627826,1610612746,Ivica Zubac,2025
0022400793,425,MISS Kuzma 8' Driving Finger Roll Layup,1627826,1610612746,Ivica Zubac,2025
0022400793,436,MISS Porter Jr. 14' Step Back Jump Shot,1627826,1610612746,Ivica Zubac,2025
0022400793,524,Antetokounmpo 9' Turnaround Fadeaway (23 PTS),1627826,1610612746,Ivica Zubac,2025
0022400793,529,MISS Antetokounmpo 3' Driving Layup,1627826,1610612746,Ivica Zubac,2025
0022400793,572,MISS Lopez 29' 3PT Jump Shot,1627826,1610612746,Ivica Zubac,2025
0022400793,578,MISS Lopez 11' Fadeaway Jumper,1627826,1610612746,Ivica Zubac,2025
0022400793,586,MISS Lopez 2' Driving Layup,1627826,1610612746,Ivica Zubac,2025
0022400793,638,MISS Lillard 2' Driving Layup,1627826,1610612746,Ivica Zubac,2025
0022400793,7,Kuzma 26' 3PT Jump Shot (3 PTS) (Antetokounmpo 1 AST),201935,1610612746,James Harden,2025
0022400793,69,MISS Prince 1' Driving Layup,201935,1610612746,James Harden,2025
0022400793,115,Trent Jr. 27' 3PT Jump Shot (3 PTS) (Kuzma 1 AST),201935,1610612746,James Harden,2025
0022400793,137,Kuzma 29' 3PT Jump Shot (6 PTS) (Lillard 3 AST),201935,1610612746,James Harden,2025
0022400793,221,Antetokounmpo 2' Driving Layup (9 PTS) (Trent Jr. 2 AST),201935,1610612746,James Harden,2025
0022400793,273,Lopez 26' 3PT Jump Shot (11 PTS) (Lillard 4 AST),201935,1610612746,James Harden,2025
0022400793,337,Lopez 1' Putback Layup (13 PTS),201935,1610612746,James Harden,2025
0022400793,397,Lopez Tip Dunk Shot (16 PTS),201935,1610612746,James Harden,2025
0022400793,429,MISS Trent Jr. 1' Running Dunk,201935,1610612746,James Harden,2025
0022400793,473,MISS Prince 3PT Jump Shot,201935,1610612746,James Harden,2025
0022400793,520,Green 27' 3PT Pullup Jump Shot (9 PTS) (Antetokounmpo 3 AST),201935,1610612746,James Harden,2025
0022400793,556,Kuzma 1' Running Layup (13 PTS) (Lillard 5 AST),201935,1610612746,James Harden,2025
0022400793,565,MISS Lillard 28' 3PT Running Jump Shot,201935,1610612746,James Harden,2025
0022400793,618,MISS Prince 24' 3PT Jump Shot,201935,1610612746,James Harden,2025
0022400793,128,MISS Harden 26' 3PT Step Back Jump Shot,1630579,1610612749,Jericho Sims,2025
0022400793,157,MISS Bogdanovic 28' 3PT Jump Shot,1630579,1610612749,Jericho Sims,2025
0022400793,176,MISS Leonard 27' 3PT Step Back Jump Shot,1630579,1610612749,Jericho Sims,2025
0022400793,183,Zubac 9' Turnaround Hook Shot (6 PTS),1630579,1610612749,Jericho Sims,2025
0022400793,485,Leonard 14' Turnaround Fadeaway (22 PTS),1630579,1610612749,Jericho Sims,2025
0022400793,488,Simmons 2' Cutting Layup Shot (4 PTS) (Bogdanovic 4 AST),1630579,1610612749,Jericho Sims,2025
0022400793,528,Harden 17' Pullup Jump Shot (23 PTS),1630579,1610612749,Jericho Sims,2025
0022400793,30,MISS Lillard 18' Step Back Jump Shot,202695,1610612746,Kawhi Leonard,2025
0022400793,78,Prince 3PT Jump Shot (3 PTS) (Trent Jr. 1 AST),202695,1610612746,Kawhi Leonard,2025
0022400793,169,MISS Antetokounmpo 11' Turnaround Fadeaway Shot,202695,1610612746,Kawhi Leonard,2025
0022400793,184,Antetokounmpo 1' Driving Finger Roll Layup (5 PTS),202695,1610612746,Kawhi Leonard,2025
0022400793,337,Lopez 1' Putback Layup (13 PTS),202695,1610612746,Kawhi Leonard,2025
0022400793,498,Antetokounmpo 1' Driving Finger Roll Layup (17 PTS),202695,1610612746,Kawhi Leonard,2025
0022400793,501,Antetokounmpo 14' Fadeaway Jumper (19 PTS),202695,1610612746,Kawhi Leonard,2025
0022400793,504,Antetokounmpo 1' Driving Reverse Layup (21 PTS) (Green 2 AST),202695,1610612746,Kawhi Leonard,2025
0022400793,567,Lopez 26' 3PT Jump Shot (19 PTS) (Lillard 6 AST),202695,1610612746,Kawhi Leonard,2025
0022400793,578,MISS Lopez 11' Fadeaway Jumper,202695,1610612746,Kawhi Leonard,2025
0022400793,153,Jones Jr. 3' Alley Oop Dunk (4 PTS) (Simmons 3 AST),1629645,1610612749,Kevin Porter Jr.,2025
0022400793,185,MISS Jones Jr. 3' Driving Layup,1629645,1610612749,Kevin Porter Jr.,2025
0022400793,195,MISS Leonard 8' Turnaround Jump Shot,1629645,1610612749,Kevin Porter Jr.,2025
0022400793,207,MISS Jones Jr. 27' 3PT Jump Shot,1629645,1610612749,Kevin Porter Jr.,2025
0022400793,219,MISS Leonard 22' Pullup Jump Shot,1629645,1610612749,Kevin Porter Jr.,2025
0022400793,223,MISS Leonard 12' Pullup Jump Shot,1629645,1610612749,Kevin Porter Jr.,2025
0022400793,231,MISS Harden 19' Step Back Jump Shot,1629645,1610612749,Kevin Porter Jr.,2025
0022400793,412,Zubac 1' Dunk (19 PTS),1629645,1610612749,Kevin Porter Jr.,2025
0022400793,449,MISS Harden 27' 3PT Jump Shot,1629645,1610612749,Kevin Porter Jr.,2025
0022400793,451,Harden 25' 3PT Jump Shot (19 PTS) (Simmons 4 AST),1629645,1610612749,Kevin Porter Jr.,2025
0022400793,499,Simmons 1' Cutting Finger Roll Layup Shot (6 PTS) (Leonard 4 AST),1629645,1610612749,Kevin Porter Jr.,2025
0022400793,20,MISS Lopez Tip Dunk Shot,1627739,1610612746,Kris Dunn,2025
0022400793,81,MISS Lillard 7' Driving Layup,1627739,1610612746,Kris Dunn,2025
0022400793,233,Lopez 26' 3PT Jump Shot (8 PTS) (Porter Jr. 2 AST),1627739,1610612746,Kris Dunn,2025
0022400793,321,MISS Lillard 30' 3PT Pullup Jump Shot,1627739,1610612746,Kris Dunn,2025
0022400793,395,MISS Kuzma 28' 3PT Step Back Jump Shot,1627739,1610612746,Kris Dunn,2025
0022400793,576,MISS Lillard 3PT Jump Shot,1627739,1610612746,Kris Dunn,2025
0022400793,633,Prince 3PT Jump Shot (14 PTS) (Lillard 7 AST),1627739,1610612746,Kris Dunn,2025
0022400793,9,Zubac 13' Hook Shot (2 PTS) (Leonard 1 AST),1628398,1610612749,Kyle Kuzma,2025
0022400793,50,MISS Leonard 18' Step Back Jump Shot,1628398,1610612749,Kyle Kuzma,2025
0022400793,124,MISS Harden 7' Fadeaway Jumper,1628398,1610612749,Kyle Kuzma,2025
0022400793,171,MISS Bogdanovic 1' Driving Layup,1628398,1610612749,Kyle Kuzma,2025
0022400793,239,MISS Leonard 6' Driving Layup,1628398,1610612749,Kyle Kuzma,2025
0022400793,261,MISS Coffey 17' Pullup Jump Shot,1628398,1610612749,Kyle Kuzma,2025
0022400793,265,MISS Zubac 10' Floating Jump Shot,1628398,1610612749,Kyle Kuzma,2025
0022400793,282,Zubac Tip Layup Shot (10 PTS),1628398,1610612749,Kyle Kuzma,2025
0022400793,319,Harden 17' Driving Floating Jump Shot (12 PTS) (Zubac 1 AST),1628398,1610612749,Kyle Kuzma,2025
0022400793,412,Zubac 1' Dunk (19 PTS),1628398,1610612749,Kyle Kuzma,2025
0022400793,443,MISS Batum 24' 3PT Jump Shot,1628398,1610612749,Kyle Kuzma,2025
0022400793,522,MISS Bogdanovic 29' 3PT Pullup Jump Shot,1628398,1610612749,Kyle Kuzma,2025
0022400793,584,MISS Leonard 3PT Jump Shot,1628398,1610612749,Kyle Kuzma,2025
0022400793,596,Lopez BLOCK (2 BLK),1628398,1610612749,Kyle Kuzma,2025
0022400793,635,Lopez BLOCK (4 BLK),1628398,1610612749,Kyle Kuzma,2025
0022400793,645,MISS Harden 3PT Step Back Jump Shot,1628398,1610612749,Kyle Kuzma,2025
0022400793,178,Porter Jr. 2' Driving Finger Roll Layup (2 PTS),201587,1610612746,Nicolas Batum,2025
0022400793,453,Porter Jr. 1' Driving Dunk (9 PTS) (Trent Jr. 3 AST),201587,1610612746,Nicolas Batum,2025
0022400793,486,MISS Green 26' 3PT Pullup Jump Shot,201587,1610612746,Nicolas Batum,2025
0022400793,498,Antetokounmpo 1' Driving Finger Roll Layup (17 PTS),201587,1610612746,Nicolas Batum,2025
0022400793,34,MISS Harden 17' Pullup Jump Shot,1627752,1610612749,Taurean Prince,2025
0022400793,59,Leonard 11' Driving Hook Shot (5 PTS),1627752,1610612749,Taurean Prince,2025
0022400793,108,Harden 14' Driving Floating Jump Shot (5 PTS),1627752,1610612749,Taurean Prince,2025
0022400793,243,Zubac 16' Floating Jump Shot (8 PTS) (Dunn 1 AST),1627752,1610612749,Taurean Prince,2025
0022400793,348,Coffey 4' Running Dunk (8 PTS) (Dunn 3 AST),1627752,1610612749,Taurean Prince,2025
0022400793,373,MISS Harden 8' Driving Floating Jump Shot,1627752,1610612749,Taurean Prince,2025
0022400793,621,MISS Harden 30' 3PT Jump Shot,1627752,1610612749,Taurean Prince,2025
0022400793,657,Bogdanovic 30' 3PT Jump Shot (15 PTS) (Batum 1 AST),1627752,1610612749,Taurean Prince,2025
0022400794,14,Bridges 1' Cutting Dunk Shot (2 PTS) (Nurkic 1 AST),203932,1610612743,Aaron Gordon,2025
0022400794,46,Bridges 2' Running Finger Roll Layup (4 PTS) (Payton 2 AST),203932,1610612743,Aaron Gordon,2025
0022400794,52,Green 3PT Jump Shot (3 PTS) (Nurkic 3 AST),203932,1610612743,Aaron Gordon,2025
0022400794,62,MISS Bridges 27' 3PT Pullup Jump Shot,203932,1610612743,Aaron Gordon,2025
0022400794,76,MISS Smith Jr. 13' Turnaround Fadeaway Shot,203932,1610612743,Aaron Gordon,2025
0022400794,113,MISS Bridges 27' 3PT Step Back Jump Shot,203932,1610612743,Aaron Gordon,2025
0022400794,118,Baugh 29' 3PT Jump Shot (5 PTS) (Smith Jr. 1 AST),203932,1610612743,Aaron Gordon,2025
0022400794,250,MISS Smith Jr. 28' 3PT Jump Shot,203932,1610612743,Aaron Gordon,2025
0022400794,372,Smith Jr. 16' Fadeaway Jumper (7 PTS),203932,1610612743,Aaron Gordon,2025
0022400794,378,Bridges 27' 3PT Pullup Jump Shot (14 PTS) (Nurkic 7 AST),203932,1610612743,Aaron Gordon,2025
0022400794,383,Bridges 2' Cutting Layup Shot (16 PTS) (Baugh 4 AST),203932,1610612743,Aaron Gordon,2025
0022400794,393,Bridges 26' 3PT Running Jump Shot (19 PTS) (Baugh 5 AST),203932,1610612743,Aaron Gordon,2025
0022400794,409,Baugh 24' 3PT Jump Shot (12 PTS) (Bridges 5 AST),203932,1610612743,Aaron Gordon,2025
0022400794,585,MISS Diabate 11' Floating Jump Shot,203932,1610612743,Aaron Gordon,2025
0022400794,626,MISS Bridges 27' 3PT Pullup Jump Shot,203932,1610612743,Aaron Gordon,2025
0022400794,630,Smith Jr. 11' Driving Floating Jump Shot (11 PTS),203932,1610612743,Aaron Gordon,2025
0022400794,635,Smith Jr. 11' Fadeaway Jumper (13 PTS),203932,1610612743,Aaron Gordon,2025
0022400794,20,Smith Jr. 25' 3PT Jump Shot (3 PTS) (Nurkic 2 AST),1631128,1610612743,Christian Braun,2025
0022400794,60,MISS Smith Jr. 3PT Jump Shot,1631128,1610612743,Christian Braun,2025
0022400794,262,MISS Diabate 8' Turnaround Jump Shot,1631128,1610612743,Christian Braun,2025
0022400794,333,MISS Green 1' Running Reverse Layup,1631128,1610612743,Christian Braun,2025
0022400794,349,MISS Green 24' 3PT Jump Shot,1631128,1610612743,Christian Braun,2025
0022400794,370,MISS Baugh 25' 3PT Jump Shot,1631128,1610612743,Christian Braun,2025
0022400794,547,MISS Smith Jr. 6' Turnaround Fadeaway Shot,1631128,1610612743,Christian Braun,2025
0022400794,581,MISS Green 14' Running Pull-Up Jump Shot,1631128,1610612743,Christian Braun,2025
0022400794,663,MISS Salaun Tip Layup Shot,1631128,1610612743,Christian Braun,2025
0022400794,80,MISS Jokic 25' 3PT Jump Shot,1641878,1610612766,Damion Baugh,2025
0022400794,91,Murray 25' 3PT Running Jump Shot (12 PTS) (Jokic 2 AST),1641878,1610612766,Damion Baugh,2025
0022400794,150,Nnaji 20' Jump Shot (2 PTS) (Westbrook 3 AST),1641878,1610612766,Damion Baugh,2025
0022400794,154,Jokic 25' 3PT Jump Shot (14 PTS) (Strawther 1 AST),1641878,1610612766,Damion Baugh,2025
0022400794,163,MISS Jokic 10' Tip Layup Shot,1641878,1610612766,Damion Baugh,2025
0022400794,260,MISS Westbrook 25' 3PT Jump Shot,1641878,1610612766,Damion Baugh,2025
0022400794,279,Gordon 3' Layup (6 PTS) (Westbrook 5 AST),1641878,1610612766,Damion Baugh,2025
0022400794,289,Strawther 27' 3PT Jump Shot (8 PTS) (Gordon 1 AST),1641878,1610612766,Damion Baugh,2025
0022400794,306,Braun 2' Driving Layup (5 PTS) (Jokic 5 AST),1641878,1610612766,Damion Baugh,2025
0022400794,317,Murray 26' 3PT Jump Shot (20 PTS) (Jokic 6 AST),1641878,1610612766,Damion Baugh,2025
0022400794,331,MISS Jokic 11' Jump Shot,1641878,1610612766,Damion Baugh,2025
0022400794,369,Jokic 2' Putback Layup (18 PTS),1641878,1610612766,Damion Baugh,2025
0022400794,415,Gordon 2' Driving Reverse Layup (14 PTS) (Murray 3 AST),1641878,1610612766,Damion Baugh,2025
0022400794,427,Gordon 3' Driving Layup (16 PTS),1641878,1610612766,Damion Baugh,2025
0022400794,472,MISS Westbrook 1' Driving Reverse Layup,1641878,1610612766,Damion Baugh,2025
0022400794,560,Jordan Tip Layup Shot (4 PTS),1641878,1610612766,Damion Baugh,2025
0022400794,575,Strawther 27' 3PT Jump Shot (16 PTS) (Westbrook 7 AST),1641878,1610612766,Damion Baugh,2025
0022400794,579,MISS Strawther 3PT Running Jump Shot,1641878,1610612766,Damion Baugh,2025
0022400794,587,MISS Westbrook 27' 3PT Jump Shot,1641878,1610612766,Damion Baugh,2025
0022400794,606,MISS Gordon 4' Driving Layup,1641878,1610612766,Damion Baugh,2025
0022400794,608,Gordon Tip Layup Shot (18 PTS),1641878,1610612766,Damion Baugh,2025
0022400794,614,Braun 2' Cutting Layup Shot (8 PTS) (Jokic 8 AST),1641878,1610612766,Damion Baugh,2025
0022400794,628,Jokic 2' Running Finger Roll Layup (27 PTS) (Braun 2 AST),1641878,1610612766,Damion Baugh,2025
0022400794,659,Braun 2' Running Dunk (10 PTS) (Porter Jr. 3 AST),1641878,1610612766,Damion Baugh,2025
0022400794,186,MISS Nurkic 26' 3PT Jump Shot,201599,1610612743,DeAndre Jordan,2025
0022400794,190,MISS Nurkic 5' Driving Floating Jump Shot,201599,1610612743,DeAndre Jordan,2025
0022400794,207,Nurkic 8' Turnaround Hook Shot (9 PTS) (Payton 3 AST),201599,1610612743,DeAndre Jordan,2025
0022400794,211,Curry 26' 3PT Jump Shot (5 PTS) (Nurkic 5 AST),201599,1610612743,DeAndre Jordan,2025
0022400794,229,MISS Nurkic 26' 3PT Jump Shot,201599,1610612743,DeAndre Jordan,2025
0022400794,506,MISS Nurkic 6' Driving Floating Jump Shot,201599,1610612743,DeAndre Jordan,2025
0022400794,511,MISS Curry 26' 3PT Jump Shot,201599,1610612743,DeAndre Jordan,2025
0022400794,515,MISS Nurkic 25' 3PT Jump Shot,201599,1610612743,DeAndre Jordan,2025
0022400794,537,MISS Payton 8' Driving Floating Jump Shot,201599,1610612743,DeAndre Jordan,2025
0022400794,32,Jokic 25' 3PT Pullup Jump Shot (3 PTS),203901,1610612766,Elfrid Payton,2025
0022400794,37,MISS Jokic 26' 3PT Pullup Jump Shot,203901,1610612766,Elfrid Payton,2025
0022400794,44,MISS Braun 5' Driving Reverse Layup,203901,1610612766,Elfrid Payton,2025
0022400794,48,MISS Braun 25' 3PT Jump Shot,203901,1610612766,Elfrid Payton,2025
0022400794,183,MISS Strawther 24' 3PT Jump Shot,203901,1610612766,Elfrid Payton,2025
0022400794,206,Murray 11' Driving Floating Jump Shot (17 PTS),203901,1610612766,Elfrid Payton,2025
0022400794,209,MISS Murray 13' Step Back Jump Shot,203901,1610612766,Elfrid Payton,2025
0022400794,223,MISS Murray 25' 3PT Jump Shot,203901,1610612766,Elfrid Payton,2025
0022400794,504,MISS Westbrook 3' Running Layup,203901,1610612766,Elfrid Payton,2025
0022400794,510,Strawther 27' 3PT Running Pull-Up Jump Shot (13 PTS),203901,1610612766,Elfrid Payton,2025
0022400794,531,MISS Murray 3' Driving Layup,203901,1610612766,Elfrid Payton,2025
0022400794,9,MISS Payton 1' Driving Layup,1627750,1610612743,Jamal Murray,2025
0022400794,11,Nurkic Tip Layup Shot (2 PTS),1627750,1610612743,Jamal Murray,2025
0022400794,14,Bridges 1' Cutting Dunk Shot (2 PTS) (Nurkic 1 AST),1627750,1610612743,Jamal Murray,2025
0022400794,26,MISS Green 27' 3PT Jump Shot,1627750,1610612743,Jamal Murray,2025
0022400794,33,Murray BLOCK (1 BLK),1627750,1610612743,Jamal Murray,2025
0022400794,58,MISS Bridges 11' Turnaround Fadeaway Shot,1627750,1610612743,Jamal Murray,2025
0022400794,130,Bridges 26' 3PT Jump Shot (9 PTS) (Smith Jr. 2 AST),1627750,1610612743,Jamal Murray,2025
0022400794,190,MISS Nurkic 5' Driving Floating Jump Shot,1627750,1610612743,Jamal Murray,2025
0022400794,195,MISS Payton 12' Driving Floating Jump Shot,1627750,1610612743,Jamal Murray,2025
0022400794,197,Nurkic 4' Putback Layup (6 PTS),1627750,1610612743,Jamal Murray,2025
0022400794,205,Curry 13' Driving Floating Jump Shot (2 PTS) (Nurkic 4 AST),1627750,1610612743,Jamal Murray,2025
0022400794,214,Curry 3' Driving Finger Roll Layup (7 PTS) (Nurkic 6 AST),1627750,1610612743,Jamal Murray,2025
0022400794,219,MISS Curry 20' Pullup Jump Shot,1627750,1610612743,Jamal Murray,2025
0022400794,319,Green Driving Finger Roll Layup (13 PTS) (Baugh 2 AST),1627750,1610612743,Jamal Murray,2025
0022400794,413,Bridges 1' Driving Layup (21 PTS) (Baugh 6 AST),1627750,1610612743,Jamal Murray,2025
0022400794,419,Murray BLOCK (2 BLK),1627750,1610612743,Jamal Murray,2025
0022400794,422,Bridges 6' Turnaround Hook Shot (23 PTS),1627750,1610612743,Jamal Murray,2025
0022400794,502,MISS Moore Jr. 15' Pullup Jump Shot,1627750,1610612743,Jamal Murray,2025
0022400794,530,Smith Jr. 12' Driving Floating Jump Shot (9 PTS),1627750,1610612743,Jamal Murray,2025
0022400794,655,MISS Smith Jr. 25' 3PT Pullup Jump Shot,1627750,1610612743,Jamal Murray,2025
0022400794,24,Murray 24' 3PT Jump Shot (3 PTS) (Jokic 1 AST),1630182,1610612766,Josh Green,2025
0022400794,41,Murray 24' 3PT Pullup Jump Shot (6 PTS),1630182,1610612766,Josh Green,2025
0022400794,56,Murray 25' 3PT Step Back Jump Shot (9 PTS),1630182,1610612766,Josh Green,2025
0022400794,279,Gordon 3' Layup (6 PTS) (Westbrook 5 AST),1630182,1610612766,Josh Green,2025
0022400794,351,MISS Porter Jr. 10' Turnaround Jump Shot,1630182,1610612766,Josh Green,2025
0022400794,369,Jokic 2' Putback Layup (18 PTS),1630182,1610612766,Josh Green,2025
0022400794,427,Gordon 3' Driving Layup (16 PTS),1630182,1610612766,Josh Green,2025
0022400794,606,MISS Gordon 4' Driving Layup,1630182,1610612766,Josh Green,2025
0022400794,608,Gordon Tip Layup Shot (18 PTS),1630182,1610612766,Josh Green,2025
0022400794,620,MISS Murray 26' 3PT Jump Shot,1630182,1610612766,Josh Green,2025
0022400794,624,MISS Porter Jr. Tip Layup Shot,1630182,1610612766,Josh Green,2025
0022400794,277,Green 3PT Running Jump Shot (6 PTS) (Smith Jr. 3 AST),1631124,1610612743,Julian Strawther,2025
0022400794,287,MISS Bridges 7' Driving Floating Jump Shot,1631124,1610612743,Julian Strawther,2025
0022400794,295,Green 3PT Jump Shot (9 PTS) (Baugh 1 AST),1631124,1610612743,Julian Strawther,2025
0022400794,299,Green 18' Pullup Jump Shot (11 PTS),1631124,1610612743,Julian Strawther,2025
0022400794,304,Baugh 2' Running Layup (7 PTS),1631124,1610612743,Julian Strawther,2025
0022400794,508,MISS Salaun Tip Layup Shot,1631124,1610612743,Julian Strawther,2025
0022400794,526,MISS Nurkic 6' Floating Jump Shot,1631124,1610612743,Julian Strawther,2025
0022400794,561,MISS Curry 25' 3PT Jump Shot,1631124,1610612743,Julian Strawther,2025
0022400794,12,MISS Jokic 25' 3PT Jump Shot,203994,1610612766,Jusuf Nurkić,2025
0022400794,22,MISS Porter Jr. 17' Pullup Jump Shot,203994,1610612766,Jusuf Nurkić,2025
0022400794,28,MISS Jokic 25' 3PT Jump Shot,203994,1610612766,Jusuf Nurkić,2025
0022400794,32,Jokic 25' 3PT Pullup Jump Shot (3 PTS),203994,1610612766,Jusuf Nurkić,2025
0022400794,50,MISS Porter Jr. 2' Putback Layup,203994,1610612766,Jusuf Nurkić,2025
0022400794,347,MISS Porter Jr. 15' Driving Floating Jump Shot,203994,1610612766,Jusuf Nurkić,2025
0022400794,351,MISS Porter Jr. 10' Turnaround Jump Shot,203994,1610612766,Jusuf Nurkić,2025
0022400794,358,MISS Jokic 26' 3PT Jump Shot,203994,1610612766,Jusuf Nurkić,2025
0022400794,364,Murray 15' Fadeaway Jumper (22 PTS),203994,1610612766,Jusuf Nurkić,2025
0022400794,373,Murray 3' Driving Finger Roll Layup (24 PTS) (Jokic 7 AST),203994,1610612766,Jusuf Nurkić,2025
0022400794,377,Murray 27' 3PT Pullup Jump Shot (27 PTS),203994,1610612766,Jusuf Nurkić,2025
0022400794,504,MISS Westbrook 3' Running Layup,203994,1610612766,Jusuf Nurkić,2025
0022400794,89,MISS Diabate 4' Driving Floating Jump Shot,1629008,1610612743,Michael Porter Jr.,2025
0022400794,122,Salaun 1' Driving Layup (2 PTS) (Bridges 1 AST),1629008,1610612743,Michael Porter Jr.,2025
0022400794,345,Green 24' 3PT Jump Shot (16 PTS) (Bridges 4 AST),1629008,1610612743,Michael Porter Jr.,2025
0022400794,397,Baugh 2' Driving Finger Roll Layup (9 PTS),1629008,1610612743,Michael Porter Jr.,2025
0022400794,399,MISS Smith Jr. 10' Driving Floating Jump Shot,1629008,1610612743,Michael Porter Jr.,2025
0022400794,425,Diabate 11' Driving Floating Jump Shot (6 PTS) (Green 1 AST),1629008,1610612743,Michael Porter Jr.,2025
0022400794,637,Smith Jr. 27' 3PT Jump Shot (16 PTS) (Bridges 7 AST),1629008,1610612743,Michael Porter Jr.,2025
0022400794,642,MISS Smith Jr. 2' Driving Layup,1629008,1610612743,Michael Porter Jr.,2025
0022400794,657,MISS Salaun Tip Dunk Shot,1629008,1610612743,Michael Porter Jr.,2025
0022400794,94,MISS Gordon 1' Driving Reverse Layup,1628970,1610612766,Miles Bridges,2025
0022400794,96,MISS Gordon Tip Layup Shot,1628970,1610612766,Miles Bridges,2025
0022400794,98,Gordon Putback Layup (2 PTS),1628970,1610612766,Miles Bridges,2025
0022400794,143,Jokic 17' Jump Shot (11 PTS) (Westbrook 2 AST),1628970,1610612766,Miles Bridges,2025
0022400794,302,MISS Westbrook 25' 3PT Jump Shot,1628970,1610612766,Miles Bridges,2025
0022400794,367,MISS Braun 3' Running Layup,1628970,1610612766,Miles Bridges,2025
0022400794,474,Nnaji Tip Dunk Shot (4 PTS),1628970,1610612766,Miles Bridges,2025
0022400794,583,MISS Braun 1' Running Layup,1628970,1610612766,Miles Bridges,2025
0022400794,622,MISS Gordon 9' Turnaround Jump Shot,1628970,1610612766,Miles Bridges,2025
0022400794,639,MISS Gordon 24' 3PT Jump Shot,1628970,1610612766,Miles Bridges,2025
0022400794,120,Jokic 25' 3PT Jump Shot (6 PTS) (Murray 1 AST),1631217,1610612766,Moussa Diabaté,2025
0022400794,124,MISS Murray 25' 3PT Step Back Jump Shot,1631217,1610612766,Moussa Diabaté,2025
0022400794,128,Jokic 26' 3PT Jump Shot (9 PTS) (Porter Jr. 1 AST),1631217,1610612766,Moussa Diabaté,2025
0022400794,154,Jokic 25' 3PT Jump Shot (14 PTS) (Strawther 1 AST),1631217,1610612766,Moussa Diabaté,2025
0022400794,160,MISS Westbrook 3' Driving Finger Roll Layup,1631217,1610612766,Moussa Diabaté,2025
0022400794,248,Strawther 2' Cutting Dunk Shot (2 PTS) (Westbrook 4 AST),1631217,1610612766,Moussa Diabaté,2025
0022400794,257,Jokic 12' Turnaround Jump Shot (16 PTS) (Strawther 2 AST),1631217,1610612766,Moussa Diabaté,2025
0022400794,264,Westbrook 3' Driving Layup (2 PTS) (Jokic 4 AST),1631217,1610612766,Moussa Diabaté,2025
0022400794,297,MISS Jokic 25' 3PT Jump Shot,1631217,1610612766,Moussa Diabaté,2025
0022400794,325,MISS Jokic 42' 3PT Floating Jump Shot,1631217,1610612766,Moussa Diabaté,2025
0022400794,391,MISS Murray 21' Fadeaway Jumper,1631217,1610612766,Moussa Diabaté,2025
0022400794,395,Jokic 26' 3PT Jump Shot (21 PTS) (Braun 1 AST),1631217,1610612766,Moussa Diabaté,2025
0022400794,398,Porter Jr. 2' Driving Dunk (4 PTS),1631217,1610612766,Moussa Diabaté,2025
0022400794,401,Porter Jr. 1' Cutting Dunk Shot (6 PTS) (Gordon 2 AST),1631217,1610612766,Moussa Diabaté,2025
0022400794,411,MISS Jokic 15' Fadeaway Jumper,1631217,1610612766,Moussa Diabaté,2025
0022400794,583,MISS Braun 1' Running Layup,1631217,1610612766,Moussa Diabaté,2025
0022400794,624,MISS Porter Jr. Tip Layup Shot,1631217,1610612766,Moussa Diabaté,2025
0022400794,628,Jokic 2' Running Finger Roll Layup (27 PTS) (Braun 2 AST),1631217,1610612766,Moussa Diabaté,2025
0022400794,636,Murray 19' Step Back Jump Shot (31 PTS),1631217,1610612766,Moussa Diabaté,2025
0022400794,653,Murray 26' 3PT Jump Shot (34 PTS) (Jokic 9 AST),1631217,1610612766,Moussa Diabaté,2025
0022400794,50,MISS Porter Jr. 2' Putback Layup,1641733,1610612766,Nick Smith Jr.,2025
0022400794,87,MISS Porter Jr. 3PT Jump Shot,1641733,1610612766,Nick Smith Jr.,2025
0022400794,252,Strawther 26' 3PT Jump Shot (5 PTS) (Jokic 3 AST),1641733,1610612766,Nick Smith Jr.,2025
0022400794,314,Gordon 2' Driving Layup (9 PTS),1641733,1610612766,Nick Smith Jr.,2025
0022400794,373,Murray 3' Driving Finger Roll Layup (24 PTS) (Jokic 7 AST),1641733,1610612766,Nick Smith Jr.,2025
0022400794,549,MISS Strawther 30' 3PT Jump Shot,1641733,1610612766,Nick Smith Jr.,2025
0022400794,558,MISS Westbrook 1' Driving Reverse Layup,1641733,1610612766,Nick Smith Jr.,2025
0022400794,560,Jordan Tip Layup Shot (4 PTS),1641733,1610612766,Nick Smith Jr.,2025
0022400794,641,Jokic 5' Putback Layup (29 PTS),1641733,1610612766,Nick Smith Jr.,2025
0022400794,9,MISS Payton 1' Driving Layup,203999,1610612743,Nikola Jokić,2025
0022400794,30,Nurkic 8' Floating Jump Shot (4 PTS) (Payton 1 AST),203999,1610612743,Nikola Jokić,2025
0022400794,39,MISS Nurkic 25' 3PT Jump Shot,203999,1610612743,Nikola Jokić,2025
0022400794,46,Bridges 2' Running Finger Roll Layup (4 PTS) (Payton 2 AST),203999,1610612743,Nikola Jokić,2025
0022400794,89,MISS Diabate 4' Driving Floating Jump Shot,203999,1610612743,Nikola Jokić,2025
0022400794,93,Bridges 1' Driving Finger Roll Layup (6 PTS),203999,1610612743,Nikola Jokić,2025
0022400794,122,Salaun 1' Driving Layup (2 PTS) (Bridges 1 AST),203999,1610612743,Nikola Jokić,2025
0022400794,126,Diabate 3' Cutting Layup Shot (2 PTS) (Bridges 2 AST),203999,1610612743,Nikola Jokić,2025
0022400794,152,MISS Diabate 4' Driving Bank Hook Shot,203999,1610612743,Nikola Jokić,2025
0022400794,262,MISS Diabate 8' Turnaround Jump Shot,203999,1610612743,Nikola Jokić,2025
0022400794,271,MISS Bridges 26' 3PT Jump Shot,203999,1610612743,Nikola Jokić,2025
0022400794,285,MISS Diabate 2' Cutting Dunk Shot,203999,1610612743,Nikola Jokić,2025
0022400794,287,MISS Bridges 7' Driving Floating Jump Shot,203999,1610612743,Nikola Jokić,2025
0022400794,291,Jokic BLOCK (1 BLK),203999,1610612743,Nikola Jokić,2025
0022400794,323,Smith Jr. 3' Running Layup (5 PTS) (Bridges 3 AST),203999,1610612743,Nikola Jokić,2025
0022400794,365,MISS Green 15' Pullup Jump Shot,203999,1610612743,Nikola Jokić,2025
0022400794,375,Green 24' 3PT Jump Shot (19 PTS) (Baugh 3 AST),203999,1610612743,Nikola Jokić,2025
0022400794,399,MISS Smith Jr. 10' Driving Floating Jump Shot,203999,1610612743,Nikola Jokić,2025
0022400794,428,Bridges 29' 3PT Pullup Jump Shot (26 PTS),203999,1610612743,Nikola Jokić,2025
0022400794,461,Diabate 4' Cutting Layup Shot (8 PTS) (Bridges 6 AST),203999,1610612743,Nikola Jokić,2025
0022400794,480,MISS Diabate 2' Tip Layup Shot,203999,1610612743,Nikola Jokić,2025
0022400794,577,MISS Diabate 2' Turnaround Hook Shot,203999,1610612743,Nikola Jokić,2025
0022400794,585,MISS Diabate 11' Floating Jump Shot,203999,1610612743,Nikola Jokić,2025
0022400794,661,MISS Moore Jr. 26' 3PT Pullup Jump Shot,203999,1610612743,Nikola Jokić,2025
0022400794,115,Baugh Driving Layup (2 PTS),201566,1610612743,Russell Westbrook,2025
0022400794,315,MISS Green 25' 3PT Jump Shot,201566,1610612743,Russell Westbrook,2025
0022400794,458,MISS Moore Jr. Tip Layup Shot,201566,1610612743,Russell Westbrook,2025
0022400794,461,Diabate 4' Cutting Layup Shot (8 PTS) (Bridges 6 AST),201566,1610612743,Russell Westbrook,2025
0022400794,475,MISS Bridges 9' Driving Floating Jump Shot,201566,1610612743,Russell Westbrook,2025
0022400794,480,MISS Diabate 2' Tip Layup Shot,201566,1610612743,Russell Westbrook,2025
0022400794,511,MISS Curry 26' 3PT Jump Shot,201566,1610612743,Russell Westbrook,2025
0022400794,556,MISS Smith Jr. 26' 3PT Jump Shot,201566,1610612743,Russell Westbrook,2025
0022400794,595,Bridges 1' Driving Floating Jump Shot (31 PTS) (Green 2 AST),201566,1610612743,Russell Westbrook,2025
0022400794,513,MISS Strawther 10' Driving Floating Jump Shot,203552,1610612766,Seth Curry,2025
0022400794,94,MISS Gordon 1' Driving Reverse Layup,1642275,1610612766,Tidjane Salaün,2025
0022400794,96,MISS Gordon Tip Layup Shot,1642275,1610612766,Tidjane Salaün,2025
0022400794,98,Gordon Putback Layup (2 PTS),1642275,1610612766,Tidjane Salaün,2025
0022400794,116,Gordon 1' Cutting Dunk Shot (4 PTS) (Westbrook 1 AST),1642275,1610612766,Tidjane Salaün,2025
0022400794,147,Braun 3' Running Layup (3 PTS),1642275,1610612766,Tidjane Salaün,2025
0022400794,160,MISS Westbrook 3' Driving Finger Roll Layup,1642275,1610612766,Tidjane Salaün,2025
0022400794,221,MISS Porter Jr. 27' 3PT Running Jump Shot,1642275,1610612766,Tidjane Salaün,2025
0022400794,227,MISS Nnaji 3PT Jump Shot,1642275,1610612766,Tidjane Salaün,2025
0022400794,415,Gordon 2' Driving Reverse Layup (14 PTS) (Murray 3 AST),1642275,1610612766,Tidjane Salaün,2025
0022400794,423,Jokic 27' 3PT Step Back Jump Shot (24 PTS) (Porter Jr. 2 AST),1642275,1610612766,Tidjane Salaün,2025
0022400794,496,MISS Strawther 8' Driving Floating Bank Jump Shot,1642275,1610612766,Tidjane Salaün,2025
0022400794,545,Jordan 2' Dunk (2 PTS) (Westbrook 6 AST),1642275,1610612766,Tidjane Salaün,2025
0022400794,558,MISS Westbrook 1' Driving Reverse Layup,1642275,1610612766,Tidjane Salaün,2025
0022400794,560,Jordan Tip Layup Shot (4 PTS),1642275,1610612766,Tidjane Salaün,2025
0022400794,192,Murray Driving Finger Roll Layup (15 PTS),1631111,1610612766,Wendell Moore Jr.,2025
0022400794,203,MISS Porter Jr. 24' Jump Shot,1631111,1610612766,Wendell Moore Jr.,2025
0022400794,216,MISS Porter Jr. 25' 3PT Jump Shot,1631111,1610612766,Wendell Moore Jr.,2025
0022400794,460,Westbrook 9' Turnaround Fadeaway Bank Jump Shot (5 PTS),1631111,1610612766,Wendell Moore Jr.,2025
0022400794,472,MISS Westbrook 1' Driving Reverse Layup,1631111,1610612766,Wendell Moore Jr.,2025
0022400794,148,MISS Bridges 14' Turnaround Fadeaway Shot,1630192,1610612743,Zeke Nnaji,2025
0022400794,197,Nurkic 4' Putback Layup (6 PTS),1630192,1610612743,Zeke Nnaji,2025
0022400794,225,MISS Salaun 26' 3PT Jump Shot,1630192,1610612743,Zeke Nnaji,2025
0022400794,438,Bridges 25' 3PT Jump Shot (29 PTS),1630192,1610612743,Zeke Nnaji,2025
0022400794,456,MISS Bridges 25' 3PT Step Back Jump Shot,1630192,1610612743,Zeke Nnaji,2025
0022400794,471,Baugh 1' Driving Finger Roll Layup (14 PTS),1630192,1610612743,Zeke Nnaji,2025
0022400794,519,MISS Moore Jr. 1' Driving Reverse Layup,1630192,1610612743,Zeke Nnaji,2025
0022400794,551,MISS Salaun 28' 3PT Jump Shot,1630192,1610612743,Zeke Nnaji,2025
0022400788,11,Jackson Jr. 11' Pullup Jump Shot (2 PTS) (Morant 1 AST),1630174,1610612754,Aaron Nesmith,2025
0022400788,32,MISS Morant 7' Running Layup,1630174,1610612754,Aaron Nesmith,2025
0022400788,59,MISS Bane 16' Pullup Jump Shot,1630174,1610612754,Aaron Nesmith,2025
0022400788,75,MISS Morant 9' Pullup Jump Shot,1630174,1610612754,Aaron Nesmith,2025
0022400788,159,MISS Aldama 25' 3PT Pullup Jump Shot,1630174,1610612754,Aaron Nesmith,2025
0022400788,260,Nesmith BLOCK (1 BLK),1630174,1610612754,Aaron Nesmith,2025
0022400788,277,Williams Jr. 26' 3PT Step Back Jump Shot (5 PTS),1630174,1610612754,Aaron Nesmith,2025
0022400788,442,Wells 3PT Running Jump Shot (12 PTS) (Jackson Jr. 4 AST),1630174,1610612754,Aaron Nesmith,2025
0022400788,700,Morant 6' Driving Floating Bank Jump Shot (12 PTS),1630174,1610612754,Aaron Nesmith,2025
0022400788,25,MISS Morant 29' 3PT Jump Shot,1629614,1610612754,Andrew Nembhard,2025
0022400788,32,MISS Morant 7' Running Layup,1629614,1610612754,Andrew Nembhard,2025
0022400788,42,Morant 3' Driving Layup (2 PTS) (Bane 2 AST),1629614,1610612754,Andrew Nembhard,2025
0022400788,47,Bane 27' 3PT Pullup Jump Shot (3 PTS),1629614,1610612754,Andrew Nembhard,2025
0022400788,96,MISS Morant 25' 3PT Jump Shot,1629614,1610612754,Andrew Nembhard,2025
0022400788,303,MISS Morant 3' Driving Layup,1629614,1610612754,Andrew Nembhard,2025
0022400788,339,MISS Bane 26' 3PT Step Back Jump Shot,1629614,1610612754,Andrew Nembhard,2025
0022400788,393,Turner BLOCK (1 BLK),1629614,1610612754,Andrew Nembhard,2025
0022400788,405,MISS Bane 11' Driving Floating Jump Shot,1629614,1610612754,Andrew Nembhard,2025
0022400788,425,Turner BLOCK (2 BLK),1629614,1610612754,Andrew Nembhard,2025
0022400788,460,Bane 27' 3PT Running Pull-Up Jump Shot (13 PTS) (Morant 3 AST),1629614,1610612754,Andrew Nembhard,2025
0022400788,642,MISS Morant 34' 3PT Jump Shot,1629614,1610612754,Andrew Nembhard,2025
0022400788,709,Turner BLOCK (7 BLK),1629614,1610612754,Andrew Nembhard,2025
0022400788,721,MISS Bane 12' Driving Floating Bank Jump Shot,1629614,1610612754,Andrew Nembhard,2025
0022400788,515,MISS Morant 7' Pullup Jump Shot,1641767,1610612754,Ben Sheppard,2025
0022400788,543,Bane 13' Driving Floating Jump Shot (17 PTS) (Kennard 3 AST),1641767,1610612754,Ben Sheppard,2025
0022400788,586,Jackson 30' 3PT Jump Shot (5 PTS) (Aldama 2 AST),1641767,1610612754,Ben Sheppard,2025
0022400788,624,Bane 9' Driving Floating Jump Shot (21 PTS),1641767,1610612754,Ben Sheppard,2025
0022400788,631,MISS Jackson 3PT Jump Shot,1641767,1610612754,Ben Sheppard,2025
0022400788,752,MISS Jackson 6' Driving Layup,1641767,1610612754,Ben Sheppard,2025
0022400788,129,Kennard 26' 3PT Running Jump Shot (3 PTS) (Bane 4 AST),1631097,1610612754,Bennedict Mathurin,2025
0022400788,141,Clarke 3' Cutting Layup Shot (4 PTS) (Kennard 1 AST),1631097,1610612754,Bennedict Mathurin,2025
0022400788,199,Kennard 3PT Jump Shot (6 PTS) (Bane 6 AST),1631097,1610612754,Bennedict Mathurin,2025
0022400788,203,MISS Bane 8' Running Pull-Up Jump Shot,1631097,1610612754,Bennedict Mathurin,2025
0022400788,221,Jackson 4' Cutting Layup Shot (2 PTS) (Kennard 2 AST),1631097,1610612754,Bennedict Mathurin,2025
0022400788,513,Jackson Jr. 12' Driving Floating Jump Shot (18 PTS),1631097,1610612754,Bennedict Mathurin,2025
0022400788,528,MISS Jackson 8' Driving Layup,1631097,1610612754,Bennedict Mathurin,2025
0022400788,561,MISS Bane 18' Pullup Jump Shot,1631097,1610612754,Bennedict Mathurin,2025
0022400788,624,Bane 9' Driving Floating Jump Shot (21 PTS),1631097,1610612754,Bennedict Mathurin,2025
0022400788,627,MISS Aldama 26' 3PT Jump Shot,1631097,1610612754,Bennedict Mathurin,2025
0022400788,629,Mathurin BLOCK (1 BLK),1631097,1610612754,Bennedict Mathurin,2025
