gi,ei,dsc,def_id,team_id,player_name,year
0022400018,150,MISS Mitchell 7' Driving Layup,1626145,1610612756,Tyus Jones,2025
0022400018,158,MISS Gilgeous-Alexander 26' 3PT Step Back Jump Shot,1626145,1610612756,Tyus Jones,2025
0022400018,175,MISS Mitchell 5' Running Layup,1626145,1610612756,Tyus Jones,2025
0022400018,241,Wallace 2' Cutting Layup Shot (5 PTS) (Mitchell 1 AST),1626145,1610612756,Tyus Jones,2025
0022400018,253,MISS Mitchell 27' 3PT Pullup Jump Shot,1626145,1610612756,Tyus Jones,2025
0022400018,393,J. Williams 2' Running Finger Roll Layup (6 PTS),1626145,1610612756,Tyus Jones,2025
0022400018,437,J. Williams 6' Driving Floating Jump Shot (10 PTS),1626145,1610612756,Tyus Jones,2025
0022400018,499,Gilgeous-Alexander 3' Driving Finger Roll Layup (24 PTS),1626145,1610612756,Tyus Jones,2025
0022400018,558,MISS Wiggins 7' Floating Jump Shot,1626145,1610612756,Tyus Jones,2025
0022400010,81,MISS Oubre Jr. 3' Tip Layup Shot,1641710,1610612753,Anthony Black,2025
0022400010,102,MISS C. Martin 23' Jump Shot,1641710,1610612753,Anthony Black,2025
0022400010,145,MISS McCain 3PT Jump Shot,1641710,1610612753,Anthony Black,2025
0022400010,162,Yabusele 4' Running Layup (4 PTS) (Gordon 1 AST),1641710,1610612753,Anthony Black,2025
0022400010,465,MISS Lowry 8' Driving Hook Shot,1641710,1610612753,Anthony Black,2025
0022400010,471,MISS Embiid 18' Fadeaway Jumper,1641710,1610612753,Anthony Black,2025
0022400010,517,MISS McCain 3PT Jump Shot,1641710,1610612753,Anthony Black,2025
0022400010,544,MISS Embiid 27' 3PT Pullup Jump Shot,1641710,1610612753,Anthony Black,2025
0022400010,33,MISS da Silva 3PT Jump Shot,1628997,1610612755,Caleb Martin,2025
0022400010,41,MISS Suggs 3PT Jump Shot,1628997,1610612755,Caleb Martin,2025
0022400010,45,Suggs 3' Putback Layup (2 PTS),1628997,1610612755,Caleb Martin,2025
0022400010,220,MISS Suggs 27' 3PT Running Jump Shot,1628997,1610612755,Caleb Martin,2025
0022400010,264,MISS F. Wagner 24' 3PT Jump Shot,1628997,1610612755,Caleb Martin,2025
0022400010,276,MISS F. Wagner 12' Pullup Jump Shot,1628997,1610612755,Caleb Martin,2025
0022400010,291,F. Wagner 4' Running Layup (14 PTS) (Suggs 1 AST),1628997,1610612755,Caleb Martin,2025
0022400010,296,F. Wagner 10' Driving Hook Shot (16 PTS),1628997,1610612755,Caleb Martin,2025
0022400010,323,Caldwell-Pope 26' 3PT Pullup Jump Shot (5 PTS) (F. Wagner 4 AST),1628997,1610612755,Caleb Martin,2025
0022400010,340,F. Wagner 26' 3PT Step Back Jump Shot (19 PTS),1628997,1610612755,Caleb Martin,2025
0022400010,361,MISS F. Wagner 6' Driving Layup,1628997,1610612755,Caleb Martin,2025
0022400010,378,F. Wagner 11' Driving Floating Jump Shot (21 PTS),1628997,1610612755,Caleb Martin,2025
0022400010,387,da Silva 3' Running Dunk (4 PTS) (Suggs 2 AST),1628997,1610612755,Caleb Martin,2025
0022400010,601,M. Wagner 3' Running Layup (14 PTS),1628997,1610612755,Caleb Martin,2025
0022400010,627,MISS M. Wagner 3' Running Layup,1628997,1610612755,Caleb Martin,2025
0022400010,629,Isaac Tip Dunk Shot (11 PTS),1628997,1610612755,Caleb Martin,2025
0022400010,249,Lowry 6' Driving Floating Jump Shot (4 PTS) (McCain 4 AST),1630175,1610612753,Cole Anthony,2025
0022400010,668,K. Martin 3' Running Dunk (3 PTS) (Council IV 1 AST),202709,1610612753,Cory Joseph,2025
0022400010,227,Isaac 1' Putback Layup (5 PTS),201569,1610612755,Eric Gordon,2025
0022400010,447,MISS F. Wagner 17' Pullup Jump Shot,201569,1610612755,Eric Gordon,2025
0022400010,473,MISS F. Wagner 28' 3PT Running Pull-Up Jump Shot,201569,1610612755,Eric Gordon,2025
0022400010,629,Isaac Tip Dunk Shot (11 PTS),201569,1610612755,Eric Gordon,2025
0022400010,14,F. Wagner BLOCK (1 BLK),1630532,1610612753,Franz Wagner,2025
0022400010,85,Oubre Jr. 26' 3PT Running Jump Shot (5 PTS) (George 2 AST),1630532,1610612753,Franz Wagner,2025
0022400010,278,McCain 29' 3PT Running Jump Shot (7 PTS) (George 3 AST),1630532,1610612753,Franz Wagner,2025
0022400010,289,MISS George 3PT Running Jump Shot,1630532,1610612753,Franz Wagner,2025
0022400010,352,MISS George 24' 3PT Jump Shot,1630532,1610612753,Franz Wagner,2025
0022400010,385,MISS McCain 3PT Jump Shot,1630532,1610612753,Franz Wagner,2025
0022400010,393,McCain 25' 3PT Jump Shot (20 PTS) (George 4 AST),1630532,1610612753,Franz Wagner,2025
0022400010,450,MISS Gordon 28' 3PT Jump Shot,1630532,1610612753,Franz Wagner,2025
0022400010,471,MISS Embiid 18' Fadeaway Jumper,1630532,1610612753,Franz Wagner,2025
0022400010,548,MISS McCain 4' Running Layup,1630532,1610612753,Franz Wagner,2025
0022400010,566,MISS Embiid 13' Turnaround Jump Shot,1630532,1610612753,Franz Wagner,2025
0022400010,575,McCain 25' 3PT Jump Shot (27 PTS) (C. Martin 1 AST),1630532,1610612753,Franz Wagner,2025
0022400010,616,MISS Embiid 13' Turnaround Jump Shot,1630532,1610612753,Franz Wagner,2025
0022400010,630,MISS Gordon 25' 3PT Jump Shot,1630532,1610612753,Franz Wagner,2025
0022400010,112,MISS Gordon 7' Driving Floating Jump Shot,203914,1610612753,Gary Harris,2025
0022400010,174,McCain 3' Running Dunk (4 PTS) (Yabusele 1 AST),203914,1610612753,Gary Harris,2025
0022400010,471,MISS Embiid 18' Fadeaway Jumper,203914,1610612753,Gary Harris,2025
0022400010,18,Embiid 14' Turnaround Jump Shot (4 PTS) (McCain 1 AST),1629048,1610612753,Goga Bitadze,2025
0022400010,22,Bitadze BLOCK (1 BLK),1629048,1610612753,Goga Bitadze,2025
0022400010,26,MISS George 25' 3PT Pullup Jump Shot,1629048,1610612753,Goga Bitadze,2025
0022400010,59,Embiid 4' Driving Layup (6 PTS),1629048,1610612753,Goga Bitadze,2025
0022400010,68,Oubre Jr. 2' Cutting Dunk Shot (2 PTS) (George 1 AST),1629048,1610612753,Goga Bitadze,2025
0022400010,79,MISS Yabusele 5' Driving Layup,1629048,1610612753,Goga Bitadze,2025
0022400010,94,MISS George 26' 3PT Step Back Jump Shot,1629048,1610612753,Goga Bitadze,2025
0022400010,222,MISS Drummond 5' Reverse Layup,1629048,1610612753,Goga Bitadze,2025
0022400010,228,MISS George 9' Driving Floating Jump Shot,1629048,1610612753,Goga Bitadze,2025
0022400010,240,Drummond 3' Alley Oop Layup (2 PTS) (Lowry 1 AST),1629048,1610612753,Goga Bitadze,2025
0022400010,249,Lowry 6' Driving Floating Jump Shot (4 PTS) (McCain 4 AST),1629048,1610612753,Goga Bitadze,2025
0022400010,266,MISS George 4' Driving Layup,1629048,1610612753,Goga Bitadze,2025
0022400010,273,MISS Embiid 25' 3PT Jump Shot,1629048,1610612753,Goga Bitadze,2025
0022400010,336,George 24' 3PT Jump Shot (6 PTS) (Lowry 2 AST),1629048,1610612753,Goga Bitadze,2025
0022400010,337,MISS Embiid 29' 3PT Jump Shot,1629048,1610612753,Goga Bitadze,2025
0022400010,345,MISS Embiid 20' Step Back Jump Shot,1629048,1610612753,Goga Bitadze,2025
0022400010,356,MISS George 26' 3PT Running Pull-Up Jump Shot,1629048,1610612753,Goga Bitadze,2025
0022400010,363,McCain 3PT Jump Shot (17 PTS),1629048,1610612753,Goga Bitadze,2025
0022400010,389,MISS Embiid 25' 3PT Jump Shot,1629048,1610612753,Goga Bitadze,2025
0022400010,544,MISS Embiid 27' 3PT Pullup Jump Shot,1629048,1610612753,Goga Bitadze,2025
0022400010,566,MISS Embiid 13' Turnaround Jump Shot,1629048,1610612753,Goga Bitadze,2025
0022400010,100,Caldwell-Pope 3' Cutting Layup Shot (2 PTS) (F. Wagner 2 AST),1627824,1610612755,Guerschon Yabusele,2025
0022400010,114,M. Wagner 2' Cutting Layup Shot (2 PTS) (F. Wagner 3 AST),1627824,1610612755,Guerschon Yabusele,2025
0022400010,133,MISS Isaac 24' 3PT Jump Shot,1627824,1610612755,Guerschon Yabusele,2025
0022400010,197,F. Wagner 2' Running Layup (12 PTS),1627824,1610612755,Guerschon Yabusele,2025
0022400010,200,Isaac 26' 3PT Jump Shot (3 PTS) (M. Wagner 1 AST),1627824,1610612755,Guerschon Yabusele,2025
0022400010,402,F. Wagner 27' 3PT Step Back Jump Shot (24 PTS) (M. Wagner 2 AST),1627824,1610612755,Guerschon Yabusele,2025
0022400010,406,MISS F. Wagner 3PT Jump Shot,1627824,1610612755,Guerschon Yabusele,2025
0022400010,416,M. Wagner 6' Driving Finger Roll Layup (5 PTS) (Suggs 3 AST),1627824,1610612755,Guerschon Yabusele,2025
0022400010,424,MISS Suggs 26' 3PT Step Back Jump Shot,1627824,1610612755,Guerschon Yabusele,2025
0022400010,452,M. Wagner 5' Driving Layup (7 PTS),1627824,1610612755,Guerschon Yabusele,2025
0022400010,504,M. Wagner 27' 3PT Jump Shot (12 PTS) (Black 1 AST),1627824,1610612755,Guerschon Yabusele,2025
0022400010,608,F. Wagner 26' 3PT Step Back Jump Shot (31 PTS),1627824,1610612755,Guerschon Yabusele,2025
0022400010,666,MISS Houstan 27' 3PT Jump Shot,1627824,1610612755,Guerschon Yabusele,2025
0022400010,671,MISS Anthony 29' 3PT Jump Shot,1627824,1610612755,Guerschon Yabusele,2025
0022400010,168,McCain 4' Driving Layup (2 PTS),1630591,1610612753,Jalen Suggs,2025
0022400010,293,MISS McCain 26' 3PT Pullup Jump Shot,1630591,1610612753,Jalen Suggs,2025
0022400010,490,Suggs BLOCK (1 BLK),1630591,1610612753,Jalen Suggs,2025
0022400010,541,Bitadze BLOCK (2 BLK),1630591,1610612753,Jalen Suggs,2025
0022400010,582,McCain 3' Driving Layup (29 PTS),1630591,1610612753,Jalen Suggs,2025
0022400010,20,F. Wagner 25' 3PT Jump Shot (3 PTS) (Bitadze 1 AST),1642272,1610612755,Jared McCain,2025
0022400010,45,Suggs 3' Putback Layup (2 PTS),1642272,1610612755,Jared McCain,2025
0022400010,50,Suggs 15' Jump Shot (4 PTS),1642272,1610612755,Jared McCain,2025
0022400010,60,Suggs 3' Driving Layup (6 PTS),1642272,1610612755,Jared McCain,2025
0022400010,143,MISS Black 10' Turnaround Hook Shot,1642272,1610612755,Jared McCain,2025
0022400010,164,MISS Isaac 3PT Jump Shot,1642272,1610612755,Jared McCain,2025
0022400010,291,F. Wagner 4' Running Layup (14 PTS) (Suggs 1 AST),1642272,1610612755,Jared McCain,2025
0022400010,312,MISS Suggs 30' 3PT Jump Shot,1642272,1610612755,Jared McCain,2025
0022400010,434,MISS F. Wagner 8' Floating Jump Shot,1642272,1610612755,Jared McCain,2025
0022400010,510,MISS Black 7' Driving Layup,1642272,1610612755,Jared McCain,2025
0022400010,523,Suggs 4' Driving Layup (10 PTS),1642272,1610612755,Jared McCain,2025
0022400010,546,MISS F. Wagner 18' Turnaround Jump Shot,1642272,1610612755,Jared McCain,2025
0022400010,581,Suggs 3' Running Layup (16 PTS),1642272,1610612755,Jared McCain,2025
0022400010,100,Caldwell-Pope 3' Cutting Layup Shot (2 PTS) (F. Wagner 2 AST),1630288,1610612755,Jeff Dowtin Jr.,2025
0022400010,678,Howard 27' 3PT Jump Shot (3 PTS) (Joseph 1 AST),1630288,1610612755,Jeff Dowtin Jr.,2025
0022400010,657,Howard BLOCK (1 BLK),1641724,1610612753,Jett Howard,2025
0022400010,12,MISS Suggs 19' Pullup Jump Shot,203954,1610612755,Joel Embiid,2025
0022400010,28,MISS F. Wagner 5' Driving Layup,203954,1610612755,Joel Embiid,2025
0022400010,67,F. Wagner 6' Driving Floating Jump Shot (7 PTS),203954,1610612755,Joel Embiid,2025
0022400010,129,MISS M. Wagner 26' 3PT Jump Shot,203954,1610612755,Joel Embiid,2025
0022400010,147,MISS Suggs 3PT Running Pull-Up Jump Shot,203954,1610612755,Joel Embiid,2025
0022400010,152,MISS Suggs 24' 3PT Jump Shot,203954,1610612755,Joel Embiid,2025
0022400010,276,MISS F. Wagner 12' Pullup Jump Shot,203954,1610612755,Joel Embiid,2025
0022400010,296,F. Wagner 10' Driving Hook Shot (16 PTS),203954,1610612755,Joel Embiid,2025
0022400010,347,MISS Caldwell-Pope 3PT Jump Shot,203954,1610612755,Joel Embiid,2025
0022400010,467,Black 6' Running Layup (2 PTS),203954,1610612755,Joel Embiid,2025
0022400010,523,Suggs 4' Driving Layup (10 PTS),203954,1610612755,Joel Embiid,2025
0022400010,596,MISS Caldwell-Pope 24' 3PT Jump Shot,203954,1610612755,Joel Embiid,2025
0022400010,618,MISS F. Wagner 28' 3PT Pullup Jump Shot,203954,1610612755,Joel Embiid,2025
0022400010,125,Embiid 9' Driving Floating Jump Shot (10 PTS),1628371,1610612753,Jonathan Isaac,2025
0022400010,170,Embiid 19' Jump Shot (12 PTS),1628371,1610612753,Jonathan Isaac,2025
0022400010,188,Embiid 3' Layup (14 PTS) (McCain 3 AST),1628371,1610612753,Jonathan Isaac,2025
0022400010,217,Isaac BLOCK (1 BLK),1628371,1610612753,Jonathan Isaac,2025
0022400010,222,MISS Drummond 5' Reverse Layup,1628371,1610612753,Jonathan Isaac,2025
0022400010,286,McCain 5' Driving Layup (9 PTS),1628371,1610612753,Jonathan Isaac,2025
0022400010,310,George 25' 3PT Jump Shot (3 PTS) (Embiid 2 AST),1628371,1610612753,Jonathan Isaac,2025
0022400010,465,MISS Lowry 8' Driving Hook Shot,1628371,1610612753,Jonathan Isaac,2025
0022400010,502,MISS Embiid 8' Turnaround Hook Shot,1628371,1610612753,Jonathan Isaac,2025
0022400010,521,MISS McCain 25' 3PT Running Jump Shot,1628371,1610612753,Jonathan Isaac,2025
0022400010,67,F. Wagner 6' Driving Floating Jump Shot (7 PTS),1626162,1610612755,Kelly Oubre Jr.,2025
0022400010,78,Bitadze 2' Tip Dunk Shot (2 PTS),1626162,1610612755,Kelly Oubre Jr.,2025
0022400010,104,F. Wagner 27' 3PT Pullup Jump Shot (10 PTS),1626162,1610612755,Kelly Oubre Jr.,2025
0022400010,147,MISS Suggs 3PT Running Pull-Up Jump Shot,1626162,1610612755,Kelly Oubre Jr.,2025
0022400010,158,MISS Suggs 9' Driving Floating Jump Shot,1626162,1610612755,Kelly Oubre Jr.,2025
0022400010,171,MISS Black 13' Pullup Jump Shot,1626162,1610612755,Kelly Oubre Jr.,2025
0022400010,193,MISS Suggs 4' Cutting Layup Shot,1626162,1610612755,Kelly Oubre Jr.,2025
0022400010,467,Black 6' Running Layup (2 PTS),1626162,1610612755,Kelly Oubre Jr.,2025
0022400010,512,MISS Black 3PT Jump Shot,1626162,1610612755,Kelly Oubre Jr.,2025
0022400010,51,Lowry 4' Driving Layup (2 PTS) (Embiid 1 AST),203484,1610612753,Kentavious Caldwell-Pope,2025
0022400010,98,MISS Oubre Jr. 3PT Jump Shot,203484,1610612753,Kentavious Caldwell-Pope,2025
0022400010,244,MISS C. Martin 23' Pullup Jump Shot,203484,1610612753,Kentavious Caldwell-Pope,2025
0022400010,259,MISS Lowry 29' 3PT Jump Shot,203484,1610612753,Kentavious Caldwell-Pope,2025
0022400010,585,George 15' Step Back Jump Shot (13 PTS),203484,1610612753,Kentavious Caldwell-Pope,2025
0022400010,609,MISS George 26' 3PT Step Back Jump Shot,203484,1610612753,Kentavious Caldwell-Pope,2025
0022400010,78,Bitadze 2' Tip Dunk Shot (2 PTS),200768,1610612755,Kyle Lowry,2025
0022400010,83,MISS Caldwell-Pope 2' Running Layup,200768,1610612755,Kyle Lowry,2025
0022400010,291,F. Wagner 4' Running Layup (14 PTS) (Suggs 1 AST),200768,1610612755,Kyle Lowry,2025
0022400010,343,Caldwell-Pope 26' 3PT Jump Shot (8 PTS) (F. Wagner 5 AST),200768,1610612755,Kyle Lowry,2025
0022400010,611,Suggs 29' 3PT Jump Shot (19 PTS) (F. Wagner 6 AST),200768,1610612755,Kyle Lowry,2025
0022400010,632,MISS F. Wagner 21' Pullup Jump Shot,200768,1610612755,Kyle Lowry,2025
0022400010,135,Gordon 3' Running Reverse Layup (2 PTS) (Dowtin Jr. 1 AST),1629021,1610612753,Moritz Wagner,2025
0022400010,149,Yabusele 2' Running Dunk (2 PTS) (McCain 2 AST),1629021,1610612753,Moritz Wagner,2025
0022400010,198,MISS Yabusele 26' 3PT Jump Shot,1629021,1610612753,Moritz Wagner,2025
0022400010,412,George 25' 3PT Pullup Jump Shot (11 PTS),1629021,1610612753,Moritz Wagner,2025
0022400010,28,MISS F. Wagner 5' Driving Layup,202331,1610612755,Paul George,2025
0022400010,43,MISS F. Wagner 28' 3PT Pullup Jump Shot,202331,1610612755,Paul George,2025
0022400010,76,MISS Caldwell-Pope 27' 3PT Jump Shot,202331,1610612755,Paul George,2025
0022400010,87,da Silva 13' Turnaround Jump Shot (2 PTS) (F. Wagner 1 AST),202331,1610612755,Paul George,2025
0022400010,104,F. Wagner 27' 3PT Pullup Jump Shot (10 PTS),202331,1610612755,Paul George,2025
0022400010,114,M. Wagner 2' Cutting Layup Shot (2 PTS) (F. Wagner 3 AST),202331,1610612755,Paul George,2025
0022400010,225,MISS Suggs 26' 3PT Jump Shot,202331,1610612755,Paul George,2025
0022400010,238,MISS Caldwell-Pope 14' Turnaround Jump Shot,202331,1610612755,Paul George,2025
0022400010,242,MISS Anthony 5' Driving Floating Jump Shot,202331,1610612755,Paul George,2025
0022400010,284,Isaac 10' Turnaround Jump Shot (7 PTS) (Caldwell-Pope 1 AST),202331,1610612755,Paul George,2025
0022400010,367,MISS da Silva 3PT Jump Shot,202331,1610612755,Paul George,2025
0022400010,577,MISS F. Wagner 28' 3PT Jump Shot,202331,1610612755,Paul George,2025
0022400010,583,MISS Caldwell-Pope 26' 3PT Jump Shot,202331,1610612755,Paul George,2025
0022400010,31,MISS George 4' Driving Layup,1641783,1610612753,Tristan da Silva,2025
0022400010,349,McCain 24' 3PT Running Jump Shot (12 PTS) (Lowry 3 AST),1641783,1610612753,Tristan da Silva,2025
0022400010,358,McCain 2' Layup (14 PTS),1641783,1610612753,Tristan da Silva,2025
0022400020,13,Gobert 1' Dunk (2 PTS),203458,1610612758,Alex Len,2025
0022400020,21,MISS McDaniels 3PT Jump Shot,203458,1610612758,Alex Len,2025
0022400020,35,Edwards 18' Pullup Jump Shot (5 PTS),203458,1610612758,Alex Len,2025
0022400020,37,MISS Randle 25' 3PT Step Back Jump Shot,203458,1610612758,Alex Len,2025
0022400020,47,Edwards 26' 3PT Step Back Jump Shot (8 PTS),203458,1610612758,Alex Len,2025
0022400020,53,Conley 27' 3PT Pullup Jump Shot (6 PTS) (Randle 1 AST),203458,1610612758,Alex Len,2025
0022400020,302,MISS McDaniels 25' 3PT Jump Shot,203458,1610612758,Alex Len,2025
0022400020,45,Len 2' Cutting Dunk Shot (2 PTS) (Huerter 1 AST),1630162,1610612750,Anthony Edwards,2025
0022400020,89,MISS Sabonis 6' Driving Layup,1630162,1610612750,Anthony Edwards,2025
0022400020,232,Sabonis 2' Driving Reverse Layup (10 PTS) (Huerter 4 AST),1630162,1610612750,Anthony Edwards,2025
0022400020,295,MISS Murray 5' Running Jump Shot,1630162,1610612750,Anthony Edwards,2025
0022400020,319,MISS Murray 25' 3PT Jump Shot,1630162,1610612750,Anthony Edwards,2025
0022400020,351,Murray 24' 3PT Jump Shot (9 PTS) (Fox 3 AST),1630162,1610612750,Anthony Edwards,2025
0022400020,401,MISS Ellis 26' 3PT Jump Shot,1630162,1610612750,Anthony Edwards,2025
0022400020,405,MISS McDermott 3PT Jump Shot,1630162,1610612750,Anthony Edwards,2025
0022400020,424,MISS McDermott 25' 3PT Jump Shot,1630162,1610612750,Anthony Edwards,2025
0022400020,539,MISS Murray 4' Running Layup,1630162,1610612750,Anthony Edwards,2025
0022400020,551,Huerter 15' Pullup Jump Shot (2 PTS),1630162,1610612750,Anthony Edwards,2025
0022400020,560,MISS Lyles Tip Layup Shot,1630162,1610612750,Anthony Edwards,2025
0022400020,634,Fox 27' 3PT Step Back Jump Shot (57 PTS),1630162,1610612750,Anthony Edwards,2025
0022400020,667,Fox 27' 3PT Pullup Jump Shot (60 PTS),1630162,1610612750,Anthony Edwards,2025
0022400020,669,MISS Ellis 12' Driving Layup,1630162,1610612750,Anthony Edwards,2025
0022400020,672,MISS Fox 4' Floating Jump Shot,1630162,1610612750,Anthony Edwards,2025
0022400020,676,MISS Sabonis 25' 3PT Jump Shot,1630162,1610612750,Anthony Edwards,2025
0022400020,13,Gobert 1' Dunk (2 PTS),1628368,1610612758,De'Aaron Fox,2025
0022400020,40,Conley 25' 3PT Pullup Jump Shot (3 PTS) (Gobert 1 AST),1628368,1610612758,De'Aaron Fox,2025
0022400020,161,MISS Conley 24' 3PT Jump Shot,1628368,1610612758,De'Aaron Fox,2025
0022400020,217,MISS Edwards 3PT Step Back Jump Shot,1628368,1610612758,De'Aaron Fox,2025
0022400020,219,Sabonis BLOCK (1 BLK),1628368,1610612758,De'Aaron Fox,2025
0022400020,289,Conley 26' 3PT Step Back Jump Shot (11 PTS) (Randle 2 AST),1628368,1610612758,De'Aaron Fox,2025
0022400020,300,MISS Randle 25' 3PT Jump Shot,1628368,1610612758,De'Aaron Fox,2025
0022400020,328,Gobert 1' Cutting Layup Shot (9 PTS) (Randle 4 AST),1628368,1610612758,De'Aaron Fox,2025
0022400020,339,Fox BLOCK (1 BLK),1628368,1610612758,De'Aaron Fox,2025
0022400020,353,Edwards 26' 3PT Pullup Jump Shot (18 PTS),1628368,1610612758,De'Aaron Fox,2025
0022400020,513,MISS Edwards 9' Turnaround Jump Shot,1628368,1610612758,De'Aaron Fox,2025
0022400020,541,MISS Conley 3PT Jump Shot,1628368,1610612758,De'Aaron Fox,2025
0022400020,579,Alexander-Walker 26' 3PT Pullup Jump Shot (10 PTS) (McDaniels 3 AST),1628368,1610612758,De'Aaron Fox,2025
0022400020,622,MISS McDaniels 24' 3PT Jump Shot,1628368,1610612758,De'Aaron Fox,2025
0022400020,651,Randle 27' 3PT Jump Shot (24 PTS) (Edwards 2 AST),1628368,1610612758,De'Aaron Fox,2025
0022400020,13,Gobert 1' Dunk (2 PTS),1627734,1610612758,Domantas Sabonis,2025
0022400020,15,MISS Randle 25' 3PT Jump Shot,1627734,1610612758,Domantas Sabonis,2025
0022400020,66,Gobert 9' Floating Jump Shot (5 PTS) (Conley 1 AST),1627734,1610612758,Domantas Sabonis,2025
0022400020,74,Gobert 3' Alley Oop Dunk (7 PTS) (Conley 2 AST),1627734,1610612758,Domantas Sabonis,2025
0022400020,260,MISS Edwards 4' Driving Reverse Layup,1627734,1610612758,Domantas Sabonis,2025
0022400020,269,MISS Edwards 27' 3PT Pullup Jump Shot,1627734,1610612758,Domantas Sabonis,2025
0022400020,293,MISS Edwards 26' 3PT Step Back Jump Shot,1627734,1610612758,Domantas Sabonis,2025
0022400020,310,Randle 17' Step Back Jump Shot (13 PTS),1627734,1610612758,Domantas Sabonis,2025
0022400020,358,MISS Randle 7' Driving Layup,1627734,1610612758,Domantas Sabonis,2025
0022400020,365,Edwards 18' Pullup Jump Shot (20 PTS),1627734,1610612758,Domantas Sabonis,2025
0022400020,382,Gobert 5' Putback Layup (11 PTS),1627734,1610612758,Domantas Sabonis,2025
0022400020,399,MISS Alexander-Walker 12' Floating Jump Shot,1627734,1610612758,Domantas Sabonis,2025
0022400020,403,Randle 5' Driving Finger Roll Layup (17 PTS) (DiVincenzo 2 AST),1627734,1610612758,Domantas Sabonis,2025
0022400020,473,Sabonis BLOCK (2 BLK),1627734,1610612758,Domantas Sabonis,2025
0022400020,492,MISS Reid 28' 3PT Step Back Jump Shot,1627734,1610612758,Domantas Sabonis,2025
0022400020,509,MISS Edwards 6' Pullup Jump Shot,1627734,1610612758,Domantas Sabonis,2025
0022400020,582,MISS Edwards 27' 3PT Pullup Jump Shot,1627734,1610612758,Domantas Sabonis,2025
0022400020,607,Edwards 5' Driving Layup (28 PTS),1627734,1610612758,Domantas Sabonis,2025
0022400020,674,Edwards 21' Step Back Jump Shot (36 PTS),1627734,1610612758,Domantas Sabonis,2025
0022400020,93,MISS McLaughlin 26' 3PT Jump Shot,1628978,1610612750,Donte DiVincenzo,2025
0022400020,123,MISS Fox 25' 3PT Step Back Jump Shot,1628978,1610612750,Donte DiVincenzo,2025
0022400020,132,MISS Ellis 3PT Running Jump Shot,1628978,1610612750,Donte DiVincenzo,2025
0022400020,136,MISS McDermott 4' Running Layup,1628978,1610612750,Donte DiVincenzo,2025
0022400020,176,Murray 9' Driving Floating Jump Shot (6 PTS),1628978,1610612750,Donte DiVincenzo,2025
0022400020,383,McDermott 24' 3PT Jump Shot (6 PTS) (Lyles 1 AST),1628978,1610612750,Donte DiVincenzo,2025
0022400020,476,Fox 6' Driving Finger Roll Layup (38 PTS),1628978,1610612750,Donte DiVincenzo,2025
0022400020,482,MISS Fox 7' Fadeaway Jumper,1628978,1610612750,Donte DiVincenzo,2025
0022400020,150,DiVincenzo 25' 3PT Jump Shot (3 PTS) (Gobert 2 AST),203926,1610612758,Doug McDermott,2025
0022400020,170,MISS DiVincenzo 26' 3PT Pullup Jump Shot,203926,1610612758,Doug McDermott,2025
0022400020,335,MISS Conley 27' 3PT Jump Shot,203926,1610612758,Doug McDermott,2025
0022400020,362,McDaniels 3PT Jump Shot (7 PTS) (Conley 7 AST),203926,1610612758,Doug McDermott,2025
0022400020,14,Fox 13' Driving Floating Jump Shot (2 PTS),1630183,1610612750,Jaden McDaniels,2025
0022400020,32,MISS Fox 17' Jump Bank Shot,1630183,1610612750,Jaden McDaniels,2025
0022400020,48,Fox 12' Pullup Jump Shot (7 PTS),1630183,1610612750,Jaden McDaniels,2025
0022400020,68,MISS Huerter 27' 3PT Jump Shot,1630183,1610612750,Jaden McDaniels,2025
0022400020,84,Lyles 26' 3PT Jump Shot (3 PTS) (Huerter 3 AST),1630183,1610612750,Jaden McDaniels,2025
0022400020,232,Sabonis 2' Driving Reverse Layup (10 PTS) (Huerter 4 AST),1630183,1610612750,Jaden McDaniels,2025
0022400020,268,Fox 26' 3PT Jump Shot (21 PTS),1630183,1610612750,Jaden McDaniels,2025
0022400020,311,MISS Fox 26' 3PT Jump Shot,1630183,1610612750,Jaden McDaniels,2025
0022400020,333,MISS Fox 25' 3PT Pullup Jump Shot,1630183,1610612750,Jaden McDaniels,2025
0022400020,364,Fox 5' Driving Layup (25 PTS),1630183,1610612750,Jaden McDaniels,2025
0022400020,380,MISS Sabonis 3' Cutting Finger Roll Layup Shot,1630183,1610612750,Jaden McDaniels,2025
0022400020,488,Fox 14' Driving Floating Jump Shot (40 PTS),1630183,1610612750,Jaden McDaniels,2025
0022400020,499,Fox 8' Driving Layup (43 PTS),1630183,1610612750,Jaden McDaniels,2025
0022400020,505,MISS Fox 7' Running Layup,1630183,1610612750,Jaden McDaniels,2025
0022400020,516,Fox 25' 3PT Pullup Jump Shot (46 PTS),1630183,1610612750,Jaden McDaniels,2025
0022400020,576,Huerter 5' Running Layup (4 PTS) (Fox 4 AST),1630183,1610612750,Jaden McDaniels,2025
0022400020,503,MISS Conley 26' 3PT Jump Shot,1629162,1610612758,Jordan McLaughlin,2025
0022400020,549,MISS Conley 3' Driving Layup,1629162,1610612758,Jordan McLaughlin,2025
0022400020,29,Murray 19' Pullup Jump Shot (2 PTS) (Sabonis 2 AST),203944,1610612750,Julius Randle,2025
0022400020,45,Len 2' Cutting Dunk Shot (2 PTS) (Huerter 1 AST),203944,1610612750,Julius Randle,2025
0022400020,55,MISS Huerter 7' Driving Layup,203944,1610612750,Julius Randle,2025
0022400020,81,Sabonis 9' Driving Hook Shot (4 PTS) (Huerter 2 AST),203944,1610612750,Julius Randle,2025
0022400020,89,MISS Sabonis 6' Driving Layup,203944,1610612750,Julius Randle,2025
0022400020,115,MISS Murray 26' 3PT Step Back Jump Shot,203944,1610612750,Julius Randle,2025
0022400020,229,Sabonis 5' Turnaround Hook Shot (8 PTS),203944,1610612750,Julius Randle,2025
0022400020,279,MISS Lyles 21' Jump Shot,203944,1610612750,Julius Randle,2025
0022400020,291,MISS Sabonis 26' 3PT Jump Shot,203944,1610612750,Julius Randle,2025
0022400020,432,Fox 6' Driving Floating Jump Shot (30 PTS),203944,1610612750,Julius Randle,2025
0022400020,435,MISS Murray 6' Driving Floating Jump Shot,203944,1610612750,Julius Randle,2025
0022400020,443,Fox 6' Turnaround Jump Shot (34 PTS),203944,1610612750,Julius Randle,2025
0022400020,526,Fox 3' Driving Layup (48 PTS),203944,1610612750,Julius Randle,2025
0022400020,531,MISS Fox 16' Pullup Jump Shot,203944,1610612750,Julius Randle,2025
0022400020,605,MISS Fox 10' Fadeaway Jumper,203944,1610612750,Julius Randle,2025
0022400020,659,MISS Murray 3PT Jump Shot,203944,1610612750,Julius Randle,2025
0022400020,47,Edwards 26' 3PT Step Back Jump Shot (8 PTS),1631099,1610612758,Keegan Murray,2025
0022400020,114,Reid 5' Driving Hook Shot (4 PTS),1631099,1610612758,Keegan Murray,2025
0022400020,125,MISS Reid 9' Driving Layup,1631099,1610612758,Keegan Murray,2025
0022400020,127,Reid 8' Floating Jump Shot (6 PTS),1631099,1610612758,Keegan Murray,2025
0022400020,157,Alexander-Walker 26' 3PT Jump Shot (3 PTS) (Reid 1 AST),1631099,1610612758,Keegan Murray,2025
0022400020,174,Reid 27' 3PT Jump Shot (11 PTS) (Conley 3 AST),1631099,1610612758,Keegan Murray,2025
0022400020,177,MISS Conley 5' Driving Floating Jump Shot,1631099,1610612758,Keegan Murray,2025
0022400020,195,Alexander-Walker 12' Fadeaway Jumper (5 PTS),1631099,1610612758,Keegan Murray,2025
0022400020,244,MISS McDaniels 6' Driving Dunk,1631099,1610612758,Keegan Murray,2025
0022400020,247,McDaniels 3PT Jump Shot (3 PTS) (Conley 4 AST),1631099,1610612758,Keegan Murray,2025
0022400020,260,MISS Edwards 4' Driving Reverse Layup,1631099,1610612758,Keegan Murray,2025
0022400020,269,MISS Edwards 27' 3PT Pullup Jump Shot,1631099,1610612758,Keegan Murray,2025
0022400020,350,Edwards 8' Driving Dunk (15 PTS),1631099,1610612758,Keegan Murray,2025
0022400020,441,Reid 27' 3PT Pullup Jump Shot (14 PTS) (Alexander-Walker 3 AST),1631099,1610612758,Keegan Murray,2025
0022400020,461,MISS DiVincenzo 25' 3PT Pullup Jump Shot,1631099,1610612758,Keegan Murray,2025
0022400020,533,MISS Edwards 28' 3PT Pullup Jump Shot,1631099,1610612758,Keegan Murray,2025
0022400020,607,Edwards 5' Driving Layup (28 PTS),1631099,1610612758,Keegan Murray,2025
0022400020,619,Murray BLOCK (1 BLK),1631099,1610612758,Keegan Murray,2025
0022400020,91,Reid 6' Driving Finger Roll Layup (2 PTS) (McDaniels 2 AST),1631165,1610612758,Keon Ellis,2025
0022400020,125,MISS Reid 9' Driving Layup,1631165,1610612758,Keon Ellis,2025
0022400020,204,Edwards 26' 3PT Jump Shot (11 PTS) (Alexander-Walker 1 AST),1631165,1610612758,Keon Ellis,2025
0022400020,391,MISS Edwards 10' Driving Finger Roll Layup,1631165,1610612758,Keon Ellis,2025
0022400020,399,MISS Alexander-Walker 12' Floating Jump Shot,1631165,1610612758,Keon Ellis,2025
0022400020,615,MISS Conley 20' Pullup Jump Shot,1631165,1610612758,Keon Ellis,2025
0022400020,648,Edwards 2' Driving Reverse Layup (34 PTS),1631165,1610612758,Keon Ellis,2025
0022400020,674,Edwards 21' Step Back Jump Shot (36 PTS),1631165,1610612758,Keon Ellis,2025
0022400020,19,MISS McDaniels 25' 3PT Jump Shot,1628989,1610612758,Kevin Huerter,2025
0022400020,30,Edwards 27' 3PT Jump Shot (3 PTS) (McDaniels 1 AST),1628989,1610612758,Kevin Huerter,2025
0022400020,91,Reid 6' Driving Finger Roll Layup (2 PTS) (McDaniels 2 AST),1628989,1610612758,Kevin Huerter,2025
0022400020,195,Alexander-Walker 12' Fadeaway Jumper (5 PTS),1628989,1610612758,Kevin Huerter,2025
0022400020,273,Edwards 3' Running Layup (13 PTS) (Conley 5 AST),1628989,1610612758,Kevin Huerter,2025
0022400020,313,Conley 28' 3PT Step Back Jump Shot (14 PTS) (Randle 3 AST),1628989,1610612758,Kevin Huerter,2025
0022400020,386,Huerter BLOCK (1 BLK),1628989,1610612758,Kevin Huerter,2025
0022400020,557,McDaniels 2' Putback Layup (11 PTS),1628989,1610612758,Kevin Huerter,2025
0022400020,584,MISS Randle 27' 3PT Step Back Jump Shot,1628989,1610612758,Kevin Huerter,2025
0022400020,593,MISS Randle 5' Running Layup,1628989,1610612758,Kevin Huerter,2025
0022400020,601,Edwards 3' Driving Layup (25 PTS),1628989,1610612758,Kevin Huerter,2025
0022400020,619,Murray BLOCK (1 BLK),1628989,1610612758,Kevin Huerter,2025
0022400020,632,Sabonis BLOCK (3 BLK),1628989,1610612758,Kevin Huerter,2025
0022400020,639,Edwards 24' 3PT Step Back Jump Shot (32 PTS),1628989,1610612758,Kevin Huerter,2025
0022400020,163,McDermott 26' 3PT Jump Shot (3 PTS) (McLaughlin 1 AST),201144,1610612750,Mike Conley,2025
0022400020,193,McLaughlin 14' Fadeaway Bank Shot (2 PTS) (Murray 1 AST),201144,1610612750,Mike Conley,2025
0022400020,258,MISS Fox 12' Turnaround Jump Shot,201144,1610612750,Mike Conley,2025
0022400020,262,Lyles 4' Running Layup (7 PTS) (Sabonis 3 AST),201144,1610612750,Mike Conley,2025
0022400020,266,MISS Huerter 26' 3PT Jump Shot,201144,1610612750,Mike Conley,2025
0022400020,298,MISS Huerter 4' Driving Layup,201144,1610612750,Mike Conley,2025
0022400020,471,Sabonis 12' Floating Jump Shot (17 PTS),201144,1610612750,Mike Conley,2025
0022400020,611,Fox 7' Driving Floating Jump Shot (54 PTS),201144,1610612750,Mike Conley,2025
0022400020,637,MISS Huerter 26' 3PT Jump Shot,201144,1610612750,Mike Conley,2025
0022400020,649,Murray 26' 3PT Jump Bank Shot (14 PTS) (Fox 6 AST),201144,1610612750,Mike Conley,2025
0022400020,113,Fox 7' Driving Floating Jump Shot (9 PTS),1629675,1610612750,Naz Reid,2025
0022400020,159,MISS Murray 12' Turnaround Fadeaway Shot,1629675,1610612750,Naz Reid,2025
0022400020,222,Fox 25' 3PT Step Back Jump Shot (16 PTS),1629675,1610612750,Naz Reid,2025
0022400020,393,McDermott 3' Cutting Dunk Shot (8 PTS) (Sabonis 4 AST),1629675,1610612750,Naz Reid,2025
0022400020,443,Fox 6' Turnaround Jump Shot (34 PTS),1629675,1610612750,Naz Reid,2025
0022400020,511,MISS Lyles 25' 3PT Jump Shot,1629675,1610612750,Naz Reid,2025
0022400020,108,MISS Lyles 25' 3PT Jump Shot,1629638,1610612750,Nickeil Alexander-Walker,2025
0022400020,156,Fox 10' Turnaround Jump Shot (11 PTS),1629638,1610612750,Nickeil Alexander-Walker,2025
0022400020,172,MISS Lyles 26' 3PT Jump Shot,1629638,1610612750,Nickeil Alexander-Walker,2025
0022400020,420,MISS Murray 27' 3PT Jump Shot,1629638,1610612750,Nickeil Alexander-Walker,2025
0022400020,432,Fox 6' Driving Floating Jump Shot (30 PTS),1629638,1610612750,Nickeil Alexander-Walker,2025
0022400020,446,Murray 2' Cutting Dunk Shot (11 PTS) (Ellis 1 AST),1629638,1610612750,Nickeil Alexander-Walker,2025
0022400020,460,Fox 9' Driving Floating Jump Shot (36 PTS),1629638,1610612750,Nickeil Alexander-Walker,2025
0022400020,128,Ellis 3PT Jump Shot (3 PTS) (Fox 1 AST),1642265,1610612750,Rob Dillingham,2025
0022400020,132,MISS Ellis 3PT Running Jump Shot,1642265,1610612750,Rob Dillingham,2025
0022400020,10,MISS Len 3PT Jump Shot,203497,1610612750,Rudy Gobert,2025
0022400020,23,Fox 25' 3PT Running Jump Shot (5 PTS) (Sabonis 1 AST),203497,1610612750,Rudy Gobert,2025
0022400020,36,Sabonis 4' Driving Layup (2 PTS),203497,1610612750,Rudy Gobert,2025
0022400020,72,MISS McLaughlin 7' Driving Floating Bank Jump Shot,203497,1610612750,Rudy Gobert,2025
0022400020,152,MISS Murray 3PT Jump Shot,203497,1610612750,Rudy Gobert,2025
0022400020,166,MISS Fox 7' Driving Layup,203497,1610612750,Rudy Gobert,2025
0022400020,169,Fox 3' Putback Layup (13 PTS),203497,1610612750,Rudy Gobert,2025
0022400020,206,MISS Sabonis 26' 3PT Jump Shot,203497,1610612750,Rudy Gobert,2025
0022400020,256,Fox 18' Pullup Jump Shot (18 PTS),203497,1610612750,Rudy Gobert,2025
0022400020,345,Sabonis 2' Reverse Layup (12 PTS) (Fox 2 AST),203497,1610612750,Rudy Gobert,2025
0022400020,360,Sabonis 15' Jump Shot (15 PTS) (McDermott 1 AST),203497,1610612750,Rudy Gobert,2025
0022400020,380,MISS Sabonis 3' Cutting Finger Roll Layup Shot,203497,1610612750,Rudy Gobert,2025
0022400020,393,McDermott 3' Cutting Dunk Shot (8 PTS) (Sabonis 4 AST),203497,1610612750,Rudy Gobert,2025
0022400020,471,Sabonis 12' Floating Jump Shot (17 PTS),203497,1610612750,Rudy Gobert,2025
0022400020,484,Sabonis 15' Jump Shot (19 PTS) (Murray 2 AST),203497,1610612750,Rudy Gobert,2025
0022400020,539,MISS Murray 4' Running Layup,203497,1610612750,Rudy Gobert,2025
0022400020,558,MISS McLaughlin 9' Driving Floating Bank Jump Shot,203497,1610612750,Rudy Gobert,2025
0022400020,581,Fox 16' Pullup Jump Shot (52 PTS),203497,1610612750,Rudy Gobert,2025
0022400020,591,MISS Fox 16' Fadeaway Jumper,203497,1610612750,Rudy Gobert,2025
0022400020,595,Sabonis 5' Driving Layup (21 PTS) (Fox 5 AST),203497,1610612750,Rudy Gobert,2025
0022400020,599,MISS Lyles 26' 3PT Jump Shot,203497,1610612750,Rudy Gobert,2025
0022400020,653,Sabonis 2' Cutting Dunk Shot (23 PTS) (Fox 7 AST),203497,1610612750,Rudy Gobert,2025
0022400020,657,MISS Fox 26' 3PT Pullup Jump Shot,203497,1610612750,Rudy Gobert,2025
0022400020,86,Ellis BLOCK (1 BLK),1626168,1610612758,Trey Lyles,2025
0022400020,121,MISS Randle 9' Turnaround Bank Shot,1626168,1610612758,Trey Lyles,2025
0022400020,127,Reid 8' Floating Jump Shot (6 PTS),1626168,1610612758,Trey Lyles,2025
0022400020,130,MISS Randle 25' 3PT Jump Shot,1626168,1610612758,Trey Lyles,2025
0022400020,139,Randle 25' 3PT Pullup Jump Shot (5 PTS) (DiVincenzo 1 AST),1626168,1610612758,Trey Lyles,2025
0022400020,154,MISS Reid 3' Turnaround Jump Shot,1626168,1610612758,Trey Lyles,2025
0022400020,165,Reid 5' Turnaround Jump Shot (8 PTS),1626168,1610612758,Trey Lyles,2025
0022400020,217,MISS Edwards 3PT Step Back Jump Shot,1626168,1610612758,Trey Lyles,2025
0022400020,230,MISS Alexander-Walker 25' 3PT Jump Shot,1626168,1610612758,Trey Lyles,2025
0022400020,234,Randle 20' Jump Shot (9 PTS) (Alexander-Walker 2 AST),1626168,1610612758,Trey Lyles,2025
0022400020,257,Randle 16' Pullup Jump Shot (11 PTS),1626168,1610612758,Trey Lyles,2025
0022400020,264,MISS Randle 14' Turnaround Fadeaway Shot,1626168,1610612758,Trey Lyles,2025
0022400020,324,Randle 5' Cutting Layup Shot (15 PTS) (Conley 6 AST),1626168,1610612758,Trey Lyles,2025
0022400020,358,MISS Randle 7' Driving Layup,1626168,1610612758,Trey Lyles,2025
0022400020,412,MISS Reid 26' 3PT Jump Shot,1626168,1610612758,Trey Lyles,2025
0022400020,423,Edwards 26' 3PT Step Back Jump Shot (23 PTS),1626168,1610612758,Trey Lyles,2025
0022400020,430,Alexander-Walker 5' Driving Layup (7 PTS) (Reid 2 AST),1626168,1610612758,Trey Lyles,2025
0022400020,433,MISS Edwards 27' 3PT Pullup Jump Shot,1626168,1610612758,Trey Lyles,2025
0022400020,444,Reid 4' Driving Layup (16 PTS) (Randle 5 AST),1626168,1610612758,Trey Lyles,2025
0022400020,486,MISS McDaniels 26' 3PT Jump Shot,1626168,1610612758,Trey Lyles,2025
0022400020,509,MISS Edwards 6' Pullup Jump Shot,1626168,1610612758,Trey Lyles,2025
0022400020,515,McDaniels 9' Fadeaway Jumper (9 PTS),1626168,1610612758,Trey Lyles,2025
0022400020,537,MISS McDaniels 7' Running Layup,1626168,1610612758,Trey Lyles,2025
0022400020,635,McDaniels 27' 3PT Jump Shot (14 PTS) (Edwards 1 AST),1626168,1610612758,Trey Lyles,2025
0022400020,648,Edwards 2' Driving Reverse Layup (34 PTS),1626168,1610612758,Trey Lyles,2025
0022400020,655,MISS Randle 11' Driving Floating Jump Shot,1626168,1610612758,Trey Lyles,2025
0022400020,668,Randle 5' Driving Floating Bank Jump Shot (26 PTS),1626168,1610612758,Trey Lyles,2025
0022400012,12,MISS Risacher 24' 3PT Jump Shot,1642259,1610612764,Alexandre Sarr,2025
0022400012,17,Capela 8' Turnaround Hook Shot (2 PTS) (Daniels 1 AST),1642259,1610612764,Alexandre Sarr,2025
0022400012,58,MISS Johnson 25' 3PT Pullup Jump Shot,1642259,1610612764,Alexandre Sarr,2025
0022400012,70,MISS Risacher 13' Pullup Jump Shot,1642259,1610612764,Alexandre Sarr,2025
0022400012,80,Risacher 1' Cutting Layup Shot (3 PTS) (Daniels 2 AST),1642259,1610612764,Alexandre Sarr,2025
0022400012,110,MISS Okongwu Putback Layup,1642259,1610612764,Alexandre Sarr,2025
0022400012,249,MISS Young 26' 3PT Running Jump Shot,1642259,1610612764,Alexandre Sarr,2025
0022400012,315,Okongwu 2' Alley Oop Layup (4 PTS) (Young 3 AST),1642259,1610612764,Alexandre Sarr,2025
0022400012,329,MISS Daniels 25' 3PT Jump Shot,1642259,1610612764,Alexandre Sarr,2025
0022400012,335,Johnson 1' Cutting Layup Shot (7 PTS) (Young 4 AST),1642259,1610612764,Alexandre Sarr,2025
0022400012,353,Okongwu Putback Layup (6 PTS),1642259,1610612764,Alexandre Sarr,2025
0022400012,399,MISS Capela 2' Running Alley Oop Layup Shot,1642259,1610612764,Alexandre Sarr,2025
0022400012,434,MISS Daniels 8' Driving Floating Jump Shot,1642259,1610612764,Alexandre Sarr,2025
0022400012,436,MISS Capela 1' Hook Shot,1642259,1610612764,Alexandre Sarr,2025
0022400012,467,MISS Young 2' Running Layup,1642259,1610612764,Alexandre Sarr,2025
0022400012,472,Okongwu 6' Floating Jump Shot (9 PTS) (Daniels 3 AST),1642259,1610612764,Alexandre Sarr,2025
0022400012,626,MISS Young 25' 3PT Step Back Jump Shot,1642259,1610612764,Alexandre Sarr,2025
0022400012,643,Johnson Tip Layup Shot (16 PTS),1642259,1610612764,Alexandre Sarr,2025
0022400012,661,Young 26' 3PT Pullup Jump Shot (14 PTS),1642259,1610612764,Alexandre Sarr,2025
0022400012,678,Daniels 4' Driving Layup (25 PTS),1642259,1610612764,Alexandre Sarr,2025
0022400012,691,MISS Hunter 2' Driving Reverse Layup,1642259,1610612764,Alexandre Sarr,2025
0022400012,75,MISS Young 7' Driving Layup,1641731,1610612764,Bilal Coulibaly,2025
0022400012,203,Risacher 3' Running Dunk (5 PTS) (Johnson 4 AST),1641731,1610612764,Bilal Coulibaly,2025
0022400012,282,MISS Young 1' Driving Layup,1641731,1610612764,Bilal Coulibaly,2025
0022400012,391,MISS Johnson 12' Step Back Jump Shot,1641731,1610612764,Bilal Coulibaly,2025
0022400012,423,MISS Young 25' 3PT Jump Shot,1641731,1610612764,Bilal Coulibaly,2025
0022400012,439,Risacher 7' Layup (7 PTS),1641731,1610612764,Bilal Coulibaly,2025
0022400012,458,MISS Young 6' Driving Floating Jump Shot,1641731,1610612764,Bilal Coulibaly,2025
0022400012,462,MISS Risacher 24' 3PT Running Pull-Up Jump Shot,1641731,1610612764,Bilal Coulibaly,2025
0022400012,509,Daniels 3' Running Layup (21 PTS),1641731,1610612764,Bilal Coulibaly,2025
0022400012,584,Mathews 15' Running Pull-Up Jump Shot (12 PTS) (Johnson 7 AST),1641731,1610612764,Bilal Coulibaly,2025
0022400012,646,MISS Hunter 12' Pullup Jump Shot,1641731,1610612764,Bilal Coulibaly,2025
0022400012,669,MISS Johnson 10' Turnaround Jump Shot,1641731,1610612764,Bilal Coulibaly,2025
0022400012,674,MISS Young 25' 3PT Running Pull-Up Jump Shot,1641731,1610612764,Bilal Coulibaly,2025
0022400012,14,MISS Capela Putback Layup,1642267,1610612764,Carlton Carrington,2025
0022400012,22,Daniels 2' Driving Layup (2 PTS) (Risacher 1 AST),1642267,1610612764,Carlton Carrington,2025
0022400012,87,MISS Risacher 2' Driving Layup,1642267,1610612764,Carlton Carrington,2025
0022400012,156,MISS Mathews 24' 3PT Jump Shot,1642267,1610612764,Carlton Carrington,2025
0022400012,208,Mathews 25' 3PT Jump Shot (3 PTS) (Johnson 5 AST),1642267,1610612764,Carlton Carrington,2025
0022400012,343,Johnson 9' Turnaround Jump Shot (10 PTS),1642267,1610612764,Carlton Carrington,2025
0022400012,405,MISS Risacher 1' Driving Layup,1642267,1610612764,Carlton Carrington,2025
0022400012,407,Capela 1' Putback Layup (10 PTS),1642267,1610612764,Carlton Carrington,2025
0022400012,419,MISS Risacher 24' 3PT Jump Shot,1642267,1610612764,Carlton Carrington,2025
0022400012,442,Daniels 25' 3PT Running Jump Shot (19 PTS) (Wallace 1 AST),1642267,1610612764,Carlton Carrington,2025
0022400012,500,Hunter 5' Running Layup (9 PTS) (Young 7 AST),1642267,1610612764,Carlton Carrington,2025
0022400012,621,Johnson 2' Driving Reverse Layup (14 PTS),1642267,1610612764,Carlton Carrington,2025
0022400012,641,MISS Daniels 26' 3PT Jump Shot,1642267,1610612764,Carlton Carrington,2025
0022400012,42,Sarr 12' Turnaround Jump Shot (2 PTS),203991,1610612737,Clint Capela,2025
0022400012,50,Kuzma 5' Driving Floating Bank Jump Shot (2 PTS),203991,1610612737,Clint Capela,2025
0022400012,72,Sarr 3PT Jump Shot (5 PTS) (Coulibaly 1 AST),203991,1610612737,Clint Capela,2025
0022400012,261,MISS Kuzma 10' Floating Jump Shot,203991,1610612737,Clint Capela,2025
0022400012,270,MISS Kuzma 8' Driving Floating Jump Shot,203991,1610612737,Clint Capela,2025
0022400012,272,MISS Valančiūnas 4' Turnaround Jump Shot,203991,1610612737,Clint Capela,2025
0022400012,284,Poole 1' Driving Layup (13 PTS),203991,1610612737,Clint Capela,2025
0022400012,291,MISS Poole 1' Driving Layup,203991,1610612737,Clint Capela,2025
0022400012,389,MISS Kuzma 2' Driving Hook Shot,203991,1610612737,Clint Capela,2025
0022400012,394,MISS Kuzma 26' 3PT Pullup Jump Shot,203991,1610612737,Clint Capela,2025
0022400012,417,Kuzma 9' Turnaround Bank Shot (20 PTS),203991,1610612737,Clint Capela,2025
0022400012,619,MISS Valančiūnas 19' Jump Shot,203991,1610612737,Clint Capela,2025
0022400012,164,MISS Mathews 26' 3PT Jump Shot,1630557,1610612764,Corey Kispert,2025
0022400012,179,MISS Johnson 4' Running Layup,1630557,1610612764,Corey Kispert,2025
0022400012,195,MISS Johnson 25' 3PT Jump Shot,1630557,1610612764,Corey Kispert,2025
0022400012,212,Johnson 25' 3PT Jump Shot (5 PTS) (Risacher 2 AST),1630557,1610612764,Corey Kispert,2025
0022400012,274,MISS Risacher 1' Layup,1630557,1610612764,Corey Kispert,2025
0022400012,277,MISS Capela Putback Layup,1630557,1610612764,Corey Kispert,2025
0022400012,351,MISS Hunter 12' Driving Floating Jump Shot,1630557,1610612764,Corey Kispert,2025
0022400012,503,MISS Young 3' Driving Floating Jump Shot,1630557,1610612764,Corey Kispert,2025
0022400012,538,Hunter 3PT Running Jump Shot (15 PTS) (Mathews 2 AST),1630557,1610612764,Corey Kispert,2025
0022400012,629,Risacher 9' Driving Floating Jump Shot (11 PTS) (Young 8 AST),1630557,1610612764,Corey Kispert,2025
0022400012,646,MISS Hunter 12' Pullup Jump Shot,1630557,1610612764,Corey Kispert,2025
0022400012,648,Johnson Tip Layup Shot (18 PTS),1630557,1610612764,Corey Kispert,2025
0022400012,654,MISS Daniels 24' 3PT Jump Shot,1630557,1610612764,Corey Kispert,2025
0022400012,170,MISS George 26' 3PT Jump Shot,1629631,1610612737,De'Andre Hunter,2025
0022400012,342,Coulibaly 2' Layup (2 PTS),1629631,1610612737,De'Andre Hunter,2025
0022400012,379,Daniels BLOCK (1 BLK),1629631,1610612737,De'Andre Hunter,2025
0022400012,521,George 1' Driving Layup (4 PTS) (Carrington 6 AST),1629631,1610612737,De'Andre Hunter,2025
0022400012,671,Johnson BLOCK (4 BLK),1629631,1610612737,De'Andre Hunter,2025
0022400012,676,George 25' 3PT Jump Shot (8 PTS) (Carrington 9 AST),1629631,1610612737,De'Andre Hunter,2025
0022400012,10,MISS Sarr 3' Running Layup,1630700,1610612737,Dyson Daniels,2025
0022400012,27,Poole 4' Cutting Layup Shot (2 PTS) (Sarr 1 AST),1630700,1610612737,Dyson Daniels,2025
0022400012,60,Poole 25' 3PT Pullup Jump Shot (5 PTS) (Carrington 2 AST),1630700,1610612737,Dyson Daniels,2025
0022400012,68,Kuzma 1' Running Dunk (7 PTS) (Poole 1 AST),1630700,1610612737,Dyson Daniels,2025
0022400012,82,Poole 25' 3PT Pullup Jump Shot (8 PTS),1630700,1610612737,Dyson Daniels,2025
0022400012,89,MISS Kuzma 25' 3PT Running Pull-Up Jump Shot,1630700,1610612737,Dyson Daniels,2025
0022400012,99,MISS Poole 25' 3PT Jump Shot,1630700,1610612737,Dyson Daniels,2025
0022400012,112,Kuzma 17' Turnaround Jump Shot (14 PTS) (Kispert 1 AST),1630700,1610612737,Dyson Daniels,2025
0022400012,132,Wallace BLOCK (1 BLK),1630700,1610612737,Dyson Daniels,2025
0022400012,291,MISS Poole 1' Driving Layup,1630700,1610612737,Dyson Daniels,2025
0022400012,464,Daniels BLOCK (2 BLK),1630700,1610612737,Dyson Daniels,2025
0022400012,486,MISS Poole 27' 3PT Jump Shot,1630700,1610612737,Dyson Daniels,2025
0022400012,633,Sarr 3' Dunk (11 PTS) (Carrington 8 AST),1630700,1610612737,Dyson Daniels,2025
0022400012,644,Sarr 24' 3PT Jump Shot (14 PTS) (Coulibaly 2 AST),1630700,1610612737,Dyson Daniels,2025
0022400012,659,Kispert 7' Driving Floating Bank Jump Shot (10 PTS) (Coulibaly 3 AST),1630700,1610612737,Dyson Daniels,2025
0022400012,713,Carrington 19' Jump Shot (7 PTS) (Sarr 2 AST),1630700,1610612737,Dyson Daniels,2025
0022400012,750,MISS Kispert 26' 3PT Jump Shot,1630700,1610612737,Dyson Daniels,2025
0022400012,159,MISS Carrington 14' Fadeaway Jumper,1629726,1610612737,Garrison Mathews,2025
0022400012,181,Kispert 25' 3PT Pullup Jump Shot (3 PTS),1629726,1610612737,Garrison Mathews,2025
0022400012,219,Mathews BLOCK (1 BLK),1629726,1610612737,Garrison Mathews,2025
0022400012,548,Kispert 2' Layup (5 PTS) (George 1 AST),1629726,1610612737,Garrison Mathews,2025
0022400012,556,Poole 27' 3PT Step Back Jump Shot (20 PTS),1629726,1610612737,Garrison Mathews,2025
0022400012,40,MISS Kuzma 25' 3PT Pullup Jump Shot,1630552,1610612737,Jalen Johnson,2025
0022400012,53,Kuzma 26' 3PT Jump Shot (5 PTS) (Carrington 1 AST),1630552,1610612737,Jalen Johnson,2025
0022400012,64,MISS Kuzma 21' Pullup Jump Shot,1630552,1610612737,Jalen Johnson,2025
0022400012,152,MISS George 3' Driving Reverse Layup,1630552,1610612737,Jalen Johnson,2025
0022400012,200,Johnson BLOCK (1 BLK),1630552,1610612737,Jalen Johnson,2025
0022400012,222,MISS George 11' Pullup Jump Shot,1630552,1610612737,Jalen Johnson,2025
0022400012,227,MISS Kuzma 25' 3PT Jump Shot,1630552,1610612737,Jalen Johnson,2025
0022400012,310,Johnson BLOCK (2 BLK),1630552,1610612737,Jalen Johnson,2025
0022400012,319,MISS Sarr Tip Layup Shot,1630552,1610612737,Jalen Johnson,2025
0022400012,323,MISS Kuzma 26' 3PT Jump Shot,1630552,1610612737,Jalen Johnson,2025
0022400012,379,Daniels BLOCK (1 BLK),1630552,1610612737,Jalen Johnson,2025
0022400012,412,MISS Kuzma 26' 3PT Jump Shot,1630552,1610612737,Jalen Johnson,2025
0022400012,421,Carrington Running Dunk (5 PTS) (Kuzma 1 AST),1630552,1610612737,Jalen Johnson,2025
0022400012,440,MISS Kuzma 3' Driving Reverse Layup,1630552,1610612737,Jalen Johnson,2025
0022400012,570,MISS Kispert 25' 3PT Jump Shot,1630552,1610612737,Jalen Johnson,2025
0022400012,582,MISS George 1' Driving Layup,1630552,1610612737,Jalen Johnson,2025
0022400012,603,MISS Coulibaly Putback Layup,1630552,1610612737,Jalen Johnson,2025
0022400012,605,MISS Coulibaly Tip Layup Shot,1630552,1610612737,Jalen Johnson,2025
0022400012,615,Johnson BLOCK (3 BLK),1630552,1610612737,Jalen Johnson,2025
0022400012,628,Kuzma 8' Driving Floating Jump Shot (24 PTS),1630552,1610612737,Jalen Johnson,2025
0022400012,631,MISS Coulibaly 27' 3PT Jump Shot,1630552,1610612737,Jalen Johnson,2025
0022400012,651,MISS Kuzma 3' Driving Layup,1630552,1610612737,Jalen Johnson,2025
0022400012,656,MISS Sarr 24' 3PT Jump Shot,1630552,1610612737,Jalen Johnson,2025
0022400012,662,MISS Kuzma 25' 3PT Jump Shot,1630552,1610612737,Jalen Johnson,2025
0022400012,667,Sarr 25' 3PT Jump Shot (19 PTS) (George 2 AST),1630552,1610612737,Jalen Johnson,2025
0022400012,694,Kispert 25' 3PT Running Jump Shot (13 PTS) (George 3 AST),1630552,1610612737,Jalen Johnson,2025
0022400012,709,Okongwu BLOCK (2 BLK),1630552,1610612737,Jalen Johnson,2025
0022400012,725,MISS George 26' 3PT Jump Shot,1630552,1610612737,Jalen Johnson,2025
0022400012,179,MISS Johnson 4' Running Layup,1631098,1610612764,Johnny Davis,2025
0022400012,528,MISS Wallace 12' Driving Floating Jump Shot,1631098,1610612764,Johnny Davis,2025
0022400012,554,Hunter 12' Turnaround Jump Shot (17 PTS),1631098,1610612764,Johnny Davis,2025
