gi,ei,dsc,def_id,team_id,player_name,year
0022100557,37,MISS Mitchell 2' Finger Roll Layup,1626195,1610612740,Willy Hernangomez,2022
0022100557,64,MISS Ingles 25' 3PT Jump Shot,1626195,1610612740,Willy Hernangomez,2022
0022100557,72,MISS Mitchell 11' Turnaround Jump Shot,1626195,1610612740,Willy Hernangomez,2022
0022100557,82,Gay 17' Jump Shot (2 PTS) (Ingles 1 AST),1626195,1610612740,Willy Hernangomez,2022
0022100312,100,MISS Clarkson 20' Jump Shot,1629014,1610612757,Anfernee Simons,2022
0022100312,111,MISS Clarkson 5' Jump Shot,1629014,1610612757,Anfernee Simons,2022
0022100312,180,Clarkson 27' 3PT Jump Shot (6 PTS) (Gobert 1 AST),1629014,1610612757,Anfernee Simons,2022
0022100312,222,Mitchell 4' Driving Layup (4 PTS) (Clarkson 2 AST),1629014,1610612757,Anfernee Simons,2022
0022100312,278,Bogdanovic 3' Driving Floating Bank Jump Shot (7 PTS) (Mitchell 4 AST),1629014,1610612757,Anfernee Simons,2022
0022100312,398,Mitchell 3' Driving Layup (21 PTS),1629014,1610612757,Anfernee Simons,2022
0022100312,406,MISS Mitchell 31' 3PT Jump Shot,1629014,1610612757,Anfernee Simons,2022
0022100312,409,MISS Gay 27' 3PT Jump Shot,1629014,1610612757,Anfernee Simons,2022
0022100312,427,Clarkson 3PT Jump Shot (13 PTS) (Ingles 4 AST),1629014,1610612757,Anfernee Simons,2022
0022100312,452,Gobert 2' Dunk (16 PTS) (Ingles 6 AST),1629014,1610612757,Anfernee Simons,2022
0022100312,483,Clarkson 26' 3PT Step Back Jump Shot (19 PTS),1629014,1610612757,Anfernee Simons,2022
0022100312,520,Clarkson 26' 3PT Jump Shot (22 PTS) (Gobert 3 AST),1629014,1610612757,Anfernee Simons,2022
0022100312,46,MISS Covington 25' 3PT Jump Shot,202711,1610612762,Bojan Bogdanović,2022
0022100312,50,MISS Covington 5' Driving Layup,202711,1610612762,Bojan Bogdanović,2022
0022100312,114,MISS Simons 25' 3PT Jump Shot,202711,1610612762,Bojan Bogdanović,2022
0022100312,122,Little 4' Driving Layup (2 PTS) (Lillard 3 AST),202711,1610612762,Bojan Bogdanović,2022
0022100312,224,MISS Lillard 25' 3PT Step Back Jump Shot,202711,1610612762,Bojan Bogdanović,2022
0022100312,231,Simons 10' Driving Floating Bank Jump Shot (9 PTS),202711,1610612762,Bojan Bogdanović,2022
0022100312,258,MISS Lillard 13' Pullup Jump Shot,202711,1610612762,Bojan Bogdanović,2022
0022100312,284,MISS Little 17' Pullup Jump Shot,202711,1610612762,Bojan Bogdanović,2022
0022100312,311,Nurkic 4' Cutting Layup Shot (13 PTS) (Lillard 4 AST),202711,1610612762,Bojan Bogdanović,2022
0022100312,338,MISS Covington 25' 3PT Jump Shot,202711,1610612762,Bojan Bogdanović,2022
0022100312,395,Whiteside BLOCK (2 BLK),202711,1610612762,Bojan Bogdanović,2022
0022100312,589,MISS Smith Jr. 21' Pullup Jump Shot,202711,1610612762,Bojan Bogdanović,2022
0022100312,593,Bogdanovic 3' Tip Layup Shot (13 PTS),1629604,1610612757,CJ Elleby,2022
0022100312,620,Paschall 26' 3PT Jump Shot (3 PTS) (Forrest 3 AST),1629604,1610612757,CJ Elleby,2022
0022100312,118,MISS Mitchell 13' Pullup Jump Shot,203469,1610612757,Cody Zeller,2022
0022100312,120,MISS Whiteside 4' Layup,203469,1610612757,Cody Zeller,2022
0022100312,124,Whiteside 4' Layup (2 PTS) (Mitchell 2 AST),203469,1610612757,Cody Zeller,2022
0022100312,141,Ingles 26' 3PT Jump Shot (3 PTS) (Gay 1 AST),203469,1610612757,Cody Zeller,2022
0022100312,398,Mitchell 3' Driving Layup (21 PTS),203469,1610612757,Cody Zeller,2022
0022100312,401,Gay 26' 3PT Pullup Jump Shot (12 PTS),203469,1610612757,Cody Zeller,2022
0022100312,404,Mitchell 6' Driving Floating Jump Shot (23 PTS),203469,1610612757,Cody Zeller,2022
0022100312,436,MISS Conley 4' Driving Finger Roll Layup,203469,1610612757,Cody Zeller,2022
0022100312,456,Gobert 3' Alley Oop Dunk (18 PTS) (Conley 5 AST),203469,1610612757,Cody Zeller,2022
0022100312,462,MISS Conley 29' 3PT Step Back Jump Shot,203469,1610612757,Cody Zeller,2022
0022100312,60,MISS Clarkson 28' 3PT Jump Shot,203081,1610612757,Damian Lillard,2022
0022100312,88,MISS Bogdanovic 6' Layup,203081,1610612757,Damian Lillard,2022
0022100312,345,Conley 4' Driving Finger Roll Layup (2 PTS),203081,1610612757,Damian Lillard,2022
0022100312,355,Ingles 26' 3PT Jump Shot (8 PTS) (Conley 3 AST),203081,1610612757,Damian Lillard,2022
0022100312,363,MISS Mitchell 27' 3PT Jump Shot,203081,1610612757,Damian Lillard,2022
0022100312,383,Mitchell 2' Driving Layup (17 PTS),203081,1610612757,Damian Lillard,2022
0022100312,502,MISS Ingles 26' 3PT Jump Shot,203081,1610612757,Damian Lillard,2022
0022100312,511,Forrest 5' Driving Layup (4 PTS),203081,1610612757,Damian Lillard,2022
0022100312,591,MISS Mitchell 26' 3PT Jump Shot,1628372,1610612757,Dennis Smith Jr.,2022
0022100312,24,McCollum 25' 3PT Jump Shot (3 PTS) (Lillard 1 AST),1628378,1610612762,Donovan Mitchell,2022
0022100312,41,MISS McCollum 26' 3PT Pullup Jump Shot,1628378,1610612762,Donovan Mitchell,2022
0022100312,73,Lillard 13' Fadeaway Jumper (4 PTS),1628378,1610612762,Donovan Mitchell,2022
0022100312,109,Zeller 2' Layup (2 PTS) (Lillard 2 AST),1628378,1610612762,Donovan Mitchell,2022
0022100312,295,Nurkic 1' Reverse Layup (8 PTS),1628378,1610612762,Donovan Mitchell,2022
0022100312,308,McCollum 14' Driving Floating Jump Shot (11 PTS),1628378,1610612762,Donovan Mitchell,2022
0022100312,347,MISS Little 3PT Jump Shot,1628378,1610612762,Donovan Mitchell,2022
0022100312,402,Snell 3PT Jump Shot (3 PTS) (Zeller 1 AST),1628378,1610612762,Donovan Mitchell,2022
0022100312,405,Simons 9' Floating Jump Shot (13 PTS),1628378,1610612762,Donovan Mitchell,2022
0022100312,415,Snell 3' Layup (5 PTS) (McCollum 3 AST),1628378,1610612762,Donovan Mitchell,2022
0022100312,516,MISS Nurkic 4' Hook Shot,1628378,1610612762,Donovan Mitchell,2022
0022100312,527,Nurkic 3' Putback Layup (18 PTS),1628378,1610612762,Donovan Mitchell,2022
0022100312,613,MISS Watford 6' Layup,1629672,1610612762,Eric Paschall,2022
0022100312,87,McCollum 3' Driving Reverse Layup (7 PTS),202355,1610612762,Hassan Whiteside,2022
0022100312,109,Zeller 2' Layup (2 PTS) (Lillard 2 AST),202355,1610612762,Hassan Whiteside,2022
0022100312,126,Zeller 3' Driving Layup (4 PTS) (Little 1 AST),202355,1610612762,Hassan Whiteside,2022
0022100312,227,Nurkic 4' Hook Bank Shot (2 PTS),202355,1610612762,Hassan Whiteside,2022
0022100312,231,Simons 10' Driving Floating Bank Jump Shot (9 PTS),202355,1610612762,Hassan Whiteside,2022
0022100312,382,Simons 19' Pullup Jump Shot (11 PTS),202355,1610612762,Hassan Whiteside,2022
0022100312,408,McCollum 26' 3PT Pullup Jump Shot (16 PTS),202355,1610612762,Hassan Whiteside,2022
0022100312,613,MISS Watford 6' Layup,1630215,1610612762,Jared Butler,2022
0022100312,622,MISS Smith Jr. 26' 3PT Jump Shot,1630215,1610612762,Jared Butler,2022
0022100312,87,McCollum 3' Driving Reverse Layup (7 PTS),203903,1610612762,Jordan Clarkson,2022
0022100312,130,Simons 24' 3PT Jump Shot (3 PTS) (Little 2 AST),203903,1610612762,Jordan Clarkson,2022
0022100312,182,MISS Simons 25' 3PT Step Back Jump Shot,203903,1610612762,Jordan Clarkson,2022
0022100312,195,MISS Snell 3PT Jump Shot,203903,1610612762,Jordan Clarkson,2022
0022100312,441,Zeller Tip Layup Shot (8 PTS),203903,1610612762,Jordan Clarkson,2022
0022100312,458,McCollum 3' Driving Layup (18 PTS),203903,1610612762,Jordan Clarkson,2022
0022100312,470,MISS Snell 24' 3PT Jump Shot,203903,1610612762,Jordan Clarkson,2022
0022100312,491,Simons 25' 3PT Pullup Jump Shot (24 PTS),203903,1610612762,Jordan Clarkson,2022
0022100312,512,MISS Simons 3PT Jump Shot,203903,1610612762,Jordan Clarkson,2022
0022100312,516,MISS Nurkic 4' Hook Shot,203903,1610612762,Jordan Clarkson,2022
0022100312,527,Nurkic 3' Putback Layup (18 PTS),203903,1610612762,Jordan Clarkson,2022
0022100312,8,MISS Gobert 9' Turnaround Fadeaway Shot,203994,1610612757,Jusuf Nurkić,2022
0022100312,30,Mitchell 17' Pullup Jump Shot (2 PTS),203994,1610612757,Jusuf Nurkić,2022
0022100312,43,Gobert 5' Cutting Dunk Shot (2 PTS) (Ingles 1 AST),203994,1610612757,Jusuf Nurkić,2022
0022100312,48,Gobert 4' Reverse Dunk (4 PTS) (Ingles 2 AST),203994,1610612757,Jusuf Nurkić,2022
0022100312,197,Gobert 5' Alley Oop Dunk (10 PTS) (Forrest 1 AST),203994,1610612757,Jusuf Nurkić,2022
0022100312,243,Bogdanovic 2' Dunk (5 PTS) (Mitchell 3 AST),203994,1610612757,Jusuf Nurkić,2022
0022100312,292,Gobert 2' Layup (12 PTS),203994,1610612757,Jusuf Nurkić,2022
0022100312,359,Ingles 26' 3PT Jump Shot (11 PTS) (Mitchell 5 AST),203994,1610612757,Jusuf Nurkić,2022
0022100312,366,Gobert 4' Alley Oop Dunk (14 PTS) (Conley 4 AST),203994,1610612757,Jusuf Nurkić,2022
0022100312,514,MISS Mitchell 26' 3PT Pullup Jump Shot,203994,1610612757,Jusuf Nurkić,2022
0022100312,518,MISS Clarkson 12' Turnaround Jump Shot,203994,1610612757,Jusuf Nurkić,2022
0022100312,558,Mitchell 8' Driving Floating Jump Shot (30 PTS),203994,1610612757,Jusuf Nurkić,2022
0022100312,143,MISS Simons 3' Driving Layup,201144,1610612762,Mike Conley,2022
0022100312,172,MISS Zeller 4' Layup,201144,1610612762,Mike Conley,2022
0022100312,295,Nurkic 1' Reverse Layup (8 PTS),201144,1610612762,Mike Conley,2022
0022100312,297,MISS McCollum 7' Driving Layup,201144,1610612762,Mike Conley,2022
0022100312,316,MISS Little 2' Tip Layup Shot,201144,1610612762,Mike Conley,2022
0022100312,350,Lillard 14' Step Back Jump Shot (11 PTS),201144,1610612762,Mike Conley,2022
0022100312,365,Little 18' Pullup Jump Shot (4 PTS),201144,1610612762,Mike Conley,2022
0022100312,429,Simons 26' 3PT Pullup Jump Shot (16 PTS),201144,1610612762,Mike Conley,2022
0022100312,434,Simons 27' 3PT Jump Shot (19 PTS) (McCollum 4 AST),201144,1610612762,Mike Conley,2022
0022100312,439,MISS McCollum 4' Driving Floating Bank Jump Shot,201144,1610612762,Mike Conley,2022
0022100312,450,MISS Simons 22' Pullup Jump Shot,201144,1610612762,Mike Conley,2022
0022100312,619,Smith Jr. 5' Driving Layup (3 PTS),1629671,1610612762,Miye Oni,2022
0022100312,634,Watford 2' Layup (2 PTS) (Smith Jr. 1 AST),1629671,1610612762,Miye Oni,2022
0022100312,85,MISS Mitchell 10' Driving Hook Shot,1629642,1610612757,Nassir Little,2022
0022100312,118,MISS Mitchell 13' Pullup Jump Shot,1629642,1610612757,Nassir Little,2022
0022100312,120,MISS Whiteside 4' Layup,1629642,1610612757,Nassir Little,2022
0022100312,128,MISS Whiteside 6' Floating Jump Shot,1629642,1610612757,Nassir Little,2022
0022100312,149,MISS Clarkson 34' 3PT Jump Shot,1629642,1610612757,Nassir Little,2022
0022100312,157,Gobert 4' Cutting Dunk Shot (6 PTS) (Clarkson 1 AST),1629642,1610612757,Nassir Little,2022
0022100312,251,MISS Clarkson 24' 3PT Jump Shot,1629642,1610612757,Nassir Little,2022
0022100312,260,Clarkson 5' Driving Layup (10 PTS),1629642,1610612757,Nassir Little,2022
0022100312,290,MISS Ingles 26' 3PT Jump Shot,1629642,1610612757,Nassir Little,2022
0022100312,309,MISS Bogdanovic 26' 3PT Jump Shot,1629642,1610612757,Nassir Little,2022
0022100312,327,MISS Mitchell 9' Driving Floating Bank Jump Shot,1629642,1610612757,Nassir Little,2022
0022100312,342,Ingles 3' Driving Layup (5 PTS),1629642,1610612757,Nassir Little,2022
0022100312,383,Mitchell 2' Driving Layup (17 PTS),1629642,1610612757,Nassir Little,2022
0022100312,424,MISS Gay 3PT Jump Shot,1629642,1610612757,Nassir Little,2022
0022100312,442,Clarkson 3PT Jump Shot (16 PTS) (Ingles 5 AST),1629642,1610612757,Nassir Little,2022
0022100312,82,Whiteside BLOCK (1 BLK),200752,1610612762,Rudy Gay,2022
0022100312,168,MISS Little 24' 3PT Jump Shot,200752,1610612762,Rudy Gay,2022
0022100312,207,Simons 15' Pullup Jump Shot (7 PTS),200752,1610612762,Rudy Gay,2022
0022100312,210,MISS Lillard 5' Driving Layup,200752,1610612762,Rudy Gay,2022
0022100312,391,Little 26' 3PT Jump Shot (7 PTS) (Simons 1 AST),200752,1610612762,Rudy Gay,2022
0022100312,399,MISS Little 3' Driving Dunk,200752,1610612762,Rudy Gay,2022
0022100312,444,Snell 3PT Jump Shot (8 PTS) (McCollum 5 AST),200752,1610612762,Rudy Gay,2022
0022100312,473,MISS Snell 3PT Jump Shot,200752,1610612762,Rudy Gay,2022
0022100312,500,MISS Nance Jr. Tip Dunk Shot,200752,1610612762,Rudy Gay,2022
0022100312,28,MISS Nurkic 4' Floating Jump Shot,203497,1610612762,Rudy Gobert,2022
0022100312,31,MISS Nurkic 5' Floating Jump Shot,203497,1610612762,Rudy Gobert,2022
0022100312,35,Lillard 7' Driving Layup (2 PTS) (McCollum 1 AST),203497,1610612762,Rudy Gobert,2022
0022100312,50,MISS Covington 5' Driving Layup,203497,1610612762,Rudy Gobert,2022
0022100312,163,Simons 18' Pullup Jump Shot (5 PTS),203497,1610612762,Rudy Gobert,2022
0022100312,172,MISS Zeller 4' Layup,203497,1610612762,Rudy Gobert,2022
0022100312,293,MISS Lillard 25' 3PT Jump Shot,203497,1610612762,Rudy Gobert,2022
0022100312,308,McCollum 14' Driving Floating Jump Shot (11 PTS),203497,1610612762,Rudy Gobert,2022
0022100312,311,Nurkic 4' Cutting Layup Shot (13 PTS) (Lillard 4 AST),203497,1610612762,Rudy Gobert,2022
0022100312,426,Zeller 2' Driving Dunk (6 PTS),203497,1610612762,Rudy Gobert,2022
0022100312,441,Zeller Tip Layup Shot (8 PTS),203497,1610612762,Rudy Gobert,2022
0022100312,454,Simons 18' Pullup Jump Shot (21 PTS),203497,1610612762,Rudy Gobert,2022
0022100312,491,Simons 25' 3PT Pullup Jump Shot (24 PTS),203497,1610612762,Rudy Gobert,2022
0022100312,498,MISS McCollum 2' Driving Layup,203497,1610612762,Rudy Gobert,2022
0022100312,504,Nurkic 4' Cutting Dunk Shot (16 PTS) (Lillard 5 AST),203497,1610612762,Rudy Gobert,2022
0022100312,522,Gobert BLOCK (1 BLK),203497,1610612762,Rudy Gobert,2022
0022100312,547,Nurkic 3' Turnaround Hook Shot (21 PTS) (McCollum 6 AST),203497,1610612762,Rudy Gobert,2022
0022100312,559,Nurkic 20' Jump Shot (24 PTS) (Simons 2 AST),203497,1610612762,Rudy Gobert,2022
0022100312,565,MISS McCollum 5' Driving Layup,203497,1610612762,Rudy Gobert,2022
0022100312,585,MISS Brown III 22' Step Back Jump Shot,203497,1610612762,Rudy Gobert,2022
0022100312,609,MISS Oni 24' 3PT Jump Shot,1630570,1610612757,Trendon Watford,2022
0022100312,611,MISS Oni 3PT Jump Shot,1630570,1610612757,Trendon Watford,2022
0022100312,238,Lillard 27' 3PT Jump Shot (7 PTS) (Covington 1 AST),1630235,1610612762,Trent Forrest,2022
0022100312,525,MISS Nurkic 3' Layup,1630235,1610612762,Trent Forrest,2022
0022100312,527,Nurkic 3' Putback Layup (18 PTS),1630235,1610612762,Trent Forrest,2022
0022100312,540,MISS Lillard 7' Driving Floating Jump Shot,1630235,1610612762,Trent Forrest,2022
0022100947,116,MISS Maxey 13' Pullup Jump Shot,1629164,1610612739,Brandon Goodwin,2022
0022100947,256,Milton 9' Driving Floating Jump Shot (5 PTS) (Maxey 2 AST),1629164,1610612739,Brandon Goodwin,2022
0022100947,269,Milton 10' Turnaround Jump Shot (8 PTS),1629164,1610612739,Brandon Goodwin,2022
0022100947,148,Harden 27' 3PT Step Back Jump Shot (6 PTS),1626224,1610612739,Cedi Osman,2022
0022100947,215,Harris 6' Driving Floating Jump Shot (6 PTS),1626224,1610612739,Cedi Osman,2022
0022100947,302,Harris 2' Layup (13 PTS),1626224,1610612739,Cedi Osman,2022
0022100947,447,Embiid 2' Running Alley Oop Layup Shot (18 PTS) (Maxey 4 AST),1626224,1610612739,Cedi Osman,2022
0022100947,484,Niang 13' Driving Floating Jump Shot (11 PTS) (Harden 8 AST),1626224,1610612739,Cedi Osman,2022
0022100947,520,Niang 26' 3PT Jump Shot (17 PTS) (Harden 10 AST),1626224,1610612739,Cedi Osman,2022
0022100947,133,Goodwin 1' Driving Layup (2 PTS) (Love 2 AST),201980,1610612755,Danny Green,2022
0022100947,177,MISS Garland 29' 3PT Pullup Jump Shot,201980,1610612755,Danny Green,2022
0022100947,183,Stevens 1' Cutting Finger Roll Layup Shot (2 PTS) (Garland 6 AST),201980,1610612755,Danny Green,2022
0022100947,205,MISS Love Putback Layup,201980,1610612755,Danny Green,2022
0022100947,533,Osman 8' Driving Floating Jump Shot (14 PTS) (Garland 13 AST),201980,1610612755,Danny Green,2022
0022100947,17,MISS Harris 25' 3PT Jump Shot,1629636,1610612739,Darius Garland,2022
0022100947,95,Niang 28' 3PT Jump Shot (3 PTS) (Embiid 1 AST),1629636,1610612739,Darius Garland,2022
0022100947,175,Millsap 2' Putback Layup (2 PTS),1629636,1610612739,Darius Garland,2022
0022100947,194,MISS Maxey 15' Fadeaway Jumper,1629636,1610612739,Darius Garland,2022
0022100947,227,Milton 25' 3PT Running Jump Shot (3 PTS) (Harris 1 AST),1629636,1610612739,Darius Garland,2022
0022100947,427,Maxey Driving Finger Roll Layup (21 PTS),1629636,1610612739,Darius Garland,2022
0022100947,493,MISS Milton 11' Driving Floating Jump Shot,1629636,1610612739,Darius Garland,2022
0022100947,568,Maxey 26' 3PT Pullup Jump Shot (26 PTS),1629636,1610612739,Darius Garland,2022
0022100947,624,Embiid 19' Fadeaway Jumper (22 PTS),1629636,1610612739,Darius Garland,2022
0022100947,9,Embiid 8' Turnaround Fadeaway (2 PTS),1630596,1610612739,Evan Mobley,2022
0022100947,28,Maxey 27' 3PT Jump Shot (3 PTS) (Harden 1 AST),1630596,1610612739,Evan Mobley,2022
0022100947,35,Harris 1' Running Reverse Layup (4 PTS) (Maxey 1 AST),1630596,1610612739,Evan Mobley,2022
0022100947,48,MISS Harris 7' Driving Floating Jump Shot,1630596,1610612739,Evan Mobley,2022
0022100947,142,Harden 3' Fadeaway Jumper (2 PTS),1630596,1610612739,Evan Mobley,2022
0022100947,172,MISS Millsap 4' Driving Dunk,1630596,1610612739,Evan Mobley,2022
0022100947,175,Millsap 2' Putback Layup (2 PTS),1630596,1610612739,Evan Mobley,2022
0022100947,198,MISS Harris 6' Pullup Jump Shot,1630596,1610612739,Evan Mobley,2022
0022100947,280,Maxey 2' Driving Reverse Layup (7 PTS),1630596,1610612739,Evan Mobley,2022
0022100947,315,Embiid 2' Layup (13 PTS) (Maxey 3 AST),1630596,1610612739,Evan Mobley,2022
0022100947,364,Embiid 2' Driving Dunk (16 PTS) (Harden 5 AST),1630596,1610612739,Evan Mobley,2022
0022100947,408,Maxey 28' 3PT Jump Shot (17 PTS) (Harden 7 AST),1630596,1610612739,Evan Mobley,2022
0022100947,475,Harden 26' 3PT Step Back Jump Shot (15 PTS),1630596,1610612739,Evan Mobley,2022
0022100947,508,MISS Maxey 9' Driving Floating Jump Shot,1630596,1610612739,Evan Mobley,2022
0022100947,532,Harden 1' Driving Finger Roll Layup (18 PTS),1630596,1610612739,Evan Mobley,2022
0022100947,559,MISS Embiid 6' Fadeaway Jumper,1630596,1610612739,Evan Mobley,2022
0022100947,614,MISS Harden 26' 3PT Step Back Jump Shot,1630596,1610612739,Evan Mobley,2022
0022100947,624,Embiid 19' Fadeaway Jumper (22 PTS),1630596,1610612739,Evan Mobley,2022
0022100947,626,Harden 12' Driving Floating Jump Shot (24 PTS) (Embiid 5 AST),1630596,1610612739,Evan Mobley,2022
0022100947,97,Love 26' 3PT Jump Shot (3 PTS) (Okoro 2 AST),1627777,1610612755,Georges Niang,2022
0022100947,114,Love 29' 3PT Running Jump Shot (6 PTS) (Goodwin 1 AST),1627777,1610612755,Georges Niang,2022
0022100947,129,Love 27' 3PT Jump Shot (9 PTS) (Osman 1 AST),1627777,1610612755,Georges Niang,2022
0022100947,273,MISS Okoro 3PT Jump Shot,1627777,1610612755,Georges Niang,2022
0022100947,467,Garland 2' Driving Finger Roll Layup (21 PTS),1627777,1610612755,Georges Niang,2022
0022100947,517,Niang BLOCK (1 BLK),1627777,1610612755,Georges Niang,2022
0022100947,551,MISS Garland 3' Driving Layup,1627777,1610612755,Georges Niang,2022
0022100947,622,Osman 2' Driving Layup (17 PTS) (Garland 18 AST),1627777,1610612755,Georges Niang,2022
0022100947,447,Embiid 2' Running Alley Oop Layup Shot (18 PTS) (Maxey 4 AST),1630171,1610612739,Isaac Okoro,2022
0022100947,598,MISS Harden 17' Step Back Jump Shot,1630171,1610612739,Isaac Okoro,2022
0022100947,609,Harden 4' Driving Floating Bank Jump Shot (22 PTS) (Maxey 5 AST),1630171,1610612739,Isaac Okoro,2022
0022100947,626,Harden 12' Driving Floating Jump Shot (24 PTS) (Embiid 5 AST),1630171,1610612739,Isaac Okoro,2022
0022100947,37,Allen 1' Alley Oop Dunk (6 PTS) (Garland 5 AST),201935,1610612755,James Harden,2022
0022100947,50,Okoro 3' Driving Floating Bank Jump Shot (8 PTS),201935,1610612755,James Harden,2022
0022100947,57,MISS Markkanen 2' Driving Finger Roll Layup,201935,1610612755,James Harden,2022
0022100947,59,MISS Markkanen Tip Layup Shot,201935,1610612755,James Harden,2022
0022100947,102,Allen 2' Tip Layup Shot (8 PTS),201935,1610612755,James Harden,2022
0022100947,146,MISS Stevens 24' 3PT Jump Shot,201935,1610612755,James Harden,2022
0022100947,189,Stevens 1' Driving Layup (5 PTS) (Garland 7 AST),201935,1610612755,James Harden,2022
0022100947,410,MISS Mobley 3PT Jump Shot,201935,1610612755,James Harden,2022
0022100947,439,Okoro 1' Running Finger Roll Layup (22 PTS) (Garland 11 AST),201935,1610612755,James Harden,2022
0022100947,492,Mobley Tip Layup Shot (4 PTS),201935,1610612755,James Harden,2022
0022100947,527,MISS Love 27' 3PT Jump Shot,201935,1610612755,James Harden,2022
0022100947,533,Osman 8' Driving Floating Jump Shot (14 PTS) (Garland 13 AST),201935,1610612755,James Harden,2022
0022100947,611,Allen 9' Hook Shot (18 PTS) (Garland 16 AST),201935,1610612755,James Harden,2022
0022100947,9,Embiid 8' Turnaround Fadeaway (2 PTS),1628386,1610612739,Jarrett Allen,2022
0022100947,48,MISS Harris 7' Driving Floating Jump Shot,1628386,1610612739,Jarrett Allen,2022
0022100947,84,Embiid 6' Putback Layup (6 PTS),1628386,1610612739,Jarrett Allen,2022
0022100947,112,MISS Niang 26' 3PT Jump Shot,1628386,1610612739,Jarrett Allen,2022
0022100947,230,Embiid 5' Turnaround Hook Shot (8 PTS),1628386,1610612739,Jarrett Allen,2022
0022100947,275,Harris Driving Layup (9 PTS) (Embiid 2 AST),1628386,1610612739,Jarrett Allen,2022
0022100947,298,Harris 3' Turnaround Hook Shot (11 PTS) (Milton 1 AST),1628386,1610612739,Jarrett Allen,2022
0022100947,315,Embiid 2' Layup (13 PTS) (Maxey 3 AST),1628386,1610612739,Jarrett Allen,2022
0022100947,352,MISS Embiid 16' Fadeaway Jumper,1628386,1610612739,Jarrett Allen,2022
0022100947,377,MISS Embiid 26' 3PT Jump Shot,1628386,1610612739,Jarrett Allen,2022
0022100947,412,Maxey 12' Driving Floating Jump Shot (19 PTS),1628386,1610612739,Jarrett Allen,2022
0022100947,421,MISS Harris 9' Pullup Jump Shot,1628386,1610612739,Jarrett Allen,2022
0022100947,437,MISS Embiid 26' 3PT Jump Shot,1628386,1610612739,Jarrett Allen,2022
0022100947,465,MISS Embiid 26' 3PT Pullup Jump Shot,1628386,1610612739,Jarrett Allen,2022
0022100947,593,MISS Maxey 26' 3PT Pullup Jump Shot,1628386,1610612739,Jarrett Allen,2022
0022100947,7,Allen 2' Driving Hook Shot (2 PTS) (Garland 1 AST),203954,1610612755,Joel Embiid,2022
0022100947,13,Allen 1' Cutting Layup Shot (4 PTS) (Garland 3 AST),203954,1610612755,Joel Embiid,2022
0022100947,23,Okoro 3' Driving Floating Bank Jump Shot (4 PTS),203954,1610612755,Joel Embiid,2022
0022100947,59,MISS Markkanen Tip Layup Shot,203954,1610612755,Joel Embiid,2022
0022100947,61,MISS Markkanen Tip Layup Shot,203954,1610612755,Joel Embiid,2022
0022100947,63,Markkanen Putback Layup (2 PTS),203954,1610612755,Joel Embiid,2022
0022100947,85,MISS Allen 6' Jump Shot,203954,1610612755,Joel Embiid,2022
0022100947,101,Markkanen 3' Layup (4 PTS) (Love 1 AST),203954,1610612755,Joel Embiid,2022
0022100947,102,Allen 2' Tip Layup Shot (8 PTS),203954,1610612755,Joel Embiid,2022
0022100947,225,Garland Driving Layup (12 PTS) (Stevens 2 AST),203954,1610612755,Joel Embiid,2022
0022100947,229,Osman 2' Driving Finger Roll Layup (4 PTS),203954,1610612755,Joel Embiid,2022
0022100947,235,Osman 25' 3PT Running Pull-Up Jump Shot (7 PTS) (Stevens 3 AST),203954,1610612755,Joel Embiid,2022
0022100947,300,Osman 1' Driving Bank Hook Shot (12 PTS) (Garland 8 AST),203954,1610612755,Joel Embiid,2022
0022100947,307,MISS Osman 27' 3PT Pullup Jump Shot,203954,1610612755,Joel Embiid,2022
0022100947,313,MISS Mobley 10' Jump Shot,203954,1610612755,Joel Embiid,2022
0022100947,379,Garland 18' Pullup Jump Shot (14 PTS) (Okoro 3 AST),203954,1610612755,Joel Embiid,2022
0022100947,382,Garland 26' 3PT Running Pull-Up Jump Shot (17 PTS),203954,1610612755,Joel Embiid,2022
0022100947,389,MISS Allen 6' Hook Shot,203954,1610612755,Joel Embiid,2022
0022100947,397,Allen 2' Cutting Layup Shot (12 PTS) (Garland 9 AST),203954,1610612755,Joel Embiid,2022
0022100947,557,MISS Mobley 18' Pullup Jump Shot,203954,1610612755,Joel Embiid,2022
0022100947,583,Allen 2' Cutting Dunk Shot (16 PTS) (Garland 15 AST),203954,1610612755,Joel Embiid,2022
0022100947,616,Allen 7' Cutting Layup Shot (20 PTS) (Garland 17 AST),203954,1610612755,Joel Embiid,2022
0022100947,629,MISS Mobley 26' 3PT Step Back Jump Shot,203954,1610612755,Joel Embiid,2022
0022100947,92,MISS Niang 24' 3PT Jump Shot,201567,1610612739,Kevin Love,2022
0022100947,131,Niang 26' 3PT Jump Shot (6 PTS) (Harden 3 AST),201567,1610612739,Kevin Love,2022
0022100947,172,MISS Millsap 4' Driving Dunk,201567,1610612739,Kevin Love,2022
0022100947,221,MISS Harris 26' 3PT Jump Shot,201567,1610612739,Kevin Love,2022
0022100947,245,MISS Harris 15' Pullup Jump Shot,201567,1610612739,Kevin Love,2022
0022100947,249,MISS Milton 3PT Jump Shot,201567,1610612739,Kevin Love,2022
0022100947,443,MISS Thybulle 3PT Jump Shot,201567,1610612739,Kevin Love,2022
0022100947,488,Niang 26' 3PT Jump Shot (14 PTS) (Harden 9 AST),201567,1610612739,Kevin Love,2022
0022100947,529,MISS Niang 26' 3PT Jump Shot,201567,1610612739,Kevin Love,2022
0022100947,559,MISS Embiid 6' Fadeaway Jumper,201567,1610612739,Kevin Love,2022
0022100947,571,Maxey 27' 3PT Step Back Jump Shot (29 PTS),201567,1610612739,Kevin Love,2022
0022100947,585,Harris 2' Cutting Layup Shot (15 PTS) (Embiid 4 AST),201567,1610612739,Kevin Love,2022
0022100947,135,Niang 26' 3PT Jump Shot (9 PTS) (Harden 4 AST),1630205,1610612739,Lamar Stevens,2022
0022100947,142,Harden 3' Fadeaway Jumper (2 PTS),1630205,1610612739,Lamar Stevens,2022
0022100947,168,MISS Korkmaz 24' 3PT Pullup Jump Shot,1630205,1610612739,Lamar Stevens,2022
0022100947,230,Embiid 5' Turnaround Hook Shot (8 PTS),1630205,1610612739,Lamar Stevens,2022
0022100947,459,Milton 3PT Jump Shot (11 PTS) (Embiid 3 AST),1630205,1610612739,Lamar Stevens,2022
0022100947,524,MISS Harden 12' Driving Layup,1630205,1610612739,Lamar Stevens,2022
0022100947,545,MISS Harden 25' 3PT Step Back Jump Shot,1630205,1610612739,Lamar Stevens,2022
0022100947,559,MISS Embiid 6' Fadeaway Jumper,1630205,1610612739,Lamar Stevens,2022
0022100947,578,Maxey 1' Running Dunk (31 PTS) (Harden 11 AST),1630205,1610612739,Lamar Stevens,2022
0022100947,12,Harris 6' Driving Floating Jump Shot (2 PTS),1628374,1610612739,Lauri Markkanen,2022
0022100947,31,MISS Harris 24' 3PT Jump Shot,1628374,1610612739,Lauri Markkanen,2022
0022100947,44,MISS Thybulle 24' 3PT Jump Shot,1628374,1610612739,Lauri Markkanen,2022
0022100947,55,Maxey 5' Driving Floating Jump Shot (5 PTS) (Harden 2 AST),1628374,1610612739,Lauri Markkanen,2022
0022100947,74,MISS Maxey 9' Driving Floating Jump Shot,1628374,1610612739,Lauri Markkanen,2022
0022100947,81,MISS Embiid 7' Driving Layup,1628374,1610612739,Lauri Markkanen,2022
0022100947,84,Embiid 6' Putback Layup (6 PTS),1628374,1610612739,Lauri Markkanen,2022
0022100947,99,MISS Embiid 28' 3PT Jump Shot,1628374,1610612739,Lauri Markkanen,2022
0022100947,371,Maxey 3PT Jump Shot (12 PTS) (Harden 6 AST),1628374,1610612739,Lauri Markkanen,2022
0022100947,380,MISS Harris 25' 3PT Jump Shot,1628374,1610612739,Lauri Markkanen,2022
0022100947,30,Garland 26' 3PT Pullup Jump Shot (3 PTS),1629680,1610612755,Matisse Thybulle,2022
0022100947,42,Garland 5' Pullup Jump Shot (5 PTS) (Okoro 1 AST),1629680,1610612755,Matisse Thybulle,2022
0022100947,76,MISS Garland 9' Driving Floating Jump Shot,1629680,1610612755,Matisse Thybulle,2022
0022100947,102,Allen 2' Tip Layup Shot (8 PTS),1629680,1610612755,Matisse Thybulle,2022
0022100947,406,MISS Garland 18' Pullup Jump Shot,1629680,1610612755,Matisse Thybulle,2022
0022100947,423,MISS Osman 24' 3PT Jump Shot,1629680,1610612755,Matisse Thybulle,2022
0022100947,433,MISS Love 3PT Step Back Jump Shot,1629680,1610612755,Matisse Thybulle,2022
0022100947,445,Thybulle BLOCK (1 BLK),1629680,1610612755,Matisse Thybulle,2022
0022100947,197,Garland 3' Driving Layup (7 PTS),200794,1610612755,Paul Millsap,2022
0022100947,200,MISS Stevens 3' Driving Layup,200794,1610612755,Paul Millsap,2022
0022100947,486,MISS Garland 26' 3PT Pullup Jump Shot,200794,1610612755,Paul Millsap,2022
0022100947,492,Mobley Tip Layup Shot (4 PTS),200794,1610612755,Paul Millsap,2022
0022100947,495,Garland 26' 3PT Step Back Jump Shot (24 PTS),200794,1610612755,Paul Millsap,2022
0022100947,247,MISS Love 28' 3PT Jump Shot,1629003,1610612755,Shake Milton,2022
0022100947,290,Osman 27' 3PT Jump Shot (10 PTS) (Mobley 1 AST),1629003,1610612755,Shake Milton,2022
0022100947,300,Osman 1' Driving Bank Hook Shot (12 PTS) (Garland 8 AST),1629003,1610612755,Shake Milton,2022
0022100947,305,MISS Garland 4' Driving Floating Jump Shot,1629003,1610612755,Shake Milton,2022
0022100947,490,MISS Osman 3PT Jump Shot,1629003,1610612755,Shake Milton,2022
0022100947,522,MISS Love 26' 3PT Jump Shot,1629003,1610612755,Shake Milton,2022
0022100947,583,Allen 2' Cutting Dunk Shot (16 PTS) (Garland 15 AST),1629003,1610612755,Shake Milton,2022
0022100947,596,MISS Osman 26' 3PT Jump Shot,1629003,1610612755,Shake Milton,2022
0022100947,61,MISS Markkanen Tip Layup Shot,202699,1610612755,Tobias Harris,2022
0022100947,63,Markkanen Putback Layup (2 PTS),202699,1610612755,Tobias Harris,2022
0022100947,76,MISS Garland 9' Driving Floating Jump Shot,202699,1610612755,Tobias Harris,2022
0022100947,197,Garland 3' Driving Layup (7 PTS),202699,1610612755,Tobias Harris,2022
0022100947,225,Garland Driving Layup (12 PTS) (Stevens 2 AST),202699,1610612755,Tobias Harris,2022
0022100947,267,MISS Osman 28' 3PT Jump Shot,202699,1610612755,Tobias Harris,2022
0022100947,356,MISS Mobley 13' Turnaround Jump Shot,202699,1610612755,Tobias Harris,2022
0022100947,362,MISS Garland 25' 3PT Jump Shot,202699,1610612755,Tobias Harris,2022
0022100947,543,Mobley 3' Alley Oop Dunk (7 PTS) (Garland 14 AST),202699,1610612755,Tobias Harris,2022
0022100947,591,MISS Markkanen 25' 3PT Turnaround Fadeaway Shot,202699,1610612755,Tobias Harris,2022
0022100947,616,Allen 7' Cutting Layup Shot (20 PTS) (Garland 17 AST),202699,1610612755,Tobias Harris,2022
0022100947,625,Garland 9' Driving Floating Jump Shot (26 PTS),202699,1610612755,Tobias Harris,2022
0022100947,10,Okoro 3' Driving Floating Bank Jump Shot (2 PTS) (Garland 2 AST),1630178,1610612755,Tyrese Maxey,2022
0022100947,37,Allen 1' Alley Oop Dunk (6 PTS) (Garland 5 AST),1630178,1610612755,Tyrese Maxey,2022
0022100947,94,Okoro 5' Driving Layup (13 PTS),1630178,1610612755,Tyrese Maxey,2022
0022100947,219,Garland 24' 3PT Jump Shot (10 PTS) (Stevens 1 AST),1630178,1610612755,Tyrese Maxey,2022
0022100947,225,Garland Driving Layup (12 PTS) (Stevens 2 AST),1630178,1610612755,Tyrese Maxey,2022
0022100947,231,MISS Love 13' Jump Shot,1630178,1610612755,Tyrese Maxey,2022
0022100947,305,MISS Garland 4' Driving Floating Jump Shot,1630178,1610612755,Tyrese Maxey,2022
0022100947,461,Allen 2' Dunk (14 PTS) (Garland 12 AST),1630178,1610612755,Tyrese Maxey,2022
0022100947,567,Markkanen 17' Pullup Jump Shot (6 PTS),1630178,1610612755,Tyrese Maxey,2022
0022100947,569,MISS Garland 10' Fadeaway Jumper,1630178,1610612755,Tyrese Maxey,2022
0022100947,572,MISS Garland 25' 3PT Jump Shot,1630178,1610612755,Tyrese Maxey,2022
0022100947,600,MISS Garland 8' Driving Floating Jump Shot,1630178,1610612755,Tyrese Maxey,2022
0022100947,602,Maxey BLOCK (1 BLK),1630178,1610612755,Tyrese Maxey,2022
0022100947,637,Osman 27' 3PT Jump Shot (20 PTS) (Garland 19 AST),1630178,1610612755,Tyrese Maxey,2022
0022100127,122,MISS Mykhailiuk 3' Cutting Layup Shot,1626224,1610612739,Cedi Osman,2022
0022100127,160,Barnes 18' Pullup Jump Shot (6 PTS),1626224,1610612739,Cedi Osman,2022
0022100127,260,MISS Boucher 15' Step Back Jump Shot,1626224,1610612739,Cedi Osman,2022
0022100127,283,Barnes 1' Running Alley Oop Layup Shot (10 PTS) (Anunoby 4 AST),1626224,1610612739,Cedi Osman,2022
0022100127,289,Achiuwa Putback Layup (4 PTS),1626224,1610612739,Cedi Osman,2022
0022100127,433,MISS Barnes 11' Turnaround Jump Shot,1626224,1610612739,Cedi Osman,2022
0022100127,599,MISS VanVleet 4' Jump Shot,1626224,1610612739,Cedi Osman,2022
0022100127,618,Anunoby 26' 3PT Jump Shot (23 PTS),1626224,1610612739,Cedi Osman,2022
0022100127,628,MISS Anunoby 22' Step Back Jump Shot,1626224,1610612739,Cedi Osman,2022
0022100127,202,Mobley 4' Turnaround Hook Shot (7 PTS) (Garland 2 AST),1628449,1610612761,Chris Boucher,2022
0022100127,222,Wade 12' Pullup Jump Shot (4 PTS) (Mobley 1 AST),1628449,1610612761,Chris Boucher,2022
0022100127,11,Achiuwa 6' Turnaround Jump Shot (2 PTS) (VanVleet 1 AST),1629012,1610612739,Collin Sexton,2022
0022100127,48,MISS VanVleet 7' Floating Jump Shot,1629012,1610612739,Collin Sexton,2022
0022100127,62,MISS Trent Jr. 4' Driving Finger Roll Layup,1629012,1610612739,Collin Sexton,2022
0022100127,90,MISS VanVleet 19' Jump Shot,1629012,1610612739,Collin Sexton,2022
0022100127,94,Anunoby 13' Turnaround Fadeaway (8 PTS),1629012,1610612739,Collin Sexton,2022
0022100127,280,Flynn 7' Driving Floating Jump Shot (2 PTS),1629012,1610612739,Collin Sexton,2022
0022100127,287,MISS Anunoby 3' Jump Shot,1629012,1610612739,Collin Sexton,2022
0022100127,506,MISS VanVleet 3PT Jump Shot,1629012,1610612739,Collin Sexton,2022
0022100127,521,MISS VanVleet 9' Driving Floating Jump Shot,1629012,1610612739,Collin Sexton,2022
0022100127,526,MISS VanVleet 16' Pullup Jump Shot,1629012,1610612739,Collin Sexton,2022
0022100127,559,MISS VanVleet 14' Turnaround Fadeaway Shot,1629012,1610612739,Collin Sexton,2022
0022100127,562,VanVleet 22' Step Back Jump Shot (18 PTS),1629012,1610612739,Collin Sexton,2022
0022100127,602,MISS Anunoby 3PT Jump Shot,1629012,1610612739,Collin Sexton,2022
0022100127,126,MISS Mobley 1' Jump Shot,1630625,1610612761,Dalano Banton,2022
0022100127,133,Rubio 5' Driving Finger Roll Layup (4 PTS),1630625,1610612761,Dalano Banton,2022
0022100127,136,Rubio 2' Driving Finger Roll Layup (6 PTS) (Osman 1 AST),1630625,1610612761,Dalano Banton,2022
0022100127,161,Garland 2' Driving Layup (4 PTS),1630625,1610612761,Dalano Banton,2022
0022100127,169,MISS Osman 26' 3PT Step Back Jump Shot,1630625,1610612761,Dalano Banton,2022
0022100127,173,Barnes BLOCK (1 BLK),1630625,1610612761,Dalano Banton,2022
0022100127,466,Rubio 1' Driving Layup (11 PTS),1630625,1610612761,Dalano Banton,2022
0022100127,8,Trent Jr. 25' 3PT Step Back Jump Shot (3 PTS),1629636,1610612739,Darius Garland,2022
0022100127,25,MISS Trent Jr. 21' Step Back Jump Shot,1629636,1610612739,Darius Garland,2022
0022100127,134,Banton 2' Layup (4 PTS) (Trent Jr. 1 AST),1629636,1610612739,Darius Garland,2022
0022100127,157,Barnes 11' Driving Hook Shot (4 PTS),1629636,1610612739,Darius Garland,2022
0022100127,187,MISS Mykhailiuk 3PT Jump Shot,1629636,1610612739,Darius Garland,2022
0022100127,209,MISS Mykhailiuk 25' 3PT Pullup Jump Shot,1629636,1610612739,Darius Garland,2022
0022100127,320,VanVleet 25' 3PT Pullup Jump Shot (12 PTS),1629636,1610612739,Darius Garland,2022
0022100127,389,MISS Anunoby 26' 3PT Jump Shot,1629636,1610612739,Darius Garland,2022
0022100127,407,MISS Anunoby 25' 3PT Jump Shot,1629636,1610612739,Darius Garland,2022
0022100127,494,VanVleet 9' Driving Floating Jump Shot (16 PTS) (Birch 1 AST),1629636,1610612739,Darius Garland,2022
0022100127,506,MISS VanVleet 3PT Jump Shot,1629636,1610612739,Darius Garland,2022
0022100127,534,Barnes 4' Dunk (12 PTS),1629636,1610612739,Darius Garland,2022
0022100127,588,Trent Jr. 3' Driving Finger Roll Layup (17 PTS),1629636,1610612739,Darius Garland,2022
0022100127,632,MISS VanVleet 26' 3PT Jump Shot,1629636,1610612739,Darius Garland,2022
0022100127,14,MISS Anunoby 11' Turnaround Fadeaway Shot,1629731,1610612739,Dean Wade,2022
0022100127,29,Anunoby 1' Running Dunk (2 PTS),1629731,1610612739,Dean Wade,2022
0022100127,36,VanVleet 3PT Jump Shot (3 PTS) (Anunoby 1 AST),1629731,1610612739,Dean Wade,2022
0022100127,189,VanVleet 3PT Jump Shot (6 PTS) (Barnes 1 AST),1629731,1610612739,Dean Wade,2022
0022100127,323,Anunoby 2' Running Alley Oop Dunk Shot (12 PTS) (VanVleet 6 AST),1629731,1610612739,Dean Wade,2022
0022100127,368,MISS Anunoby 18' Turnaround Fadeaway Shot,1629731,1610612739,Dean Wade,2022
0022100127,371,Trent Jr. 3' Layup (10 PTS) (Barnes 3 AST),1629731,1610612739,Dean Wade,2022
0022100127,375,MISS Anunoby 2' Driving Layup,1629731,1610612739,Dean Wade,2022
0022100127,530,MISS Barnes 9' Jump Shot,1629731,1610612739,Dean Wade,2022
0022100127,107,MISS Trent Jr. 18' Step Back Jump Shot,1629685,1610612739,Dylan Windler,2022
0022100127,131,MISS Birch 9' Floating Jump Shot,1629685,1610612739,Dylan Windler,2022
0022100127,444,Trent Jr. 19' Step Back Jump Shot (15 PTS) (Banton 1 AST),1629685,1610612739,Dylan Windler,2022
0022100127,456,MISS Trent Jr. 2' Driving Finger Roll Layup,1629685,1610612739,Dylan Windler,2022
0022100127,487,MISS Trent Jr. 30' 3PT Jump Shot,1629685,1610612739,Dylan Windler,2022
0022100127,498,MISS Mykhailiuk 3' Driving Layup,1629685,1610612739,Dylan Windler,2022
0022100127,18,MISS Barnes 8' Cutting Layup Shot,1630596,1610612739,Evan Mobley,2022
0022100127,32,Anunoby 1' Running Dunk (4 PTS) (VanVleet 2 AST),1630596,1610612739,Evan Mobley,2022
0022100127,117,Barnes 18' Pullup Jump Shot (2 PTS),1630596,1610612739,Evan Mobley,2022
0022100127,122,MISS Mykhailiuk 3' Cutting Layup Shot,1630596,1610612739,Evan Mobley,2022
0022100127,124,MISS Birch Tip Layup Shot,1630596,1610612739,Evan Mobley,2022
0022100127,131,MISS Birch 9' Floating Jump Shot,1630596,1610612739,Evan Mobley,2022
0022100127,142,Birch 4' Floating Jump Shot (2 PTS) (VanVleet 4 AST),1630596,1610612739,Evan Mobley,2022
0022100127,146,Banton 3' Driving Bank Hook Shot (6 PTS),1630596,1610612739,Evan Mobley,2022
0022100127,155,MISS Banton 15' Driving Floating Jump Shot,1630596,1610612739,Evan Mobley,2022
0022100127,157,Barnes 11' Driving Hook Shot (4 PTS),1630596,1610612739,Evan Mobley,2022
0022100127,182,MISS Barnes 14' Floating Jump Shot,1630596,1610612739,Evan Mobley,2022
0022100127,194,MISS Boucher 26' 3PT Jump Shot,1630596,1610612739,Evan Mobley,2022
0022100127,258,MISS Anunoby 3PT Jump Shot,1630596,1610612739,Evan Mobley,2022
0022100127,273,MISS Barnes 4' Turnaround Hook Shot,1630596,1610612739,Evan Mobley,2022
0022100127,275,Barnes Tip Layup Shot (8 PTS),1630596,1610612739,Evan Mobley,2022
0022100127,287,MISS Anunoby 3' Jump Shot,1630596,1610612739,Evan Mobley,2022
0022100127,289,Achiuwa Putback Layup (4 PTS),1630596,1610612739,Evan Mobley,2022
0022100127,303,MISS Barnes 3' Driving Layup,1630596,1610612739,Evan Mobley,2022
0022100127,335,MISS Barnes 15' Floating Jump Shot,1630596,1610612739,Evan Mobley,2022
0022100127,352,Trent Jr. 4' Driving Floating Jump Shot (8 PTS),1630596,1610612739,Evan Mobley,2022
0022100127,355,MISS Barnes 22' Turnaround Fadeaway Shot,1630596,1610612739,Evan Mobley,2022
0022100127,464,MISS Birch 7' Floating Jump Shot,1630596,1610612739,Evan Mobley,2022
0022100127,469,Banton 10' Turnaround Fadeaway (11 PTS),1630596,1610612739,Evan Mobley,2022
0022100127,487,MISS Trent Jr. 30' 3PT Jump Shot,1630596,1610612739,Evan Mobley,2022
0022100127,498,MISS Mykhailiuk 3' Driving Layup,1630596,1610612739,Evan Mobley,2022
0022100127,511,Birch 8' Floating Jump Shot (4 PTS) (Anunoby 5 AST),1630596,1610612739,Evan Mobley,2022
0022100127,523,Anunoby 26' 3PT Jump Shot (17 PTS) (Barnes 4 AST),1630596,1610612739,Evan Mobley,2022
0022100127,528,MISS Barnes 2' Driving Finger Roll Layup,1630596,1610612739,Evan Mobley,2022
0022100127,530,MISS Barnes 9' Jump Shot,1630596,1610612739,Evan Mobley,2022
0022100127,588,Trent Jr. 3' Driving Finger Roll Layup (17 PTS),1630596,1610612739,Evan Mobley,2022
0022100127,608,MISS Barnes 8' Jump Shot,1630596,1610612739,Evan Mobley,2022
0022100127,661,MISS Barnes Tip Layup Shot,1630596,1610612739,Evan Mobley,2022
0022100127,9,MISS Sexton 11' Driving Floating Jump Shot,1627832,1610612761,Fred VanVleet,2022
0022100127,34,MISS Wade 3PT Jump Shot,1627832,1610612761,Fred VanVleet,2022
0022100127,43,MISS Sexton 9' Hook Shot,1627832,1610612761,Fred VanVleet,2022
0022100127,47,Sexton Tip Layup Shot (2 PTS),1627832,1610612761,Fred VanVleet,2022
0022100127,68,MISS Rubio 7' Floating Jump Shot,1627832,1610612761,Fred VanVleet,2022
0022100127,80,MISS Sexton 3PT Jump Shot,1627832,1610612761,Fred VanVleet,2022
0022100127,85,Birch BLOCK (1 BLK),1627832,1610612761,Fred VanVleet,2022
0022100127,158,MISS Windler 3PT Jump Shot,1627832,1610612761,Fred VanVleet,2022
0022100127,161,Garland 2' Driving Layup (4 PTS),1627832,1610612761,Fred VanVleet,2022
0022100127,211,Sexton 4' Driving Finger Roll Layup (4 PTS),1627832,1610612761,Fred VanVleet,2022
0022100127,556,MISS Sexton 3' Driving Layup,1627832,1610612761,Fred VanVleet,2022
0022100127,558,Sexton Tip Layup Shot (9 PTS),1627832,1610612761,Fred VanVleet,2022
0022100127,586,MISS Sexton 2' Driving Hook Shot,1627832,1610612761,Fred VanVleet,2022
0022100127,616,Garland 15' Driving Floating Jump Shot (19 PTS) (Rubio 4 AST),1627832,1610612761,Fred VanVleet,2022
0022100127,17,Garland 8' Driving Finger Roll Layup (2 PTS),1629018,1610612761,Gary Trent Jr.,2022
0022100127,68,MISS Rubio 7' Floating Jump Shot,1629018,1610612761,Gary Trent Jr.,2022
0022100127,95,MISS Rubio 8' Driving Floating Jump Shot,1629018,1610612761,Gary Trent Jr.,2022
0022100127,250,Trent Jr. BLOCK (1 BLK),1629018,1610612761,Gary Trent Jr.,2022
0022100127,256,Rubio 26' 3PT Jump Shot (9 PTS) (Sexton 2 AST),1629018,1610612761,Gary Trent Jr.,2022
0022100127,344,MISS Wade 24' 3PT Jump Shot,1629018,1610612761,Gary Trent Jr.,2022
0022100127,349,MISS Wade 3' Driving Floating Jump Shot,1629018,1610612761,Gary Trent Jr.,2022
0022100127,409,Osman 25' 3PT Jump Shot (13 PTS),1629018,1610612761,Gary Trent Jr.,2022
0022100127,589,MISS Sexton 25' 3PT Jump Shot,1629018,1610612761,Gary Trent Jr.,2022
0022100127,642,Trent Jr. BLOCK (2 BLK),1629018,1610612761,Gary Trent Jr.,2022
0022100127,41,MISS Achiuwa 24' 3PT Pullup Jump Shot,1628386,1610612739,Jarrett Allen,2022
0022100127,66,Trent Jr. 24' 3PT Jump Shot (6 PTS) (Anunoby 2 AST),1628386,1610612739,Jarrett Allen,2022
0022100127,78,Anunoby 2' Driving Layup (6 PTS) (VanVleet 3 AST),1628386,1610612739,Jarrett Allen,2022
0022100127,109,Banton 1' Layup (2 PTS),1628386,1610612739,Jarrett Allen,2022
0022100127,200,MISS VanVleet 5' Fadeaway Jumper,1628386,1610612739,Jarrett Allen,2022
0022100127,207,MISS VanVleet 14' Floating Jump Shot,1628386,1610612739,Jarrett Allen,2022
0022100127,220,VanVleet 3PT Jump Shot (9 PTS) (Anunoby 3 AST),1628386,1610612739,Jarrett Allen,2022
0022100127,235,MISS Trent Jr. 17' Pullup Jump Shot,1628386,1610612739,Jarrett Allen,2022
0022100127,287,MISS Anunoby 3' Jump Shot,1628386,1610612739,Jarrett Allen,2022
0022100127,335,MISS Barnes 15' Floating Jump Shot,1628386,1610612739,Jarrett Allen,2022
0022100127,352,Trent Jr. 4' Driving Floating Jump Shot (8 PTS),1628386,1610612739,Jarrett Allen,2022
0022100127,393,Trent Jr. 26' 3PT Step Back Jump Shot (13 PTS),1628386,1610612739,Jarrett Allen,2022
0022100127,416,Anunoby 2' Reverse Layup (14 PTS),1628386,1610612739,Jarrett Allen,2022
0022100127,418,MISS Anunoby 16' Step Back Jump Shot,1628386,1610612739,Jarrett Allen,2022
0022100127,511,Birch 8' Floating Jump Shot (4 PTS) (Anunoby 5 AST),1628386,1610612739,Jarrett Allen,2022
0022100127,528,MISS Barnes 2' Driving Finger Roll Layup,1628386,1610612739,Jarrett Allen,2022
0022100127,530,MISS Barnes 9' Jump Shot,1628386,1610612739,Jarrett Allen,2022
0022100127,537,MISS Birch 3PT Jump Shot,1628386,1610612739,Jarrett Allen,2022
0022100127,584,MISS VanVleet 25' 3PT Pullup Jump Shot,1628386,1610612739,Jarrett Allen,2022
0022100127,591,MISS Birch 11' Jump Shot,1628386,1610612739,Jarrett Allen,2022
0022100127,593,MISS Birch Tip Layup Shot,1628386,1610612739,Jarrett Allen,2022
0022100127,596,MISS Barnes 8' Floating Jump Shot,1628386,1610612739,Jarrett Allen,2022
0022100127,659,MISS Anunoby 6' Turnaround Fadeaway Shot,1628386,1610612739,Jarrett Allen,2022
0022100127,666,Barnes 4' Tip Layup Shot (14 PTS),1628386,1610612739,Jarrett Allen,2022
0022100127,111,MISS Rubio 3' Driving Reverse Layup,203920,1610612761,Khem Birch,2022
0022100127,144,MISS Mobley 26' 3PT Jump Shot,203920,1610612761,Khem Birch,2022
0022100127,391,MISS Garland 9' Driving Floating Jump Shot,203920,1610612761,Khem Birch,2022
0022100127,405,Stevens 2' Cutting Layup Shot (2 PTS) (Garland 6 AST),203920,1610612761,Khem Birch,2022
0022100127,417,Osman 26' 3PT Pullup Jump Shot (16 PTS),203920,1610612761,Khem Birch,2022
0022100127,420,Birch BLOCK (2 BLK),203920,1610612761,Khem Birch,2022
0022100127,428,Mobley 11' Turnaround Jump Shot (14 PTS) (Windler 2 AST),203920,1610612761,Khem Birch,2022
0022100127,525,Garland 14' Driving Floating Jump Shot (11 PTS),203920,1610612761,Khem Birch,2022
0022100127,558,Sexton Tip Layup Shot (9 PTS),203920,1610612761,Khem Birch,2022
0022100127,563,MISS Garland 12' Pullup Jump Shot,203920,1610612761,Khem Birch,2022
0022100127,575,Allen 25' 3PT Pullup Jump Shot (12 PTS),203920,1610612761,Khem Birch,2022
0022100127,586,MISS Sexton 2' Driving Hook Shot,203920,1610612761,Khem Birch,2022
0022100127,626,Allen 1' Cutting Dunk Shot (14 PTS) (Mobley 2 AST),203920,1610612761,Khem Birch,2022
0022100127,630,Allen 2' Driving Finger Roll Layup (16 PTS) (Garland 8 AST),203920,1610612761,Khem Birch,2022
