GRID_TYPE,GAME_ID,EVENTNUM,PLAYER_ID,PLAYER_NAME,TEAM_ID,TEAM_NAME,PERIOD,MINUTES_REMAINING,SECONDS_REMAINING,EVENT_TYPE,ACTION_TYPE,SHOT_TYPE,SHOT_ZONE_BASIC,SHOT_ZONE_AREA,SHOT_ZONE_RANGE,SHOT_DISTANCE,LOC_X,LOC_Y,SHOT_ATTEMPTED_FLAG,SHOT_MADE_FLAG,GAME_DATE,HTM,VTM,SHOT_ID,PLAYERS_ON,assisted,season_type,time,extra,year,DEF_ID,score_margin,DEF_POSITION,DEF_ROLE,D_LEBRON,dsc,OFF_POSITION,OFF_ROLE,O_LEBRON,opp_team,OPP_ID,ASSIST_ID
Shot Chart Detail,22100006,9,0,Opponent,1610612761,Toronto Raptors,1,11,24,Missed Shot,Jump Shot,,Right Corner 3,Right Side(R),24+ ft.,25,250,-32,1,0,20211020,TOR,WAS,221000069,|1627832|1628384|1630173|1630567|201609,0,REG,,,2022,201609,-3.0,PG,Chaser,-0.32,MISS Caldwell-Pope 25' 3PT Jump Shot,,,,WAS,1610612764.0,
Shot Chart Detail,22100006,12,0,Opponent,1610612761,Toronto Raptors,1,10,50,Made Shot,Jump Shot,,Left Corner 3,Left Side(L),24+ ft.,23,-232,36,1,1,20211020,TOR,WAS,2210000612,|1627832|1628384|1630173|1630567|201609,1,REG,,,2022,1630567,-2.0,PF,Helper,0.63,Kuzma 3PT Jump Shot (3 PTS) (Beal 1 AST),,,,WAS,1610612764.0,203078.0
Shot Chart Detail,22100006,16,0,Opponent,1610612761,Toronto Raptors,1,10,20,Made Shot,Driving Layup Shot,,In The Paint (Non-RA),Center(C),Less Than 8 ft.,5,-48,24,1,1,20211020,TOR,WAS,2210000616,|1627832|1628384|1630173|1630567|201609,1,REG,,,2022,1627832|1630567,0.0,,,,,,,,WAS,1610612764.0,203484.0
Shot Chart Detail,22100006,21,0,Opponent,1610612761,Toronto Raptors,1,9,59,Missed Shot,Jump Shot,,Above the Break 3,Center(C),24+ ft.,25,38,252,1,0,20211020,TOR,WAS,2210000621,|1627832|1628384|1630173|1630567|201609,0,REG,,,2022,1630567,0.0,PF,Helper,0.63,MISS Beal 25' 3PT Jump Shot,,,,WAS,1610612764.0,
Shot Chart Detail,22100006,26,0,Opponent,1610612761,Toronto Raptors,1,9,41,Missed Shot,Running Pull-Up Jump Shot,,Above the Break 3,Left Side Center(LC),24+ ft.,25,-184,179,1,0,20211020,TOR,WAS,2210000626,|1627832|1628384|1630173|1630567|201609,0,REG,,,2022,1628384,0.0,SF,Wing Stopper,1.03,MISS Kuzma 26' 3PT Running Pull-Up Jump Shot,,,,WAS,1610612764.0,
Shot Chart Detail,22100006,31,0,Opponent,1610612761,Toronto Raptors,1,9,15,Made Shot,Pullup Jump shot,,Mid-Range,Left Side Center(LC),16-24 ft.,17,-100,138,1,1,20211020,TOR,WAS,2210000631,|1627832|1628384|1630173|1630567|201609,1,REG,,,2022,1628384,2.0,SF,Wing Stopper,1.03,Beal 17' Pullup Jump Shot (2 PTS) (Dinwiddie 1 AST),,,,WAS,1610612764.0,203915.0
Shot Chart Detail,22100006,34,0,Opponent,1610612761,Toronto Raptors,1,8,45,Made Shot,Driving Floating Jump Shot,,In The Paint (Non-RA),Center(C),Less Than 8 ft.,5,22,48,1,1,20211020,TOR,WAS,2210000634,|1627832|1628384|1630173|1630567|201609,0,REG,,,2022,1630173,2.0,C,Mobile Big,0.24,Dinwiddie 5' Driving Floating Jump Shot (4 PTS),,,,WAS,1610612764.0,
Shot Chart Detail,22100006,42,0,Opponent,1610612761,Toronto Raptors,1,8,5,Missed Shot,Driving Floating Bank Jump Shot,,In The Paint (Non-RA),Center(C),Less Than 8 ft.,7,-61,42,1,0,20211020,TOR,WAS,2210000642,|1627832|1628384|1630173|1630567|201609,0,REG,,,2022,1627832,3.0,PG,Point of Attack,0.9,MISS Dinwiddie 7' Driving Floating Bank Jump Shot,,,,WAS,1610612764.0,
Shot Chart Detail,22100006,44,0,Opponent,1610612761,Toronto Raptors,1,8,2,Made Shot,Putback Layup Shot,,Restricted Area,Center(C),Less Than 8 ft.,1,15,3,1,1,20211020,TOR,WAS,2210000644,|1627832|1628384|1630173|1630567|201609,0,REG,,,2022,1630173,5.0,C,Mobile Big,0.24,Gafford 2' Putback Layup (2 PTS),,,,WAS,1610612764.0,
Shot Chart Detail,22100006,49,0,Opponent,1610612761,Toronto Raptors,1,7,34,Made Shot,Driving Layup Shot,,Restricted Area,Center(C),Less Than 8 ft.,0,-2,-1,1,1,20211020,TOR,WAS,2210000649,|1627832|1628384|1630173|1630567|201609,0,REG,,,2022,1630173,7.0,C,Mobile Big,0.24,Beal Driving Layup (4 PTS),,,,WAS,1610612764.0,
Shot Chart Detail,22100006,54,0,Opponent,1610612761,Toronto Raptors,1,6,57,Missed Shot,Jump Shot,,Left Corner 3,Left Side(L),24+ ft.,22,-227,4,1,0,20211020,TOR,WAS,2210000654,|1627832|1628384|1630173|1630567|201609,0,REG,,,2022,1630567,7.0,PF,Helper,0.63,MISS Caldwell-Pope 3PT Jump Shot,,,,WAS,1610612764.0,
Shot Chart Detail,22100006,58,0,Opponent,1610612761,Toronto Raptors,1,6,30,Missed Shot,Jump Shot,,Above the Break 3,Center(C),24+ ft.,24,-69,240,1,0,20211020,TOR,WAS,2210000658,|1627832|1628384|1630173|1630567|201609,0,REG,,,2022,,,,,,,,,,WAS,1610612764.0,
Shot Chart Detail,22100006,79,0,Opponent,1610612761,Toronto Raptors,1,4,58,Missed Shot,Driving Layup Shot,,Restricted Area,Center(C),Less Than 8 ft.,2,-20,11,1,0,20211020,TOR,WAS,2210000679,|1627832|1628384|1629018|1630567|203920,0,REG,,,2022,1627832|1630567,3.0,,,,,,,,WAS,1610612764.0,
Shot Chart Detail,22100006,84,0,Opponent,1610612761,Toronto Raptors,1,4,45,Made Shot,Running Layup Shot,,Restricted Area,Center(C),Less Than 8 ft.,1,18,-1,1,1,20211020,TOR,WAS,2210000684,|1627832|1628384|1629018|1630567|203920,1,REG,,,2022,1629018,5.0,SG,Chaser,0.19,Beal 2' Running Layup (6 PTS) (Kuzma 1 AST),,,,WAS,1610612764.0,1628398.0
Shot Chart Detail,22100006,87,0,Opponent,1610612761,Toronto Raptors,1,4,14,Made Shot,Reverse Layup Shot,,Restricted Area,Center(C),Less Than 8 ft.,1,7,-12,1,1,20211020,TOR,WAS,2210000687,|1627832|1628384|1629018|1630567|203920,1,REG,,,2022,1627832,5.0,PG,Point of Attack,0.9,Avdija 1' Reverse Layup (2 PTS) (Neto 1 AST),,,,WAS,1610612764.0,203526.0
Shot Chart Detail,22100006,105,0,Opponent,1610612761,Toronto Raptors,1,6,2,Missed Shot,Driving Floating Jump Shot,,In The Paint (Non-RA),Center(C),8-16 ft.,14,-62,126,1,0,20211020,TOR,WAS,22100006105,|1627832|1628384|1629018|1630567|203920,0,REG,,,2022,1630567,3.0,PF,Helper,0.63,MISS Dinwiddie 14' Driving Floating Jump Shot,,,,WAS,1610612764.0,
Shot Chart Detail,22100006,109,0,Opponent,1610612761,Toronto Raptors,1,3,20,Made Shot,Floating Jump shot,,In The Paint (Non-RA),Right Side(R),8-16 ft.,9,53,74,1,1,20211020,TOR,WAS,22100006109,|1627832|1629004|1629018|1630567|203920,0,REG,,,2022,1629018|203920,4.0,,,,,,,,WAS,1610612764.0,
Shot Chart Detail,22100006,118,0,Opponent,1610612761,Toronto Raptors,1,2,36,Missed Shot,Driving Layup Shot,,Restricted Area,Center(C),Less Than 8 ft.,1,13,-7,1,0,20211020,TOR,WAS,22100006118,|1627832|1629004|1629018|1630567|203920,0,REG,,,2022,1629018,4.0,SG,Chaser,0.19,MISS Neto 1' Driving Layup,,,,WAS,1610612764.0,
Shot Chart Detail,22100006,129,0,Opponent,1610612761,Toronto Raptors,1,2,16,Made Shot,Cutting Dunk Shot,,Restricted Area,Center(C),Less Than 8 ft.,0,1,-1,1,1,20211020,TOR,WAS,22100006129,|1627832|1628449|1629004|1629018|203920,1,REG,,,2022,1627832,4.0,PG,Point of Attack,0.9,Harrell Cutting Dunk Shot (2 PTS) (Bertans 1 AST),,,,WAS,1610612764.0,202722.0
Shot Chart Detail,22100006,133,0,Opponent,1610612761,Toronto Raptors,1,1,59,Missed Shot,Jump Shot,,Above the Break 3,Left Side Center(LC),24+ ft.,24,-169,180,1,0,20211020,TOR,WAS,22100006133,|1627832|1628449|1629004|1629018|203920,0,REG,,,2022,1629018,4.0,SG,Chaser,0.19,MISS Holiday 25' 3PT Jump Shot,,,,WAS,1610612764.0,
Shot Chart Detail,22100006,138,0,Opponent,1610612761,Toronto Raptors,1,1,32,Missed Shot,Jump Shot,,Above the Break 3,Right Side Center(RC),24+ ft.,30,123,276,1,0,20211020,TOR,WAS,22100006138,|1627832|1628449|1629004|1629018|203920,0,REG,,,2022,1628449,4.0,SF,Helper,0.4,MISS Bertans 30' 3PT Jump Shot,,,,WAS,1610612764.0,
Shot Chart Detail,22100006,142,0,Opponent,1610612761,Toronto Raptors,1,1,19,Missed Shot,Running Layup Shot,,Restricted Area,Center(C),Less Than 8 ft.,2,21,0,1,0,20211020,TOR,WAS,22100006142,|1627832|1628449|1629004|1629018|203920,0,REG,,,2022,1629018,4.0,SG,Chaser,0.19,MISS Caldwell-Pope 2' Running Layup,,,,WAS,1610612764.0,
Shot Chart Detail,22100006,144,0,Opponent,1610612761,Toronto Raptors,1,1,14,Made Shot,Putback Dunk Shot,,Restricted Area,Center(C),Less Than 8 ft.,0,-4,-4,1,1,20211020,TOR,WAS,22100006144,|1627832|1628449|1629004|1629018|203920,0,REG,,,2022,203920|1629004,6.0,,,,,,,,WAS,1610612764.0,
Shot Chart Detail,22100006,150,0,Opponent,1610612761,Toronto Raptors,1,0,42,Missed Shot,Driving Layup Shot,,In The Paint (Non-RA),Right Side(R),8-16 ft.,8,43,69,1,0,20211020,TOR,WAS,22100006150,|1628449|1629004|1629018|201609|203920,0,REG,,,2022,201609,6.0,PG,Chaser,-0.32,MISS Holiday 8' Driving Layup,,,,WAS,1610612764.0,
Shot Chart Detail,22100006,152,0,Opponent,1610612761,Toronto Raptors,1,0,40,Made Shot,Layup Shot,,Restricted Area,Center(C),Less Than 8 ft.,0,1,-5,1,1,20211020,TOR,WAS,22100006152,|1628449|1629004|1629018|201609|203920,0,REG,,,2022,1628449|203920,8.0,,,,,,,,WAS,1610612764.0,
Shot Chart Detail,22100006,155,0,Opponent,1610612761,Toronto Raptors,1,0,5,Missed Shot,Driving Finger Roll Layup Shot,,In The Paint (Non-RA),Center(C),Less Than 8 ft.,5,54,9,1,0,20211020,TOR,WAS,22100006155,|1628449|1629004|1629018|201609|203920,0,REG,,,2022,1628449,8.0,SF,Helper,0.4,Boucher BLOCK (1 BLK),,,,WAS,1610612764.0,
Shot Chart Detail,22100006,179,0,Opponent,1610612761,Toronto Raptors,2,11,43,Missed Shot,Turnaround Hook Shot,,Restricted Area,Center(C),Less Than 8 ft.,3,5,38,1,0,20211020,TOR,WAS,22100006179,|1628384|1628449|1629004|1629018|201609,0,REG,,,2022,1628449|1629018,8.0,,,,,,,,WAS,1610612764.0,
Shot Chart Detail,22100006,182,0,Opponent,1610612761,Toronto Raptors,2,11,16,Made Shot,Finger Roll Layup Shot,,Restricted Area,Center(C),Less Than 8 ft.,2,22,19,1,1,20211020,TOR,WAS,22100006182,|1628384|1628449|1629004|1629018|201609,0,REG,,,2022,1628449,8.0,SF,Helper,0.4,Dinwiddie 3' Finger Roll Layup (7 PTS),,,,WAS,1610612764.0,
Shot Chart Detail,22100006,185,0,Opponent,1610612761,Toronto Raptors,2,10,55,Missed Shot,Driving Layup Shot,,Restricted Area,Center(C),Less Than 8 ft.,1,-13,15,1,0,20211020,TOR,WAS,22100006185,|1628384|1628449|1629004|1629018|201609,0,REG,,,2022,201609,8.0,PG,Chaser,-0.32,MISS Dinwiddie 2' Driving Layup,,,,WAS,1610612764.0,
Shot Chart Detail,22100006,189,0,Opponent,1610612761,Toronto Raptors,2,10,44,Missed Shot,Driving Floating Jump Shot,,Mid-Range,Center(C),16-24 ft.,16,44,156,1,0,20211020,TOR,WAS,22100006189,|1628384|1628449|1629004|1629018|201609,0,REG,,,2022,1628384,8.0,SF,Wing Stopper,1.03,MISS Holiday 16' Driving Floating Jump Shot,,,,WAS,1610612764.0,
Shot Chart Detail,22100006,224,0,Opponent,1610612761,Toronto Raptors,2,8,49,Made Shot,Cutting Layup Shot,,Restricted Area,Center(C),Less Than 8 ft.,2,23,4,1,1,20211020,TOR,WAS,22100006224,|1628384|1629004|1630173|1630567|201609,1,REG,,,2022,1630567,7.0,PF,Helper,0.63,Beal 2' Cutting Layup Shot (8 PTS) (Kuzma 2 AST),,,,WAS,1610612764.0,1628398.0
Shot Chart Detail,22100006,258,0,Opponent,1610612761,Toronto Raptors,2,7,30,Made Shot,Cutting Layup Shot,,Restricted Area,Center(C),Less Than 8 ft.,0,2,-6,1,1,20211020,TOR,WAS,22100006258,|1627832|1628384|1630173|1630567|201609,1,REG,,,2022,1630567,9.0,PF,Helper,0.63,Kuzma 1' Cutting Layup Shot (5 PTS) (Avdija 1 AST),,,,WAS,1610612764.0,1630166.0
Shot Chart Detail,22100006,262,0,Opponent,1610612761,Toronto Raptors,2,7,12,Made Shot,Layup Shot,,Restricted Area,Center(C),Less Than 8 ft.,0,0,3,1,1,20211020,TOR,WAS,22100006262,|1627832|1628384|1630173|1630567|201609,0,REG,,,2022,1630173,11.0,C,Mobile Big,0.24,Gafford Layup (4 PTS),,,,WAS,1610612764.0,
Shot Chart Detail,22100006,271,0,Opponent,1610612761,Toronto Raptors,2,6,42,Missed Shot,Pullup Jump shot,,Mid-Range,Left Side(L),8-16 ft.,15,-105,117,1,0,20211020,TOR,WAS,22100006271,|1627832|1628384|1630173|1630567|201609,0,REG,,,2022,1628384,10.0,SF,Wing Stopper,1.03,Anunoby BLOCK (1 BLK),,,,WAS,1610612764.0,
Shot Chart Detail,22100006,276,0,Opponent,1610612761,Toronto Raptors,2,6,33,Missed Shot,Jump Shot,,Above the Break 3,Left Side Center(LC),24+ ft.,26,-141,220,1,0,20211020,TOR,WAS,22100006276,|1627832|1628384|1630173|1630567|201609,0,REG,,,2022,,,,,,,,,,WAS,1610612764.0,
Shot Chart Detail,22100006,280,0,Opponent,1610612761,Toronto Raptors,2,6,4,Made Shot,Running Dunk Shot,,Restricted Area,Center(C),Less Than 8 ft.,0,5,0,1,1,20211020,TOR,WAS,22100006280,|1627832|1628384|1630173|1630567|201609,1,REG,,,2022,,,,,,,,,,WAS,1610612764.0,203078.0
Shot Chart Detail,22100006,287,0,Opponent,1610612761,Toronto Raptors,2,5,36,Made Shot,Jump Shot,,Right Corner 3,Right Side(R),24+ ft.,24,240,21,1,1,20211020,TOR,WAS,22100006287,|1627832|1628384|1630567|201609|203920,1,REG,,,2022,203920,15.0,C,Mobile Big,0.63,Kuzma 24' 3PT Jump Shot (8 PTS) (Beal 3 AST),,,,WAS,1610612764.0,203078.0
Shot Chart Detail,22100006,302,0,Opponent,1610612761,Toronto Raptors,2,4,35,Made Shot,Layup Shot,,Restricted Area,Center(C),Less Than 8 ft.,0,4,-6,1,1,20211020,TOR,WAS,22100006302,|1627832|1628384|1629004|201609|203920,1,REG,,,2022,201609,16.0,PG,Chaser,-0.32,Neto 1' Layup (4 PTS) (Harrell 1 AST),,,,WAS,1610612764.0,1626149.0
Shot Chart Detail,22100006,306,0,Opponent,1610612761,Toronto Raptors,2,4,3,Missed Shot,Jump Shot,,Left Corner 3,Left Side(L),24+ ft.,22,-228,-1,1,0,20211020,TOR,WAS,22100006306,|1627832|1628384|1629004|201609|203920,0,REG,,,2022,1627832,16.0,PG,Point of Attack,0.9,MISS Neto 3PT Jump Shot,,,,WAS,1610612764.0,
Shot Chart Detail,22100006,308,0,Opponent,1610612761,Toronto Raptors,2,3,58,Made Shot,Layup Shot,,Restricted Area,Center(C),Less Than 8 ft.,1,16,-5,1,1,20211020,TOR,WAS,22100006308,|1627832|1628384|1629004|201609|203920,0,REG,,,2022,203920|1629004,18.0,,,,,,,,WAS,1610612764.0,
Shot Chart Detail,22100006,311,0,Opponent,1610612761,Toronto Raptors,2,3,47,Made Shot,Running Reverse Layup Shot,,Restricted Area,Center(C),Less Than 8 ft.,1,9,-5,1,1,20211020,TOR,WAS,22100006311,|1627832|1628384|1629004|201609|203920,0,REG,,,2022,1627832,20.0,PG,Point of Attack,0.9,Neto 1' Running Reverse Layup (6 PTS),,,,WAS,1610612764.0,
Shot Chart Detail,22100006,325,0,Opponent,1610612761,Toronto Raptors,2,3,3,Missed Shot,Jump Shot,,Left Corner 3,Left Side(L),24+ ft.,23,-234,-10,1,0,20211020,TOR,WAS,22100006325,|1627832|1628384|1629004|1629018|203920,0,REG,,,2022,1628384,17.0,SF,Wing Stopper,1.03,MISS Beal 3PT Jump Shot,,,,WAS,1610612764.0,
Shot Chart Detail,22100006,330,0,Opponent,1610612761,Toronto Raptors,2,2,40,Missed Shot,Pullup Jump shot,,In The Paint (Non-RA),Center(C),8-16 ft.,13,6,135,1,0,20211020,TOR,WAS,22100006330,|1627832|1628384|1629004|1629018|203920,0,REG,,,2022,203920,17.0,C,Mobile Big,0.63,MISS Beal 14' Pullup Jump Shot,,,,WAS,1610612764.0,
Shot Chart Detail,22100006,336,0,Opponent,1610612761,Toronto Raptors,2,2,6,Made Shot,Driving Layup Shot,,Restricted Area,Center(C),Less Than 8 ft.,1,16,-6,1,1,20211020,TOR,WAS,22100006336,|1627832|1628384|1629004|1629018|203920,0,REG,,,2022,1629004,19.0,SF,Chaser,-0.31,Kuzma 2' Driving Layup (11 PTS),,,,WAS,1610612764.0,
Shot Chart Detail,22100006,349,0,Opponent,1610612761,Toronto Raptors,2,0,59,Missed Shot,Turnaround Fadeaway shot,,In The Paint (Non-RA),Center(C),Less Than 8 ft.,6,-51,40,1,0,20211020,TOR,WAS,22100006349,|1627832|1628384|1628449|1629004|1629018,0,REG,,,2022,1629018,17.0,SG,Chaser,0.19,MISS Beal 6' Turnaround Fadeaway Shot,,,,WAS,1610612764.0,
Shot Chart Detail,22100006,357,0,Opponent,1610612761,Toronto Raptors,2,0,34,Made Shot,Jump Shot,,Left Corner 3,Left Side(L),24+ ft.,23,-232,-10,1,1,20211020,TOR,WAS,22100006357,|1627832|1628384|1628449|1629004|1629018,1,REG,,,2022,1628449,20.0,SF,Helper,0.4,Beal 3PT Jump Shot (13 PTS) (Dinwiddie 2 AST),,,,WAS,1610612764.0,203915.0
Shot Chart Detail,22100006,361,0,Opponent,1610612761,Toronto Raptors,2,0,0,Missed Shot,Driving Hook Shot,,In The Paint (Non-RA),Center(C),Less Than 8 ft.,6,-15,59,1,0,20211020,TOR,WAS,22100006361,|1627832|1628384|1628449|1629004|1629018,0,REG,,,2022,1629004,20.0,SF,Chaser,-0.31,Boucher BLOCK (2 BLK),,,,WAS,1610612764.0,
Shot Chart Detail,22100006,374,0,Opponent,1610612761,Toronto Raptors,3,11,40,Made Shot,Driving Floating Jump Shot,,In The Paint (Non-RA),Center(C),Less Than 8 ft.,7,21,70,1,1,20211020,TOR,WAS,22100006374,|1627832|1628384|1630173|1630567|201609,0,REG,,,2022,1630173,22.0,C,Mobile Big,0.24,Dinwiddie 7' Driving Floating Jump Shot (11 PTS),,,,WAS,1610612764.0,
Shot Chart Detail,22100006,377,0,Opponent,1610612761,Toronto Raptors,3,11,27,Made Shot,Running Layup Shot,,Restricted Area,Center(C),Less Than 8 ft.,0,1,4,1,1,20211020,TOR,WAS,22100006377,|1627832|1628384|1630173|1630567|201609,0,REG,,,2022,201609,24.0,PG,Chaser,-0.32,Caldwell-Pope Running Layup (2 PTS),,,,WAS,1610612764.0,
Shot Chart Detail,22100006,383,0,Opponent,1610612761,Toronto Raptors,3,10,48,Missed Shot,Jump Shot,,Left Corner 3,Left Side(L),24+ ft.,24,-241,8,1,0,20211020,TOR,WAS,22100006383,|1627832|1628384|1630173|1630567|201609,0,REG,,,2022,1630567,23.0,PF,Helper,0.63,MISS Kuzma 24' 3PT Jump Shot,,,,WAS,1610612764.0,
Shot Chart Detail,22100006,389,0,Opponent,1610612761,Toronto Raptors,3,10,10,Missed Shot,Fadeaway Jump Shot,,In The Paint (Non-RA),Center(C),8-16 ft.,9,-28,89,1,0,20211020,TOR,WAS,22100006389,|1627832|1628384|1630173|1630567|201609,0,REG,,,2022,1628384,21.0,SF,Wing Stopper,1.03,MISS Beal 9' Fadeaway Jumper,,,,WAS,1610612764.0,
Shot Chart Detail,22100006,422,0,Opponent,1610612761,Toronto Raptors,3,7,54,Missed Shot,Jump Shot,,Above the Break 3,Left Side Center(LC),24+ ft.,26,-232,125,1,0,20211020,TOR,WAS,22100006422,|1627832|1628384|1630567|201609|203920,0,REG,,,2022,1627832,23.0,PG,Point of Attack,0.9,MISS Caldwell-Pope 26' 3PT Jump Shot,,,,WAS,1610612764.0,
Shot Chart Detail,22100006,445,0,Opponent,1610612761,Toronto Raptors,3,6,28,Made Shot,Jump Shot,,Above the Break 3,Center(C),24+ ft.,26,-9,264,1,1,20211020,TOR,WAS,22100006445,|1627832|1628384|1629018|1630567|203920,1,REG,,,2022,1628384,25.0,SF,Wing Stopper,1.03,Avdija 26' 3PT Jump Shot (6 PTS) (Beal 4 AST),,,,WAS,1610612764.0,203078.0
Shot Chart Detail,22100006,453,0,Opponent,1610612761,Toronto Raptors,3,5,55,Missed Shot,Pullup Jump shot,,Above the Break 3,Center(C),24+ ft.,26,-16,263,1,0,20211020,TOR,WAS,22100006453,|1627832|1628384|1629018|1630567|203920,0,REG,,,2022,203920,25.0,C,Mobile Big,0.63,MISS Beal 26' 3PT Pullup Jump Shot,,,,WAS,1610612764.0,
Shot Chart Detail,22100006,488,0,Opponent,1610612761,Toronto Raptors,3,3,53,Made Shot,Dunk Shot,,Restricted Area,Center(C),Less Than 8 ft.,0,-5,4,1,1,20211020,TOR,WAS,22100006488,|1627832|1628384|1628449|1629018|203920,1,REG,,,2022,1628384,29.0,SF,Wing Stopper,1.03,Harrell 1' Dunk (14 PTS) (Bertans 2 AST),,,,WAS,1610612764.0,202722.0
Shot Chart Detail,22100006,499,0,Opponent,1610612761,Toronto Raptors,3,2,53,Missed Shot,Jump Shot,,Above the Break 3,Left Side Center(LC),24+ ft.,30,-168,249,1,0,20211020,TOR,WAS,22100006499,|1627832|1628449|1629004|1629018|203920,0,REG,,,2022,1627832,27.0,PG,Point of Attack,0.9,MISS Bertans 30' 3PT Jump Shot,,,,WAS,1610612764.0,
Shot Chart Detail,22100006,511,0,Opponent,1610612761,Toronto Raptors,3,2,30,Missed Shot,Jump Shot,,Above the Break 3,Right Side Center(RC),24+ ft.,28,173,228,1,0,20211020,TOR,WAS,22100006511,|1627832|1628449|1629004|1629018|203920,0,REG,,,2022,1629018,26.0,SG,Chaser,0.19,MISS Holiday 29' 3PT Jump Shot,,,,WAS,1610612764.0,
Shot Chart Detail,22100006,522,0,Opponent,1610612761,Toronto Raptors,3,1,56,Made Shot,Cutting Dunk Shot,,Restricted Area,Center(C),Less Than 8 ft.,1,-2,11,1,1,20211020,TOR,WAS,22100006522,|1627832|1628449|1629004|1629018|203920,1,REG,,,2022,203920,29.0,C,Mobile Big,0.63,Harrell 1' Cutting Dunk Shot (17 PTS) (Dinwiddie 3 AST),,,,WAS,1610612764.0,203915.0
Shot Chart Detail,22100006,530,0,Opponent,1610612761,Toronto Raptors,3,1,31,Missed Shot,Jump Shot,,Above the Break 3,Left Side Center(LC),24+ ft.,27,-169,223,1,0,20211020,TOR,WAS,22100006530,|1628449|1629004|1629018|201609|203920,0,REG,,,2022,,,,,,,,,,WAS,1610612764.0,
Shot Chart Detail,22100006,535,0,Opponent,1610612761,Toronto Raptors,3,0,53,Missed Shot,Driving Hook Shot,,In The Paint (Non-RA),Center(C),Less Than 8 ft.,6,45,48,1,0,20211020,TOR,WAS,22100006535,|1628449|1629004|1629018|201609|203920,0,REG,,,2022,1629004,24.0,SF,Chaser,-0.31,MISS Dinwiddie 7' Driving Hook Shot,,,,WAS,1610612764.0,
Shot Chart Detail,22100006,553,0,Opponent,1610612761,Toronto Raptors,3,0,2,Made Shot,Cutting Dunk Shot,,Restricted Area,Center(C),Less Than 8 ft.,0,-2,4,1,1,20211020,TOR,WAS,22100006553,|1628449|1629018|1630625|201609|203920,1,REG,,,2022,203920,25.0,C,Mobile Big,0.63,Harrell Cutting Dunk Shot (20 PTS) (Dinwiddie 4 AST),,,,WAS,1610612764.0,203915.0
Shot Chart Detail,22100006,565,0,Opponent,1610612761,Toronto Raptors,4,11,28,Missed Shot,Jump Shot,,Mid-Range,Left Side(L),8-16 ft.,15,-152,26,1,0,20211020,TOR,WAS,22100006565,|1628449|1629018|1630567|1630625|203920,0,REG,,,2022,203920,22.0,C,Mobile Big,0.63,MISS Harrell 15' Jump Shot,,,,WAS,1610612764.0,
Shot Chart Detail,22100006,569,0,Opponent,1610612761,Toronto Raptors,4,11,4,Missed Shot,Driving Floating Bank Jump Shot,,In The Paint (Non-RA),Center(C),Less Than 8 ft.,5,-34,44,1,0,20211020,TOR,WAS,22100006569,|1628449|1629018|1630567|1630625|203920,0,REG,,,2022,1630625,22.0,PG,Chaser,0.27,MISS Dinwiddie 6' Driving Floating Bank Jump Shot,,,,WAS,1610612764.0,
Shot Chart Detail,22100006,575,0,Opponent,1610612761,Toronto Raptors,4,10,19,Missed Shot,Driving Floating Jump Shot,,In The Paint (Non-RA),Left Side(L),8-16 ft.,8,-67,52,1,0,20211020,TOR,WAS,22100006575,|1628449|1629018|1630567|1630625|203920,0,REG,,,2022,203920,19.0,C,Mobile Big,0.63,MISS Dinwiddie 8' Driving Floating Jump Shot,,,,WAS,1610612764.0,
Shot Chart Detail,22100006,584,0,Opponent,1610612761,Toronto Raptors,4,10,5,Missed Shot,Jump Shot,,Right Corner 3,Right Side(R),24+ ft.,24,234,54,1,0,20211020,TOR,WAS,22100006584,|1628449|1629018|1630567|1630625|203920,0,REG,,,2022,1630567,17.0,PF,Helper,0.63,MISS Kuzma 24' 3PT Jump Shot,,,,WAS,1610612764.0,
Shot Chart Detail,22100006,587,0,Opponent,1610612761,Toronto Raptors,4,9,38,Made Shot,Pullup Jump shot,,Mid-Range,Center(C),16-24 ft.,18,0,189,1,1,20211020,TOR,WAS,22100006587,|1628449|1629018|1630567|1630625|203920,0,REG,,,2022,1630625|203920,17.0,,,,,,,,WAS,1610612764.0,
Shot Chart Detail,22100006,590,0,Opponent,1610612761,Toronto Raptors,4,8,55,Missed Shot,Jump Shot,,Left Corner 3,Left Side(L),24+ ft.,23,-235,-4,1,0,20211020,TOR,WAS,22100006590,|1628449|1629018|1630567|1630625|203920,0,REG,,,2022,1629018,17.0,SG,Chaser,0.19,MISS Caldwell-Pope 24' 3PT Jump Shot,,,,WAS,1610612764.0,
Shot Chart Detail,22100006,622,0,Opponent,1610612761,Toronto Raptors,4,7,4,Missed Shot,Jump Shot,,Above the Break 3,Right Side Center(RC),24+ ft.,27,162,226,1,0,20211020,TOR,WAS,22100006622,|1628449|1629018|1630567|1630625|203920,0,REG,,,2022,1628449,15.0,SF,Helper,0.4,MISS Kuzma 28' 3PT Jump Shot,,,,WAS,1610612764.0,
Shot Chart Detail,22100006,626,0,Opponent,1610612761,Toronto Raptors,4,6,32,Made Shot,Turnaround Fadeaway shot,,Mid-Range,Right Side(R),8-16 ft.,12,124,13,1,1,20211020,TOR,WAS,22100006626,|1628449|1629018|1630567|1630625|203920,0,REG,,,2022,1629018|203920,17.0,,,,,,,,WAS,1610612764.0,
Shot Chart Detail,22100006,628,0,Opponent,1610612761,Toronto Raptors,4,6,0,Made Shot,Driving Reverse Layup Shot,,Restricted Area,Center(C),Less Than 8 ft.,1,11,-1,1,1,20211020,TOR,WAS,22100006628,|1628449|1629018|1630567|1630625|203920,1,REG,,,2022,1630625|1630567,17.0,,,,,,,,WAS,1610612764.0,1628398.0
Shot Chart Detail,22100006,635,0,Opponent,1610612761,Toronto Raptors,4,5,27,Missed Shot,Jump Shot,,Left Corner 3,Left Side(L),24+ ft.,23,-239,7,1,0,20211020,TOR,WAS,22100006635,|1628449|1629018|1630567|1630625|203920,0,REG,,,2022,1630625,17.0,PG,Chaser,0.27,MISS Kuzma 24' 3PT Jump Shot,,,,WAS,1610612764.0,
Shot Chart Detail,22100006,639,0,Opponent,1610612761,Toronto Raptors,4,5,18,Missed Shot,Pullup Jump shot,,Above the Break 3,Right Side Center(RC),24+ ft.,27,126,241,1,0,20211020,TOR,WAS,22100006639,|1628449|1629018|1630567|1630625|203920,0,REG,,,2022,1628449,17.0,SF,Helper,0.4,MISS Beal 27' 3PT Pullup Jump Shot,,,,WAS,1610612764.0,
Shot Chart Detail,22100006,641,0,Opponent,1610612761,Toronto Raptors,4,5,17,Made Shot,Tip Layup Shot,,Restricted Area,Center(C),Less Than 8 ft.,0,0,0,1,1,20211020,TOR,WAS,22100006641,|1628449|1629018|1630567|1630625|203920,0,REG,,,2022,1628449|1630567,19.0,,,,,,,,WAS,1610612764.0,
Shot Chart Detail,22100006,651,0,Opponent,1610612761,Toronto Raptors,4,4,44,Missed Shot,Jump Shot,,Left Corner 3,Left Side(L),24+ ft.,23,-239,4,1,0,20211020,TOR,WAS,22100006651,|1627832|1628384|1630173|1630567|1630625,0,REG,,,2022,1628384,16.0,SF,Wing Stopper,1.03,MISS Beal 24' 3PT Jump Shot,,,,WAS,1610612764.0,
Shot Chart Detail,22100006,653,0,Opponent,1610612761,Toronto Raptors,4,4,34,Missed Shot,Driving Reverse Layup Shot,,Restricted Area,Center(C),Less Than 8 ft.,2,18,18,1,0,20211020,TOR,WAS,22100006653,|1627832|1628384|1630173|1630567|1630625,0,REG,,,2022,1630567,16.0,PF,Helper,0.63,MISS Neto 3' Driving Reverse Layup,,,,WAS,1610612764.0,
Shot Chart Detail,22100006,657,0,Opponent,1610612761,Toronto Raptors,4,4,5,Made Shot,Finger Roll Layup Shot,,Restricted Area,Center(C),Less Than 8 ft.,3,-17,28,1,1,20211020,TOR,WAS,22100006657,|1627832|1628384|1630173|1630567|1630625,1,REG,,,2022,1628384,15.0,SF,Wing Stopper,1.03,Gafford 3' Finger Roll Layup (8 PTS) (Neto 2 AST),,,,WAS,1610612764.0,203526.0
Shot Chart Detail,22100006,685,0,Opponent,1610612761,Toronto Raptors,4,2,7,Missed Shot,Turnaround Jump Shot,,In The Paint (Non-RA),Center(C),8-16 ft.,12,40,117,1,0,20211020,TOR,WAS,22100006685,|1627832|1628384|1630173|1630567|1630625,0,REG,,,2022,1630625|1630567,10.0,,,,,,,,WAS,1610612764.0,
Shot Chart Detail,22100006,689,0,Opponent,1610612761,Toronto Raptors,4,1,36,Made Shot,Step Back Jump shot,,Right Corner 3,Right Side(R),24+ ft.,23,225,63,1,1,20211020,TOR,WAS,22100006689,|1627832|1628384|1630173|1630567|1630625,1,REG,,,2022,1630625,13.0,PG,Chaser,0.27,Caldwell-Pope 3PT Step Back Jump Shot (5 PTS) (Dinwiddie 5 AST),,,,WAS,1610612764.0,203915.0
Shot Chart Detail,22100006,693,0,Opponent,1610612761,Toronto Raptors,4,1,14,Made Shot,Reverse Layup Shot,,Restricted Area,Center(C),Less Than 8 ft.,0,9,0,1,1,20211020,TOR,WAS,22100006693,|1627832|1628384|1630173|1630567|1630625,1,REG,,,2022,1630173,15.0,C,Mobile Big,0.24,Harrell 1' Reverse Layup (22 PTS) (Dinwiddie 6 AST),,,,WAS,1610612764.0,203915.0
Shot Chart Detail,22100006,707,0,Opponent,1610612761,Toronto Raptors,4,0,16,Missed Shot,Driving Bank Hook Shot,,Mid-Range,Right Side(R),8-16 ft.,11,98,52,1,0,20211020,TOR,WAS,22100006707,|1627832|1628384|1630173|1630567|1630625,0,REG,,,2022,1630567,15.0,PF,Helper,0.63,MISS Kuzma 11' Driving Bank Hook Shot,,,,WAS,1610612764.0,
Shot Chart Detail,22100006,716,0,Opponent,1610612761,Toronto Raptors,4,2,36,Missed Shot,Driving Floating Jump Shot,,Mid-Range,Right Side(R),8-16 ft.,11,81,79,1,0,20211020,TOR,WAS,22100006716,|1627832|1628384|1630173|1630567|1630625,0,REG,,,2022,1627832,13.0,PG,Point of Attack,0.9,VanVleet BLOCK (1 BLK),,,,WAS,1610612764.0,
Shot Chart Detail,22100020,21,0,Opponent,1610612761,Toronto Raptors,1,10,32,Missed Shot,Step Back Jump shot,,Left Corner 3,Left Side(L),24+ ft.,24,-243,34,1,0,20211022,BOS,TOR,2210002021,|1627832|1628384|1629018|1630173|1630567,0,REG,,,2022,1627832,0.0,PG,Point of Attack,0.9,MISS Tatum 25' 3PT Step Back Jump Shot,,,,BOS,1610612738.0,
Shot Chart Detail,22100020,29,0,Opponent,1610612761,Toronto Raptors,1,10,12,Made Shot,Dunk Shot,,Restricted Area,Center(C),Less Than 8 ft.,1,-6,16,1,1,20211022,BOS,TOR,2210002029,|1627832|1628384|1629018|1630173|1630567,1,REG,,,2022,1629018|1630173,2.0,,,,,,,,BOS,1610612738.0,1628369.0
Shot Chart Detail,22100020,33,0,Opponent,1610612761,Toronto Raptors,1,9,59,Missed Shot,Jump Shot,,Right Corner 3,Right Side(R),24+ ft.,23,233,8,1,0,20211022,BOS,TOR,2210002033,|1627832|1628384|1629018|1630173|1630567,0,REG,,,2022,1630173,2.0,C,Mobile Big,0.24,MISS Brown 3PT Jump Shot,,,,BOS,1610612738.0,
Shot Chart Detail,22100020,47,0,Opponent,1610612761,Toronto Raptors,1,9,11,Made Shot,Jump Shot,,Mid-Range,Right Side(R),8-16 ft.,8,86,2,1,1,20211022,BOS,TOR,2210002047,|1627832|1628384|1629018|1630173|1630567,0,REG,,,2022,1628384,4.0,SF,Wing Stopper,1.03,Horford 9' Jump Shot (4 PTS),,,,BOS,1610612738.0,
Shot Chart Detail,22100020,49,0,Opponent,1610612761,Toronto Raptors,1,8,45,Missed Shot,Jump Shot,,Above the Break 3,Left Side Center(LC),24+ ft.,29,-169,243,1,0,20211022,BOS,TOR,2210002049,|1627832|1628384|1629018|1630173|1630567,0,REG,,,2022,1629018,1.0,SG,Chaser,0.19,MISS Brown 30' 3PT Jump Shot,,,,BOS,1610612738.0,
Shot Chart Detail,22100020,54,0,Opponent,1610612761,Toronto Raptors,1,8,7,Made Shot,Jump Shot,,Right Corner 3,Right Side(R),24+ ft.,23,225,48,1,1,20211022,BOS,TOR,2210002054,|1627832|1628384|1629018|1630173|1630567,0,REG,,,2022,1630173,1.0,C,Mobile Big,0.24,Tatum 3PT Jump Shot (3 PTS),,,,BOS,1610612738.0,
Shot Chart Detail,22100020,58,0,Opponent,1610612761,Toronto Raptors,1,7,47,Made Shot,Running Layup Shot,,Restricted Area,Center(C),Less Than 8 ft.,3,-29,21,1,1,20211022,BOS,TOR,2210002058,|1627832|1628384|1629018|1630173|1630567,1,REG,,,2022,1627832,3.0,PG,Point of Attack,0.9,Tatum 4' Running Layup (5 PTS) (Horford 1 AST),,,,BOS,1610612738.0,201143.0
Shot Chart Detail,22100020,62,0,Opponent,1610612761,Toronto Raptors,1,7,27,Missed Shot,Jump Shot,,Above the Break 3,Right Side Center(RC),24+ ft.,24,221,100,1,0,20211022,BOS,TOR,2210002062,|1627832|1628384|1629018|1630173|1630567,0,REG,,,2022,1627832,3.0,PG,Point of Attack,0.9,MISS Smart 24' 3PT Jump Shot,,,,BOS,1610612738.0,
Shot Chart Detail,22100020,69,0,Opponent,1610612761,Toronto Raptors,1,6,36,Made Shot,Jump Shot,,Above the Break 3,Right Side Center(RC),24+ ft.,26,162,212,1,1,20211022,BOS,TOR,2210002069,|1627832|1628384|1629018|1630173|1630567,1,REG,,,2022,1630567,4.0,PF,Helper,0.63,Tatum 27' 3PT Jump Shot (8 PTS) (Smart 1 AST),,,,BOS,1610612738.0,203935.0
Shot Chart Detail,22100020,79,0,Opponent,1610612761,Toronto Raptors,1,5,56,Made Shot,Turnaround Fadeaway shot,,In The Paint (Non-RA),Left Side(L),8-16 ft.,10,-75,76,1,1,20211022,BOS,TOR,2210002079,|1627832|1628384|1629018|1630173|1630567,0,REG,,,2022,1630567,4.0,PF,Helper,0.63,Tatum 11' Turnaround Fadeaway (10 PTS),,,,BOS,1610612738.0,
Shot Chart Detail,22100020,82,0,Opponent,1610612761,Toronto Raptors,1,5,32,Missed Shot,Fadeaway Jump Shot,,In The Paint (Non-RA),Center(C),8-16 ft.,11,20,109,1,0,20211022,BOS,TOR,2210002082,|1627832|1628384|1629018|1630173|1630567,0,REG,,,2022,1627832,4.0,PG,Point of Attack,0.9,MISS Smart 11' Fadeaway Jumper,,,,BOS,1610612738.0,
Shot Chart Detail,22100020,94,0,Opponent,1610612761,Toronto Raptors,1,4,43,Missed Shot,Driving Floating Jump Shot,,In The Paint (Non-RA),Left Side(L),8-16 ft.,12,-66,101,1,0,20211022,BOS,TOR,2210002094,|1627832|1628384|1629018|1630567|203920,0,REG,,,2022,1630567,4.0,PF,Helper,0.63,MISS Tatum 12' Driving Floating Jump Shot,,,,BOS,1610612738.0,
Shot Chart Detail,22100020,96,0,Opponent,1610612761,Toronto Raptors,1,4,34,Missed Shot,Jump Shot,,Above the Break 3,Right Side Center(RC),24+ ft.,24,232,88,1,0,20211022,BOS,TOR,2210002096,|1627832|1628384|1629018|1630567|203920,0,REG,,,2022,1628384,4.0,SF,Wing Stopper,1.03,MISS Langford 25' 3PT Jump Shot,,,,BOS,1610612738.0,
Shot Chart Detail,22100020,106,0,Opponent,1610612761,Toronto Raptors,1,3,51,Made Shot,Jump Shot,,Above the Break 3,Left Side Center(LC),24+ ft.,28,-175,221,1,1,20211022,BOS,TOR,22100020106,|1627832|1629004|1630567|201609|203920,1,REG,,,2022,,,,,,,,,,BOS,1610612738.0,203471.0
Shot Chart Detail,22100020,111,0,Opponent,1610612761,Toronto Raptors,1,3,24,Missed Shot,Jump Shot,,In The Paint (Non-RA),Center(C),8-16 ft.,10,-45,91,1,0,20211022,BOS,TOR,22100020111,|1627832|1629004|1630567|201609|203920,0,REG,,,2022,1629004,7.0,SF,Chaser,-0.31,MISS Richardson 10' Jump Shot,,,,BOS,1610612738.0,
Shot Chart Detail,22100020,125,0,Opponent,1610612761,Toronto Raptors,1,2,48,Made Shot,Jump Shot,,Left Corner 3,Left Side(L),24+ ft.,23,-235,10,1,1,20211022,BOS,TOR,22100020125,|1628384|1628449|1629004|201609|203920,1,REG,,,2022,1628449,8.0,SF,Helper,0.4,Richardson 24' 3PT Jump Shot (6 PTS) (Pritchard 1 AST),,,,BOS,1610612738.0,1630202.0
Shot Chart Detail,22100020,133,0,Opponent,1610612761,Toronto Raptors,1,1,50,Missed Shot,Jump Shot,,Above the Break 3,Left Side Center(LC),24+ ft.,28,-112,263,1,0,20211022,BOS,TOR,22100020133,|1628384|1628449|1629004|201609|203920,0,REG,,,2022,1629004,3.0,SF,Chaser,-0.31,MISS Schroder 29' 3PT Jump Shot,,,,BOS,1610612738.0,
Shot Chart Detail,22100020,143,0,Opponent,1610612761,Toronto Raptors,1,1,20,Made Shot,Jump Shot,,Above the Break 3,Right Side Center(RC),24+ ft.,27,134,241,1,1,20211022,BOS,TOR,22100020143,|1628384|1628449|1629004|201609|203920,1,REG,,,2022,1628384,4.0,SF,Wing Stopper,1.03,Richardson 28' 3PT Jump Shot (9 PTS) (Williams 1 AST),,,,BOS,1610612738.0,1629684.0
Shot Chart Detail,22100020,176,0,Opponent,1610612761,Toronto Raptors,2,11,16,Made Shot,Turnaround Fadeaway shot,,Mid-Range,Right Side(R),8-16 ft.,12,118,39,1,1,20211022,BOS,TOR,22100020176,|1628384|1628449|1629004|201609|203920,0,REG,,,2022,1628449,2.0,SF,Helper,0.4,Brown 12' Turnaround Fadeaway (2 PTS),,,,BOS,1610612738.0,
Shot Chart Detail,22100020,186,0,Opponent,1610612761,Toronto Raptors,2,10,42,Missed Shot,Jump Shot,,Left Corner 3,Left Side(L),24+ ft.,23,-229,26,1,0,20211022,BOS,TOR,22100020186,|1628449|1629004|1630567|201609|203920,0,REG,,,2022,1630567,2.0,PF,Helper,0.63,MISS Smart 3PT Jump Shot,,,,BOS,1610612738.0,
Shot Chart Detail,22100020,198,0,Opponent,1610612761,Toronto Raptors,2,10,7,Missed Shot,Pullup Jump shot,,Above the Break 3,Left Side Center(LC),24+ ft.,28,-125,257,1,0,20211022,BOS,TOR,22100020198,|1628449|1629004|1630173|1630567|201609,0,REG,,,2022,1628449,2.0,SF,Helper,0.4,MISS Brown 29' 3PT Pullup Jump Shot,,,,BOS,1610612738.0,
Shot Chart Detail,22100020,212,0,Opponent,1610612761,Toronto Raptors,2,9,21,Missed Shot,Layup Shot,,In The Paint (Non-RA),Center(C),Less Than 8 ft.,6,64,28,1,0,20211022,BOS,TOR,22100020212,|1627832|1628449|1629004|1630173|1630567,0,REG,,,2022,1627832,0.0,PG,Point of Attack,0.9,MISS Horford 7' Layup,,,,BOS,1610612738.0,
Shot Chart Detail,22100020,215,0,Opponent,1610612761,Toronto Raptors,2,8,55,Missed Shot,Turnaround Jump Shot,,In The Paint (Non-RA),Left Side(L),8-16 ft.,9,-58,73,1,0,20211022,BOS,TOR,22100020215,|1627832|1628449|1629004|1630173|1630567,0,REG,,,2022,1627832,-2.0,PG,Point of Attack,0.9,MISS Horford 9' Turnaround Jump Shot,,,,BOS,1610612738.0,
Shot Chart Detail,22100020,220,0,Opponent,1610612761,Toronto Raptors,2,8,24,Missed Shot,Turnaround Hook Shot,,In The Paint (Non-RA),Center(C),Less Than 8 ft.,5,45,25,1,0,20211022,BOS,TOR,22100020220,|1627832|1628449|1629004|1630173|1630567,0,REG,,,2022,1630567,-4.0,PF,Helper,0.63,MISS Horford 5' Turnaround Hook Shot,,,,BOS,1610612738.0,
Shot Chart Detail,22100020,228,0,Opponent,1610612761,Toronto Raptors,2,7,57,Made Shot,Jump Shot,,Above the Break 3,Left Side Center(LC),24+ ft.,26,-224,134,1,1,20211022,BOS,TOR,22100020228,|1627832|1628449|1629004|1630173|1630567,1,REG,,,2022,1630567,-1.0,PF,Helper,0.63,Pritchard 26' 3PT Jump Shot (3 PTS) (Smart 2 AST),,,,BOS,1610612738.0,203935.0
Shot Chart Detail,22100020,244,0,Opponent,1610612761,Toronto Raptors,2,7,32,Missed Shot,Step Back Jump shot,,Above the Break 3,Right Side Center(RC),24+ ft.,28,212,190,1,0,20211022,BOS,TOR,22100020244,|1627832|1628384|1629018|1630173|1630567,0,REG,,,2022,1628384,-3.0,SF,Wing Stopper,1.03,MISS Tatum 28' 3PT Step Back Jump Shot,,,,BOS,1610612738.0,
Shot Chart Detail,22100020,248,0,Opponent,1610612761,Toronto Raptors,2,7,2,Missed Shot,Jump Shot,,Above the Break 3,Right Side Center(RC),24+ ft.,28,163,233,1,0,20211022,BOS,TOR,22100020248,|1627832|1628384|1629018|1630173|1630567,0,REG,,,2022,1627832,-5.0,PG,Point of Attack,0.9,MISS Smart 28' 3PT Jump Shot,,,,BOS,1610612738.0,
Shot Chart Detail,22100020,251,0,Opponent,1610612761,Toronto Raptors,2,6,21,Missed Shot,Hook Shot,,In The Paint (Non-RA),Center(C),Less Than 8 ft.,6,44,41,1,0,20211022,BOS,TOR,22100020251,|1627832|1628384|1629018|1630173|1630567,0,REG,,,2022,1627832|1630173,-7.0,,,,,,,,BOS,1610612738.0,
Shot Chart Detail,22100020,253,0,Opponent,1610612761,Toronto Raptors,2,6,17,Missed Shot,Putback Layup Shot,,In The Paint (Non-RA),Center(C),Less Than 8 ft.,5,15,50,1,0,20211022,BOS,TOR,22100020253,|1627832|1628384|1629018|1630173|1630567,0,REG,,,2022,,,,,,,,,,BOS,1610612738.0,
Shot Chart Detail,22100020,256,0,Opponent,1610612761,Toronto Raptors,2,5,53,Made Shot,Jump Shot,,Left Corner 3,Left Side(L),24+ ft.,23,-235,13,1,1,20211022,BOS,TOR,22100020256,|1627832|1628384|1629018|1630173|1630567,1,REG,,,2022,1630567,-6.0,PF,Helper,0.63,Langford 24' 3PT Jump Shot (3 PTS) (Smart 3 AST),,,,BOS,1610612738.0,203935.0
Shot Chart Detail,22100020,265,0,Opponent,1610612761,Toronto Raptors,2,4,53,Missed Shot,Jump Shot,,Left Corner 3,Left Side(L),24+ ft.,23,-235,20,1,0,20211022,BOS,TOR,22100020265,|1627832|1628384|1629018|1630173|1630567,0,REG,,,2022,,,,,,,,,,BOS,1610612738.0,
Shot Chart Detail,22100020,286,0,Opponent,1610612761,Toronto Raptors,2,3,58,Made Shot,Cutting Dunk Shot,,Restricted Area,Center(C),Less Than 8 ft.,3,-9,37,1,1,20211022,BOS,TOR,22100020286,|1627832|1628384|1628449|1629018|1630173,1,REG,,,2022,1628449|1629018,-8.0,,,,,,,,BOS,1610612738.0,203471.0
Shot Chart Detail,22100020,293,0,Opponent,1610612761,Toronto Raptors,2,3,26,Made Shot,Alley Oop Dunk Shot,,Restricted Area,Center(C),Less Than 8 ft.,2,1,29,1,1,20211022,BOS,TOR,22100020293,|1627832|1628384|1628449|1629018|1630173,1,REG,,,2022,1628384|1630173,-6.0,,,,,,,,BOS,1610612738.0,203471.0
Shot Chart Detail,22100020,306,0,Opponent,1610612761,Toronto Raptors,2,2,54,Made Shot,Alley Oop Layup shot,,Restricted Area,Center(C),Less Than 8 ft.,3,-15,36,1,1,20211022,BOS,TOR,22100020306,|1627832|1628384|1629018|1630567|203920,1,REG,,,2022,203920,-6.0,C,Mobile Big,0.63,Williams III 4' Alley Oop Layup (6 PTS) (Smart 4 AST),,,,BOS,1610612738.0,203935.0
Shot Chart Detail,22100020,318,0,Opponent,1610612761,Toronto Raptors,2,2,8,Missed Shot,Cutting Dunk Shot,,Restricted Area,Center(C),Less Than 8 ft.,3,22,25,1,0,20211022,BOS,TOR,22100020318,|1627832|1628384|1629018|1630567|203920,0,REG,,,2022,1629018|203920,-5.0,,,,,,,,BOS,1610612738.0,
Shot Chart Detail,22100020,322,0,Opponent,1610612761,Toronto Raptors,2,1,33,Made Shot,Jump Shot,,Mid-Range,Left Side(L),16-24 ft.,22,-200,108,1,1,20211022,BOS,TOR,22100020322,|1627832|1628384|1629018|1630567|203920,0,REG,,,2022,203920,-5.0,C,Mobile Big,0.63,Tatum 23' Jump Shot (12 PTS),,,,BOS,1610612738.0,
Shot Chart Detail,22100020,331,0,Opponent,1610612761,Toronto Raptors,2,1,10,Made Shot,Fadeaway Jump Shot,,Mid-Range,Left Side(L),8-16 ft.,12,-98,79,1,1,20211022,BOS,TOR,22100020331,|1627832|1628384|1629018|1630173|1630567,0,REG,,,2022,1627832,-5.0,PG,Point of Attack,0.9,Tatum 13' Fadeaway Jumper (14 PTS),,,,BOS,1610612738.0,
Shot Chart Detail,22100020,341,0,Opponent,1610612761,Toronto Raptors,2,0,1,Made Shot,Driving Floating Jump Shot,,In The Paint (Non-RA),Center(C),Less Than 8 ft.,6,22,60,1,1,20211022,BOS,TOR,22100020341,|1627832|1628384|1629018|1630173|1630567,0,REG,,,2022,1627832,-4.0,PG,Point of Attack,0.9,Tatum 6' Driving Floating Jump Shot (16 PTS),,,,BOS,1610612738.0,
Shot Chart Detail,22100020,351,0,Opponent,1610612761,Toronto Raptors,3,11,25,Missed Shot,Jump Shot,,Above the Break 3,Left Side Center(LC),24+ ft.,26,-189,184,1,0,20211022,BOS,TOR,22100020351,|1627832|1628384|1629018|1630173|1630567,0,REG,,,2022,1628384|1630567,-4.0,,,,,,,,BOS,1610612738.0,
Shot Chart Detail,22100020,353,0,Opponent,1610612761,Toronto Raptors,3,11,22,Missed Shot,Jump Shot,,Left Corner 3,Left Side(L),24+ ft.,23,-230,19,1,0,20211022,BOS,TOR,22100020353,|1627832|1628384|1629018|1630173|1630567,0,REG,,,2022,1627832,-4.0,PG,Point of Attack,0.9,MISS Brown 3PT Jump Shot,,,,BOS,1610612738.0,
Shot Chart Detail,22100020,356,0,Opponent,1610612761,Toronto Raptors,3,10,54,Missed Shot,Jump Shot,,Above the Break 3,Right Side Center(RC),24+ ft.,26,140,225,1,0,20211022,BOS,TOR,22100020356,|1627832|1628384|1629018|1630173|1630567,0,REG,,,2022,1630567,-6.0,PF,Helper,0.63,MISS Horford 27' 3PT Jump Shot,,,,BOS,1610612738.0,
Shot Chart Detail,22100020,362,0,Opponent,1610612761,Toronto Raptors,3,10,26,Missed Shot,Jump Shot,,Above the Break 3,Right Side Center(RC),24+ ft.,25,210,151,1,0,20211022,BOS,TOR,22100020362,|1627832|1628384|1629018|1630173|1630567,0,REG,,,2022,1628384,-6.0,SF,Wing Stopper,1.03,MISS Brown 26' 3PT Jump Shot,,,,BOS,1610612738.0,
Shot Chart Detail,22100020,365,0,Opponent,1610612761,Toronto Raptors,3,9,55,Made Shot,Turnaround Fadeaway shot,,Mid-Range,Right Side(R),8-16 ft.,11,83,77,1,1,20211022,BOS,TOR,22100020365,|1627832|1628384|1629018|1630173|1630567,0,REG,,,2022,1627832|1628384,-6.0,,,,,,,,BOS,1610612738.0,
Shot Chart Detail,22100020,370,0,Opponent,1610612761,Toronto Raptors,3,9,25,Made Shot,Driving Floating Jump Shot,,In The Paint (Non-RA),Center(C),8-16 ft.,14,71,131,1,1,20211022,BOS,TOR,22100020370,|1627832|1628384|1629018|1630173|1630567,1,REG,,,2022,1629018,-6.0,SG,Chaser,0.19,Horford 15' Driving Floating Jump Shot (6 PTS) (Smart 5 AST),,,,BOS,1610612738.0,203935.0
Shot Chart Detail,22100020,384,0,Opponent,1610612761,Toronto Raptors,3,8,35,Made Shot,Hook Bank Shot,,In The Paint (Non-RA),Center(C),Less Than 8 ft.,7,64,45,1,1,20211022,BOS,TOR,22100020384,|1627832|1628384|1629018|1630173|1630567,0,REG,,,2022,1629018|1630567,-7.0,,,,,,,,BOS,1610612738.0,
Shot Chart Detail,22100020,391,0,Opponent,1610612761,Toronto Raptors,3,8,12,Made Shot,Running Layup Shot,,Restricted Area,Center(C),Less Than 8 ft.,2,21,10,1,1,20211022,BOS,TOR,22100020391,|1627832|1628384|1629018|1630173|1630567,1,REG,,,2022,1627832,-4.0,PG,Point of Attack,0.9,Williams 2' Running Layup (2 PTS) (Horford 2 AST),,,,BOS,1610612738.0,201143.0
Shot Chart Detail,22100020,395,0,Opponent,1610612761,Toronto Raptors,3,7,43,Missed Shot,Jump Shot,,Above the Break 3,Left Side Center(LC),24+ ft.,26,-147,215,1,0,20211022,BOS,TOR,22100020395,|1627832|1628384|1629018|1630173|1630567,0,REG,,,2022,1630173,-4.0,C,Mobile Big,0.24,MISS Horford 26' 3PT Jump Shot,,,,BOS,1610612738.0,
Shot Chart Detail,22100020,404,0,Opponent,1610612761,Toronto Raptors,3,7,18,Made Shot,Running Alley Oop Dunk Shot,,Restricted Area,Center(C),Less Than 8 ft.,0,9,0,1,1,20211022,BOS,TOR,22100020404,|1627832|1628384|1629018|1630173|1630567,1,REG,,,2022,1627832,-2.0,PG,Point of Attack,0.9,Brown 1' Running Alley Oop Dunk Shot (5 PTS) (Tatum 2 AST),,,,BOS,1610612738.0,1628369.0
Shot Chart Detail,22100020,408,0,Opponent,1610612761,Toronto Raptors,3,6,43,Missed Shot,Driving Finger Roll Layup Shot,,Restricted Area,Center(C),Less Than 8 ft.,3,34,1,1,0,20211022,BOS,TOR,22100020408,|1627832|1628384|1629018|1630173|1630567,0,REG,,,2022,1627832|1630567,-2.0,,,,,,,,BOS,1610612738.0,
Shot Chart Detail,22100020,412,0,Opponent,1610612761,Toronto Raptors,3,6,7,Missed Shot,Turnaround Jump Shot,,Restricted Area,Center(C),Less Than 8 ft.,3,-32,17,1,0,20211022,BOS,TOR,22100020412,|1627832|1628384|1629018|1630173|1630567,0,REG,,,2022,1627832,-4.0,PG,Point of Attack,0.9,MISS Tatum 4' Turnaround Jump Shot,,,,BOS,1610612738.0,
Shot Chart Detail,22100020,440,0,Opponent,1610612761,Toronto Raptors,3,4,11,Made Shot,Jump Shot,,Left Corner 3,Left Side(L),24+ ft.,22,-229,1,1,1,20211022,BOS,TOR,22100020440,|1627832|1628449|1629018|1630567|203920,1,REG,,,2022,1628449,-9.0,SF,Helper,0.4,Williams 3PT Jump Shot (5 PTS) (Tatum 3 AST),,,,BOS,1610612738.0,1628369.0
Shot Chart Detail,22100020,444,0,Opponent,1610612761,Toronto Raptors,3,3,33,Missed Shot,Cutting Layup Shot,,Restricted Area,Center(C),Less Than 8 ft.,2,21,13,1,0,20211022,BOS,TOR,22100020444,|1627832|1628449|1629018|1630567|203920,0,REG,,,2022,1628449,-9.0,SF,Helper,0.4,MISS Williams 2' Cutting Layup Shot,,,,BOS,1610612738.0,
Shot Chart Detail,22100020,446,0,Opponent,1610612761,Toronto Raptors,3,3,29,Missed Shot,Jump Shot,,Mid-Range,Right Side Center(RC),16-24 ft.,19,137,141,1,0,20211022,BOS,TOR,22100020446,|1627832|1628449|1629018|1630567|203920,0,REG,,,2022,1630567,-9.0,PF,Helper,0.63,MISS Richardson 20' Jump Shot,,,,BOS,1610612738.0,
Shot Chart Detail,22100020,456,0,Opponent,1610612761,Toronto Raptors,3,2,26,Missed Shot,Driving Layup Shot,,In The Paint (Non-RA),Center(C),Less Than 8 ft.,4,36,26,1,0,20211022,BOS,TOR,22100020456,|1627832|1628449|1629018|1630567|203920,0,REG,,,2022,1628449,-12.0,SF,Helper,0.4,MISS Schroder 4' Driving Layup,,,,BOS,1610612738.0,
Shot Chart Detail,22100020,460,0,Opponent,1610612761,Toronto Raptors,3,1,46,Missed Shot,Driving Layup Shot,,In The Paint (Non-RA),Center(C),8-16 ft.,8,31,77,1,0,20211022,BOS,TOR,22100020460,|1627832|1628449|1629018|1630567|203920,0,REG,,,2022,1627832|1630567,-15.0,,,,,,,,BOS,1610612738.0,
Shot Chart Detail,22100020,471,0,Opponent,1610612761,Toronto Raptors,3,1,22,Missed Shot,Pullup Jump shot,,Above the Break 3,Center(C),24+ ft.,25,-60,248,1,0,20211022,BOS,TOR,22100020471,|1627832|1628449|1629018|1630567|203920,0,REG,,,2022,203920,-17.0,C,Mobile Big,0.63,MISS Brown 26' 3PT Pullup Jump Shot,,,,BOS,1610612738.0,
Shot Chart Detail,22100020,473,0,Opponent,1610612761,Toronto Raptors,3,1,14,Missed Shot,Driving Layup Shot,,Restricted Area,Center(C),Less Than 8 ft.,2,-13,16,1,0,20211022,BOS,TOR,22100020473,|1627832|1628449|1629018|1630567|203920,0,REG,,,2022,1630567,-17.0,PF,Helper,0.63,MISS Langford 2' Driving Layup,,,,BOS,1610612738.0,
Shot Chart Detail,22100020,479,0,Opponent,1610612761,Toronto Raptors,3,0,43,Made Shot,Jump Shot,,Above the Break 3,Left Side Center(LC),24+ ft.,25,-222,116,1,1,20211022,BOS,TOR,22100020479,|1627832|1628449|1629018|1630567|203920,1,REG,,,2022,1629018,-16.0,SG,Chaser,0.19,Richardson 25' 3PT Jump Shot (12 PTS) (Schroder 4 AST),,,,BOS,1610612738.0,203471.0
Shot Chart Detail,22100020,489,0,Opponent,1610612761,Toronto Raptors,3,0,1,Missed Shot,Jump Shot,,In The Paint (Non-RA),Center(C),8-16 ft.,11,26,116,1,0,20211022,BOS,TOR,22100020489,|1627832|1628449|1629018|1630567|203920,0,REG,,,2022,1630567,-20.0,PF,Helper,0.63,MISS Brown 12' Jump Shot,,,,BOS,1610612738.0,
Shot Chart Detail,22100020,504,0,Opponent,1610612761,Toronto Raptors,4,11,53,Missed Shot,Jump Shot,,Above the Break 3,Right Side Center(RC),24+ ft.,26,234,127,1,0,20211022,BOS,TOR,22100020504,|1628384|1628449|1629004|201609|203920,0,REG,,,2022,203920,-20.0,C,Mobile Big,0.63,MISS Schroder 27' 3PT Jump Shot,,,,BOS,1610612738.0,
Shot Chart Detail,22100020,514,0,Opponent,1610612761,Toronto Raptors,4,11,7,Made Shot,Driving Layup Shot,,Restricted Area,Center(C),Less Than 8 ft.,3,-28,27,1,1,20211022,BOS,TOR,22100020514,|1628384|1628449|1629004|201609|203920,0,REG,,,2022,1628449,-19.0,SF,Helper,0.4,Schroder 4' Driving Layup (4 PTS),,,,BOS,1610612738.0,
Shot Chart Detail,22100020,517,0,Opponent,1610612761,Toronto Raptors,4,10,40,Made Shot,Fadeaway Jump Shot,,In The Paint (Non-RA),Center(C),Less Than 8 ft.,6,-58,37,1,1,20211022,BOS,TOR,22100020517,|1628384|1628449|1629004|201609|203920,0,REG,,,2022,203920,-17.0,C,Mobile Big,0.63,Brown 7' Fadeaway Jumper (9 PTS),,,,BOS,1610612738.0,
Shot Chart Detail,22100020,520,0,Opponent,1610612761,Toronto Raptors,4,10,24,Missed Shot,Pullup Jump shot,,Mid-Range,Right Side Center(RC),16-24 ft.,19,118,151,1,0,20211022,BOS,TOR,22100020520,|1628384|1628449|1629004|201609|203920,0,REG,,,2022,203920,-17.0,C,Mobile Big,0.63,MISS Brown 19' Pullup Jump Shot,,,,BOS,1610612738.0,
Shot Chart Detail,22100020,524,0,Opponent,1610612761,Toronto Raptors,4,10,9,Missed Shot,Alley Oop Dunk Shot,,In The Paint (Non-RA),Center(C),Less Than 8 ft.,4,-39,13,1,0,20211022,BOS,TOR,22100020524,|1628384|1628449|1629004|201609|203920,0,REG,,,2022,1628449,-17.0,SF,Helper,0.4,MISS Williams III 4' Alley Oop Dunk,,,,BOS,1610612738.0,
Shot Chart Detail,22100020,526,0,Opponent,1610612761,Toronto Raptors,4,10,8,Made Shot,Putback Layup Shot,,In The Paint (Non-RA),Right Side(R),8-16 ft.,9,62,78,1,1,20211022,BOS,TOR,22100020526,|1628384|1628449|1629004|201609|203920,0,REG,,,2022,1628384,-15.0,SF,Wing Stopper,1.03,Horford 10' Putback Layup (11 PTS),,,,BOS,1610612738.0,
Shot Chart Detail,22100020,538,0,Opponent,1610612761,Toronto Raptors,4,9,19,Missed Shot,Jump Shot,,Right Corner 3,Right Side(R),24+ ft.,24,233,75,1,0,20211022,BOS,TOR,22100020538,|1628384|1628449|1629004|201609|203920,0,REG,,,2022,1628449,-17.0,SF,Helper,0.4,MISS Horford 24' 3PT Jump Shot,,,,BOS,1610612738.0,
Shot Chart Detail,22100020,547,0,Opponent,1610612761,Toronto Raptors,4,8,52,Missed Shot,Driving Hook Shot,,Mid-Range,Right Side(R),8-16 ft.,12,86,87,1,0,20211022,BOS,TOR,22100020547,|1627832|1628384|1628449|201609|203920,0,REG,,,2022,1628384,-17.0,SF,Wing Stopper,1.03,MISS Brown 12' Driving Hook Shot,,,,BOS,1610612738.0,
Shot Chart Detail,22100020,551,0,Opponent,1610612761,Toronto Raptors,4,8,19,Missed Shot,Jump Shot,,Above the Break 3,Left Side Center(LC),24+ ft.,27,-163,222,1,0,20211022,BOS,TOR,22100020551,|1627832|1628384|1628449|201609|203920,0,REG,,,2022,1628449,-17.0,SF,Helper,0.4,MISS Smart 28' 3PT Jump Shot,,,,BOS,1610612738.0,
Shot Chart Detail,22100020,568,0,Opponent,1610612761,Toronto Raptors,4,7,7,Missed Shot,Jump Shot,,In The Paint (Non-RA),Center(C),Less Than 8 ft.,6,-59,30,1,0,20211022,BOS,TOR,22100020568,|1627832|1628449|1629018|1630567|203920,0,REG,,,2022,203920,-17.0,C,Mobile Big,0.63,MISS Williams III 7' Jump Shot,,,,BOS,1610612738.0,
Shot Chart Detail,22100020,572,0,Opponent,1610612761,Toronto Raptors,4,6,43,Missed Shot,Layup Shot,,In The Paint (Non-RA),Center(C),Less Than 8 ft.,5,-42,34,1,0,20211022,BOS,TOR,22100020572,|1627832|1628449|1629018|1630567|203920,0,REG,,,2022,1628449,-19.0,SF,Helper,0.4,MISS Smart 5' Layup,,,,BOS,1610612738.0,
Shot Chart Detail,22100020,579,0,Opponent,1610612761,Toronto Raptors,4,5,41,Made Shot,Alley Oop Layup shot,,Restricted Area,Center(C),Less Than 8 ft.,3,34,21,1,1,20211022,BOS,TOR,22100020579,|1627832|1628449|1629018|1630567|203920,1,REG,,,2022,203920,-17.0,C,Mobile Big,0.63,Williams III 4' Alley Oop Layup (9 PTS) (Tatum 4 AST),,,,BOS,1610612738.0,1628369.0
Shot Chart Detail,22100020,602,0,Opponent,1610612761,Toronto Raptors,4,4,38,Missed Shot,Jump Shot,,In The Paint (Non-RA),Center(C),8-16 ft.,14,71,129,1,0,20211022,BOS,TOR,22100020602,|1627832|1628384|1629018|1630173|1630567,0,REG,,,2022,1627832,-19.0,PG,Point of Attack,0.9,MISS Richardson 15' Jump Shot,,,,BOS,1610612738.0,
Shot Chart Detail,22100020,606,0,Opponent,1610612761,Toronto Raptors,4,4,18,Made Shot,Jump Shot,,Left Corner 3,Left Side(L),24+ ft.,23,-232,-7,1,1,20211022,BOS,TOR,22100020606,|1627832|1628384|1629018|1630173|1630567,1,REG,,,2022,1630173,-18.0,C,Mobile Big,0.24,Langford 3PT Jump Shot (6 PTS) (Pritchard 2 AST),,,,BOS,1610612738.0,1630202.0
Shot Chart Detail,22100020,626,0,Opponent,1610612761,Toronto Raptors,4,3,19,Missed Shot,Cutting Layup Shot,,Restricted Area,Center(C),Less Than 8 ft.,3,-23,25,1,0,20211022,BOS,TOR,22100020626,|1627832|1628384|1629018|1630173|1630567,0,REG,,,2022,1627832|1630567,-23.0,,,,,,,,BOS,1610612738.0,
Shot Chart Detail,22100020,631,0,Opponent,1610612761,Toronto Raptors,4,2,56,Missed Shot,Jump Shot,,Above the Break 3,Left Side Center(LC),24+ ft.,24,-180,167,1,0,20211022,BOS,TOR,22100020631,|1627832|1628384|1629018|1630173|1630567,0,REG,,,2022,1627832,-25.0,PG,Point of Attack,0.9,MISS Pritchard 25' 3PT Jump Shot,,,,BOS,1610612738.0,
Shot Chart Detail,22100020,647,0,Opponent,1610612761,Toronto Raptors,4,2,10,Missed Shot,Jump Shot,,Above the Break 3,Right Side Center(RC),24+ ft.,26,191,189,1,0,20211022,BOS,TOR,22100020647,|1629004|1629067|1630201|1630551|1630625,0,REG,,,2022,1630625,-28.0,PG,Chaser,0.27,MISS Nesmith 27' 3PT Jump Shot,,,,BOS,1610612738.0,
Shot Chart Detail,22100020,649,0,Opponent,1610612761,Toronto Raptors,4,2,4,Missed Shot,Tip Layup Shot,,Restricted Area,Center(C),Less Than 8 ft.,0,0,0,1,0,20211022,BOS,TOR,22100020649,|1629004|1629067|1630201|1630551|1630625,0,REG,,,2022,1630551,-28.0,SF,Helper,-0.61,MISS Kanter Tip Layup Shot,,,,BOS,1610612738.0,
Shot Chart Detail,22100020,655,0,Opponent,1610612761,Toronto Raptors,4,1,38,Made Shot,Hook Shot,,Restricted Area,Center(C),Less Than 8 ft.,2,11,27,1,1,20211022,BOS,TOR,22100020655,|1629004|1629067|1630201|1630551|1630625,0,REG,,,2022,1629067|1630551,-29.0,,,,,,,,BOS,1610612738.0,
Shot Chart Detail,22100020,657,0,Opponent,1610612761,Toronto Raptors,4,1,22,Missed Shot,Step Back Jump shot,,Mid-Range,Right Side Center(RC),16-24 ft.,20,71,187,1,0,20211022,BOS,TOR,22100020657,|1629004|1629067|1630201|1630551|1630625,0,REG,,,2022,1630625,-32.0,PG,Chaser,0.27,MISS Pritchard 20' Step Back Jump Shot,,,,BOS,1610612738.0,
Shot Chart Detail,22100020,661,0,Opponent,1610612761,Toronto Raptors,4,0,58,Missed Shot,Pullup Jump shot,,Above the Break 3,Right Side Center(RC),24+ ft.,25,165,198,1,0,20211022,BOS,TOR,22100020661,|1629004|1629067|1630201|1630551|1630625,0,REG,,,2022,1630551,-34.0,SF,Helper,-0.61,MISS Nesmith 26' 3PT Pullup Jump Shot,,,,BOS,1610612738.0,
Shot Chart Detail,22100020,669,0,Opponent,1610612761,Toronto Raptors,4,0,27,Made Shot,Jump Shot,,Above the Break 3,Right Side Center(RC),24+ ft.,25,235,90,1,1,20211022,BOS,TOR,22100020669,|1629004|1629067|1630201|1630551|1630625,1,REG,,,2022,1629004,-33.0,SF,Chaser,-0.31,Hernangomez 25' 3PT Jump Shot (3 PTS) (Nesmith 1 AST),,,,BOS,1610612738.0,1630174.0
Shot Chart Detail,22100020,679,0,Opponent,1610612761,Toronto Raptors,4,0,8,Missed Shot,Jump Shot,,In The Paint (Non-RA),Center(C),8-16 ft.,9,6,93,1,0,20211022,BOS,TOR,22100020679,|1629004|1629067|1630201|1630551|1630625,0,REG,,,2022,1630551,-32.0,SF,Helper,-0.61,MISS Hernangomez 9' Jump Shot,,,,BOS,1610612738.0,
Shot Chart Detail,22100029,7,0,Opponent,1610612761,Toronto Raptors,1,11,45,Missed Shot,Jump Shot,,Above the Break 3,Right Side Center(RC),24+ ft.,27,163,219,1,0,20211023,TOR,DAL,221000297,|1627832|1628384|1629018|1630173|1630567,0,REG,,,2022,1630173,0.0,C,Mobile Big,0.24,MISS Porzingis 27' 3PT Jump Shot,,,,DAL,1610612742.0,
Shot Chart Detail,22100029,13,0,Opponent,1610612761,Toronto Raptors,1,10,49,Made Shot,Cutting Dunk Shot,,Restricted Area,Center(C),Less Than 8 ft.,0,0,-1,1,1,20211023,TOR,DAL,2210002913,|1627832|1628384|1629018|1630173|1630567,1,REG,,,2022,1630173,0.0,C,Mobile Big,0.24,Powell Cutting Dunk Shot (2 PTS) (Doncic 1 AST),,,,DAL,1610612742.0,1629029.0
Shot Chart Detail,22100029,17,0,Opponent,1610612761,Toronto Raptors,1,10,15,Missed Shot,Jump Shot,,Left Corner 3,Left Side(L),24+ ft.,22,-227,-6,1,0,20211023,TOR,DAL,2210002917,|1627832|1628384|1629018|1630173|1630567,0,REG,,,2022,1629018,-2.0,SG,Chaser,0.19,MISS Hardaway Jr. 3PT Jump Shot,,,,DAL,1610612742.0,
Shot Chart Detail,22100029,20,0,Opponent,1610612761,Toronto Raptors,1,9,52,Missed Shot,Driving Floating Jump Shot,,In The Paint (Non-RA),Center(C),Less Than 8 ft.,5,39,40,1,0,20211023,TOR,DAL,2210002920,|1627832|1628384|1629018|1630173|1630567,0,REG,,,2022,1627832|1628384,-5.0,,,,,,,,DAL,1610612742.0,
Shot Chart Detail,22100029,24,0,Opponent,1610612761,Toronto Raptors,1,9,24,Missed Shot,Fadeaway Jump Shot,,Mid-Range,Right Side(R),8-16 ft.,15,140,62,1,0,20211023,TOR,DAL,2210002924,|1627832|1628384|1629018|1630173|1630567,0,REG,,,2022,1629018,-5.0,SG,Chaser,0.19,MISS Porzingis 15' Fadeaway Jumper,,,,DAL,1610612742.0,
Shot Chart Detail,22100029,28,0,Opponent,1610612761,Toronto Raptors,1,9,11,Missed Shot,Jump Shot,,Right Corner 3,Right Side(R),24+ ft.,23,234,1,1,0,20211023,TOR,DAL,2210002928,|1627832|1628384|1629018|1630173|1630567,0,REG,,,2022,1630173,-5.0,C,Mobile Big,0.24,MISS Hardaway Jr. 3PT Jump Shot,,,,DAL,1610612742.0,
Shot Chart Detail,22100029,33,0,Opponent,1610612761,Toronto Raptors,1,8,29,Missed Shot,Pullup Jump shot,,Above the Break 3,Center(C),24+ ft.,25,-15,256,1,0,20211023,TOR,DAL,2210002933,|1627832|1628384|1629018|1630173|1630567,0,REG,,,2022,1630173,-7.0,C,Mobile Big,0.24,MISS Doncic 26' 3PT Pullup Jump Shot,,,,DAL,1610612742.0,
Shot Chart Detail,22100029,37,0,Opponent,1610612761,Toronto Raptors,1,8,10,Missed Shot,Running Jump Shot,,Above the Break 3,Right Side Center(RC),24+ ft.,24,212,114,1,0,20211023,TOR,DAL,2210002937,|1627832|1628384|1629018|1630173|1630567,0,REG,,,2022,,,,,,,,,,DAL,1610612742.0,
Shot Chart Detail,22100029,41,0,Opponent,1610612761,Toronto Raptors,1,7,38,Missed Shot,Turnaround Jump Shot,,Mid-Range,Right Side Center(RC),16-24 ft.,16,121,108,1,0,20211023,TOR,DAL,2210002941,|1627832|1628384|1629018|1630173|1630567,0,REG,,,2022,1628384,-7.0,SF,Wing Stopper,1.03,Anunoby BLOCK (1 BLK),,,,DAL,1610612742.0,
Shot Chart Detail,22100029,58,0,Opponent,1610612761,Toronto Raptors,1,6,18,Missed Shot,Cutting Layup Shot,,Restricted Area,Center(C),Less Than 8 ft.,2,22,-6,1,0,20211023,TOR,DAL,2210002958,|1627832|1628384|1629018|1630173|1630567,0,REG,,,2022,1627832,-11.0,PG,Point of Attack,0.9,Anunoby BLOCK (2 BLK),,,,DAL,1610612742.0,
Shot Chart Detail,22100029,61,0,Opponent,1610612761,Toronto Raptors,1,5,45,Made Shot,Driving Floating Jump Shot,,In The Paint (Non-RA),Center(C),Less Than 8 ft.,6,-21,64,1,1,20211023,TOR,DAL,2210002961,|1627832|1628384|1629018|1630173|1630567,0,REG,,,2022,1630567,-12.0,PF,Helper,0.63,Doncic 7' Driving Floating Jump Shot (2 PTS),,,,DAL,1610612742.0,
Shot Chart Detail,22100029,71,0,Opponent,1610612761,Toronto Raptors,1,5,15,Made Shot,Running Dunk Shot,,Restricted Area,Center(C),Less Than 8 ft.,0,2,-1,1,1,20211023,TOR,DAL,2210002971,|1627832|1628384|1629018|1630173|1630567,1,REG,,,2022,1629018|1630567,-9.0,,,,,,,,DAL,1610612742.0,1629029.0
Shot Chart Detail,22100029,83,0,Opponent,1610612761,Toronto Raptors,1,4,37,Missed Shot,Pullup Jump shot,,Above the Break 3,Left Side Center(LC),24+ ft.,26,-175,198,1,0,20211023,TOR,DAL,2210002983,|1627832|1628384|1629004|201609|203920,0,REG,,,2022,1629004,-12.0,SF,Chaser,-0.31,MISS Hardaway Jr. 26' 3PT Pullup Jump Shot,,,,DAL,1610612742.0,
Shot Chart Detail,22100029,87,0,Opponent,1610612761,Toronto Raptors,1,4,13,Missed Shot,Jump Shot,,Above the Break 3,Center(C),24+ ft.,26,-55,263,1,0,20211023,TOR,DAL,2210002987,|1627832|1628384|1629004|201609|203920,0,REG,,,2022,203920,-12.0,C,Mobile Big,0.63,MISS Doncic 27' 3PT Jump Shot,,,,DAL,1610612742.0,
Shot Chart Detail,22100029,89,0,Opponent,1610612761,Toronto Raptors,1,4,4,Made Shot,Tip Layup Shot,,Restricted Area,Center(C),Less Than 8 ft.,0,0,0,1,1,20211023,TOR,DAL,2210002989,|1627832|1628384|1629004|201609|203920,0,REG,,,2022,1629004|201609,-10.0,,,,,,,,DAL,1610612742.0,
Shot Chart Detail,22100029,96,0,Opponent,1610612761,Toronto Raptors,1,3,33,Made Shot,Driving Floating Jump Shot,,In The Paint (Non-RA),Center(C),8-16 ft.,8,7,84,1,1,20211023,TOR,DAL,2210002996,|1628384|1629004|1629018|201609|203920,0,REG,,,2022,203920,-11.0,C,Mobile Big,0.63,Doncic 8' Driving Floating Jump Shot (5 PTS),,,,DAL,1610612742.0,
Shot Chart Detail,22100029,99,0,Opponent,1610612761,Toronto Raptors,1,3,10,Missed Shot,Running Layup Shot,,Restricted Area,Center(C),Less Than 8 ft.,2,22,15,1,0,20211023,TOR,DAL,2210002999,|1628384|1629004|1629018|201609|203920,0,REG,,,2022,1629018,-11.0,SG,Chaser,0.19,Trent Jr. BLOCK (1 BLK),,,,DAL,1610612742.0,
Shot Chart Detail,22100029,102,0,Opponent,1610612761,Toronto Raptors,1,3,4,Made Shot,Putback Layup Shot,,Restricted Area,Center(C),Less Than 8 ft.,0,0,0,1,1,20211023,TOR,DAL,22100029102,|1628384|1629004|1629018|201609|203920,0,REG,,,2022,,,,,,,,,,DAL,1610612742.0,
Shot Chart Detail,22100029,119,0,Opponent,1610612761,Toronto Raptors,1,4,11,Missed Shot,Putback Layup Shot,,Restricted Area,Center(C),Less Than 8 ft.,3,-11,36,1,0,20211023,TOR,DAL,22100029119,|1627832|1628384|1629004|201609|203920,0,REG,,,2022,1629004|201609,-12.0,,,,,,,,DAL,1610612742.0,
Shot Chart Detail,22100029,127,0,Opponent,1610612761,Toronto Raptors,1,2,6,Made Shot,Floating Jump shot,,In The Paint (Non-RA),Center(C),8-16 ft.,12,22,126,1,1,20211023,TOR,DAL,22100029127,|1628449|1629004|1630567|201609|203920,1,REG,,,2022,1629004,-7.0,SF,Chaser,-0.31,Porzingis 13' Floating Jump Shot (2 PTS) (S. Brown 1 AST),,,,DAL,1610612742.0,1628425.0
Shot Chart Detail,22100029,144,0,Opponent,1610612761,Toronto Raptors,1,0,57,Missed Shot,Tip Layup Shot,,Restricted Area,Center(C),Less Than 8 ft.,0,0,0,1,0,20211023,TOR,DAL,22100029144,|1628449|1629004|1630567|201609|203920,0,REG,,,2022,1628449,-7.0,SF,Helper,0.4,MISS Porzingis Tip Layup Shot,,,,DAL,1610612742.0,
Shot Chart Detail,22100029,146,0,Opponent,1610612761,Toronto Raptors,1,0,53,Missed Shot,Step Back Jump shot,,Above the Break 3,Right Side Center(RC),24+ ft.,25,165,198,1,0,20211023,TOR,DAL,22100029146,|1628449|1629004|1630567|201609|203920,0,REG,,,2022,1628449,-7.0,SF,Helper,0.4,MISS Porzingis 26' 3PT Step Back Jump Shot,,,,DAL,1610612742.0,
Shot Chart Detail,22100029,153,0,Opponent,1610612761,Toronto Raptors,1,0,4,Missed Shot,Turnaround Fadeaway shot,,In The Paint (Non-RA),Center(C),Less Than 8 ft.,7,-39,61,1,0,20211023,TOR,DAL,22100029153,|1628449|1629004|1630567|201609|203920,0,REG,,,2022,201609,-7.0,PG,Chaser,-0.32,Dragic BLOCK (1 BLK),,,,DAL,1610612742.0,
Shot Chart Detail,22100029,176,0,Opponent,1610612761,Toronto Raptors,2,11,5,Made Shot,Jump Shot,,Above the Break 3,Right Side Center(RC),24+ ft.,27,152,232,1,1,20211023,TOR,DAL,22100029176,|1627832|1628384|1628449|1630173|201609,1,REG,,,2022,,,,,,,,,,DAL,1610612742.0,1628973.0
Shot Chart Detail,22100029,180,0,Opponent,1610612761,Toronto Raptors,2,10,39,Missed Shot,Driving Finger Roll Layup Shot,,Restricted Area,Center(C),Less Than 8 ft.,2,11,26,1,0,20211023,TOR,DAL,22100029180,|1627832|1628384|1628449|1630173|201609,0,REG,,,2022,1627832|1630173,-4.0,,,,,,,,DAL,1610612742.0,
Shot Chart Detail,22100029,182,0,Opponent,1610612761,Toronto Raptors,2,10,35,Missed Shot,Tip Layup Shot,,Restricted Area,Center(C),Less Than 8 ft.,0,0,0,1,0,20211023,TOR,DAL,22100029182,|1627832|1628384|1628449|1630173|201609,0,REG,,,2022,1630173,-4.0,C,Mobile Big,0.24,MISS Brunson Tip Layup Shot,,,,DAL,1610612742.0,
Shot Chart Detail,22100029,185,0,Opponent,1610612761,Toronto Raptors,2,10,17,Missed Shot,Jump Shot,,Left Corner 3,Left Side(L),24+ ft.,22,-223,-1,1,0,20211023,TOR,DAL,22100029185,|1627832|1628384|1628449|1630173|201609,0,REG,,,2022,1627832,-7.0,PG,Point of Attack,0.9,MISS Bullock 3PT Jump Shot,,,,DAL,1610612742.0,
Shot Chart Detail,22100029,187,0,Opponent,1610612761,Toronto Raptors,2,10,10,Missed Shot,Driving Finger Roll Layup Shot,,Restricted Area,Center(C),Less Than 8 ft.,3,-12,34,1,0,20211023,TOR,DAL,22100029187,|1627832|1628384|1628449|1630173|201609,0,REG,,,2022,1628449|201609,-7.0,,,,,,,,DAL,1610612742.0,
Shot Chart Detail,22100029,190,0,Opponent,1610612761,Toronto Raptors,2,10,4,Missed Shot,Pullup Jump shot,,Mid-Range,Left Side(L),16-24 ft.,18,-185,-1,1,0,20211023,TOR,DAL,22100029190,|1627832|1628384|1628449|1630173|201609,0,REG,,,2022,1627832,-7.0,PG,Point of Attack,0.9,MISS Bullock 19' Pullup Jump Shot,,,,DAL,1610612742.0,
Shot Chart Detail,22100029,203,0,Opponent,1610612761,Toronto Raptors,2,9,34,Missed Shot,Jump Shot,,Mid-Range,Right Side(R),8-16 ft.,13,119,58,1,0,20211023,TOR,DAL,22100029203,|1627832|1628384|1628449|1630173|201609,0,REG,,,2022,1627832,-7.0,PG,Point of Attack,0.9,MISS Brunson 13' Jump Shot,,,,DAL,1610612742.0,
Shot Chart Detail,22100029,207,0,Opponent,1610612761,Toronto Raptors,2,9,21,Missed Shot,Jump Shot,,Above the Break 3,Left Side Center(LC),24+ ft.,24,-206,141,1,0,20211023,TOR,DAL,22100029207,|1627832|1628384|1628449|1630173|201609,0,REG,,,2022,1628449,-7.0,SF,Helper,0.4,Boucher BLOCK (2 BLK),,,,DAL,1610612742.0,
Shot Chart Detail,22100029,218,0,Opponent,1610612761,Toronto Raptors,2,9,13,Missed Shot,Turnaround Fadeaway shot,,In The Paint (Non-RA),Center(C),8-16 ft.,8,10,88,1,0,20211023,TOR,DAL,22100029218,|1627832|1628449|1629018|1630173|1630567,0,REG,,,2022,1627832,-7.0,PG,Point of Attack,0.9,MISS Brunson 9' Turnaround Fadeaway Shot,,,,DAL,1610612742.0,
Shot Chart Detail,22100029,226,0,Opponent,1610612761,Toronto Raptors,2,8,29,Made Shot,Jump Shot,,Above the Break 3,Center(C),24+ ft.,30,25,299,1,1,20211023,TOR,DAL,22100029226,|1627832|1628449|1629018|1630173|1630567,1,REG,,,2022,1629018,-4.0,SG,Chaser,0.19,Porzingis 30' 3PT Jump Shot (10 PTS) (Hardaway Jr. 1 AST),,,,DAL,1610612742.0,203501.0
Shot Chart Detail,22100029,232,0,Opponent,1610612761,Toronto Raptors,2,7,50,Missed Shot,Driving Bank Hook Shot,,In The Paint (Non-RA),Center(C),Less Than 8 ft.,5,51,13,1,0,20211023,TOR,DAL,22100029232,|1627832|1628449|1629018|1630173|1630567,0,REG,,,2022,1630173,-4.0,C,Mobile Big,0.24,MISS Porzingis 5' Driving Bank Hook Shot,,,,DAL,1610612742.0,
Shot Chart Detail,22100029,243,0,Opponent,1610612761,Toronto Raptors,2,7,35,Missed Shot,Turnaround Jump Shot,,In The Paint (Non-RA),Center(C),Less Than 8 ft.,5,-21,55,1,0,20211023,TOR,DAL,22100029243,|1627832|1628384|1629018|1630173|1630567,0,REG,,,2022,1627832,-7.0,PG,Point of Attack,0.9,MISS Doncic 6' Turnaround Jump Shot,,,,DAL,1610612742.0,
Shot Chart Detail,22100029,247,0,Opponent,1610612761,Toronto Raptors,2,7,7,Made Shot,Alley Oop Dunk Shot,,Restricted Area,Center(C),Less Than 8 ft.,0,1,-1,1,1,20211023,TOR,DAL,22100029247,|1627832|1628384|1629018|1630173|1630567,1,REG,,,2022,1630567,-7.0,PF,Helper,0.63,Powell Alley Oop Dunk (4 PTS) (Doncic 3 AST),,,,DAL,1610612742.0,1629029.0
Shot Chart Detail,22100029,262,0,Opponent,1610612761,Toronto Raptors,2,6,3,Missed Shot,Step Back Jump shot,,Above the Break 3,Center(C),24+ ft.,26,-6,263,1,0,20211023,TOR,DAL,22100029262,|1627832|1628384|1629004|1629018|1630173,0,REG,,,2022,1627832,-11.0,PG,Point of Attack,0.9,MISS Doncic 26' 3PT Step Back Jump Shot,,,,DAL,1610612742.0,
Shot Chart Detail,22100029,264,0,Opponent,1610612761,Toronto Raptors,2,6,0,Missed Shot,Jump Shot,,In The Paint (Non-RA),Center(C),8-16 ft.,14,-60,136,1,0,20211023,TOR,DAL,22100029264,|1627832|1628384|1629004|1629018|1630173,0,REG,,,2022,1627832,-11.0,PG,Point of Attack,0.9,MISS Hardaway Jr. 15' Jump Shot,,,,DAL,1610612742.0,
Shot Chart Detail,22100029,286,0,Opponent,1610612761,Toronto Raptors,2,4,52,Made Shot,Jump Shot,,Above the Break 3,Center(C),24+ ft.,24,18,245,1,1,20211023,TOR,DAL,22100029286,|1628449|1629004|1629018|1630173|201609,1,REG,,,2022,1629018,-7.0,SG,Chaser,0.19,Hardaway Jr. 25' 3PT Jump Shot (3 PTS) (Finney-Smith 1 AST),,,,DAL,1610612742.0,1627827.0
Shot Chart Detail,22100029,301,0,Opponent,1610612761,Toronto Raptors,2,3,55,Made Shot,Driving Floating Jump Shot,,In The Paint (Non-RA),Center(C),8-16 ft.,10,-23,99,1,1,20211023,TOR,DAL,22100029301,|1628449|1629004|1629018|201609|203920,0,REG,,,2022,1629018,-6.0,SG,Chaser,0.19,Doncic 10' Driving Floating Jump Shot (8 PTS),,,,DAL,1610612742.0,
Shot Chart Detail,22100029,304,0,Opponent,1610612761,Toronto Raptors,2,3,28,Made Shot,Running Reverse Layup Shot,,Restricted Area,Center(C),Less Than 8 ft.,1,12,-8,1,1,20211023,TOR,DAL,22100029304,|1628449|1629004|1629018|201609|203920,1,REG,,,2022,1628449,-4.0,SF,Helper,0.4,Finney-Smith 1' Running Reverse Layup (8 PTS) (Doncic 4 AST),,,,DAL,1610612742.0,1629029.0
Shot Chart Detail,22100029,312,0,Opponent,1610612761,Toronto Raptors,2,2,54,Made Shot,Jump Shot,,Left Corner 3,Left Side(L),24+ ft.,23,-234,-15,1,1,20211023,TOR,DAL,22100029312,|1627832|1629004|1629018|1629067|203920,1,REG,,,2022,1627832,-3.0,PG,Point of Attack,0.9,Brunson 3PT Jump Shot (3 PTS) (Doncic 5 AST),,,,DAL,1610612742.0,1629029.0
Shot Chart Detail,22100029,329,0,Opponent,1610612761,Toronto Raptors,2,1,43,Made Shot,Driving Floating Bank Jump Shot,,Mid-Range,Right Side(R),8-16 ft.,10,98,31,1,1,20211023,TOR,DAL,22100029329,|1627832|1629004|1629018|1629067|203920,0,REG,,,2022,203920,-2.0,C,Mobile Big,0.63,Doncic 10' Driving Floating Bank Jump Shot (11 PTS),,,,DAL,1610612742.0,
Shot Chart Detail,22100029,331,0,Opponent,1610612761,Toronto Raptors,2,1,16,Missed Shot,Jump Shot,,Above the Break 3,Center(C),24+ ft.,26,-66,256,1,0,20211023,TOR,DAL,22100029331,|1627832|1629004|1629018|1629067|203920,0,REG,,,2022,203920,-5.0,C,Mobile Big,0.63,MISS Porzingis 26' 3PT Jump Shot,,,,DAL,1610612742.0,
Shot Chart Detail,22100029,336,0,Opponent,1610612761,Toronto Raptors,2,0,54,Missed Shot,Running Layup Shot,,Restricted Area,Center(C),Less Than 8 ft.,2,-26,-2,1,0,20211023,TOR,DAL,22100029336,|1627832|1629004|1629018|1629067|203920,0,REG,,,2022,1627832,-5.0,PG,Point of Attack,0.9,MISS Brunson 3' Running Layup,,,,DAL,1610612742.0,
Shot Chart Detail,22100029,343,0,Opponent,1610612761,Toronto Raptors,2,0,32,Missed Shot,Step Back Jump shot,,Above the Break 3,Right Side Center(RC),24+ ft.,27,87,263,1,0,20211023,TOR,DAL,22100029343,|1627832|1629004|1629018|1629067|203920,0,REG,,,2022,1629067,-5.0,SF,Helper,-0.22,MISS Doncic 28' 3PT Step Back Jump Shot,,,,DAL,1610612742.0,
Shot Chart Detail,22100029,362,0,Opponent,1610612761,Toronto Raptors,2,9,48,Missed Shot,Floating Jump shot,,In The Paint (Non-RA),Center(C),8-16 ft.,11,0,113,1,0,20211023,TOR,DAL,22100029362,|1627832|1628384|1628449|1630173|201609,0,REG,,,2022,1628449,-7.0,SF,Helper,0.4,MISS Kleber 11' Floating Jump Shot,,,,DAL,1610612742.0,
Shot Chart Detail,22100029,375,0,Opponent,1610612761,Toronto Raptors,3,11,29,Missed Shot,Pullup Jump shot,,Mid-Range,Left Side(L),8-16 ft.,13,-134,16,1,0,20211023,TOR,DAL,22100029375,|1627832|1628384|1629018|1630173|1630567,0,REG,,,2022,1630173,-6.0,C,Mobile Big,0.24,MISS Porzingis 13' Pullup Jump Shot,,,,DAL,1610612742.0,
Shot Chart Detail,22100029,381,0,Opponent,1610612761,Toronto Raptors,3,10,50,Made Shot,Jump Bank Shot,,Above the Break 3,Right Side Center(RC),24+ ft.,26,207,167,1,1,20211023,TOR,DAL,22100029381,|1627832|1628384|1629018|1630173|1630567,1,REG,,,2022,1630567,-5.0,PF,Helper,0.63,Hardaway Jr. 27' 3PT Jump Bank Shot (6 PTS) (Doncic 6 AST),,,,DAL,1610612742.0,1629029.0
Shot Chart Detail,22100029,387,0,Opponent,1610612761,Toronto Raptors,3,10,7,Missed Shot,Step Back Jump shot,,Above the Break 3,Left Side Center(LC),24+ ft.,26,-172,204,1,0,20211023,TOR,DAL,22100029387,|1627832|1628384|1629018|1630173|1630567,0,REG,,,2022,1630173,-7.0,C,Mobile Big,0.24,MISS Doncic 27' 3PT Step Back Jump Shot,,,,DAL,1610612742.0,
Shot Chart Detail,22100029,394,0,Opponent,1610612761,Toronto Raptors,3,9,46,Made Shot,Driving Finger Roll Layup Shot,,Restricted Area,Center(C),Less Than 8 ft.,0,2,-3,1,1,20211023,TOR,DAL,22100029394,|1627832|1628384|1629018|1630173|1630567,0,REG,,,2022,1630567,-6.0,PF,Helper,0.63,Doncic Driving Finger Roll Layup (13 PTS),,,,DAL,1610612742.0,
Shot Chart Detail,22100029,398,0,Opponent,1610612761,Toronto Raptors,3,9,10,Made Shot,Fadeaway Jump Shot,,Mid-Range,Right Side(R),8-16 ft.,12,120,5,1,1,20211023,TOR,DAL,22100029398,|1627832|1628384|1629018|1630173|1630567,0,REG,,,2022,1630173,-6.0,C,Mobile Big,0.24,Porzingis 12' Fadeaway Jumper (12 PTS),,,,DAL,1610612742.0,
Shot Chart Detail,22100029,402,0,Opponent,1610612761,Toronto Raptors,3,8,44,Made Shot,Turnaround Jump Shot,,In The Paint (Non-RA),Right Side(R),8-16 ft.,9,74,57,1,1,20211023,TOR,DAL,22100029402,|1627832|1628384|1629018|1630173|1630567,1,REG,,,2022,1630567,-4.0,PF,Helper,0.63,Porzingis 9' Turnaround Jump Shot (14 PTS) (Doncic 7 AST),,,,DAL,1610612742.0,1629029.0
Shot Chart Detail,22100029,405,0,Opponent,1610612761,Toronto Raptors,3,8,5,Made Shot,Jump Shot,,Left Corner 3,Left Side(L),24+ ft.,23,-235,5,1,1,20211023,TOR,DAL,22100029405,|1627832|1628384|1629018|1630173|1630567,1,REG,,,2022,1630567,-3.0,PF,Helper,0.63,Hardaway Jr. 24' 3PT Jump Shot (9 PTS) (Doncic 8 AST),,,,DAL,1610612742.0,1629029.0
Shot Chart Detail,22100029,410,0,Opponent,1610612761,Toronto Raptors,3,7,28,Missed Shot,Running Pull-Up Jump Shot,,Above the Break 3,Left Side Center(LC),24+ ft.,27,-169,216,1,0,20211023,TOR,DAL,22100029410,|1627832|1628384|1629018|1630173|1630567,0,REG,,,2022,,,,,,,,,,DAL,1610612742.0,
Shot Chart Detail,22100029,415,0,Opponent,1610612761,Toronto Raptors,3,6,42,Made Shot,Jump Shot,,Above the Break 3,Left Side Center(LC),24+ ft.,29,-121,264,1,1,20211023,TOR,DAL,22100029415,|1627832|1628384|1629018|1630173|1630567,1,REG,,,2022,1627832,-2.0,PG,Point of Attack,0.9,Hardaway Jr. 29' 3PT Jump Shot (12 PTS) (Powell 1 AST),,,,DAL,1610612742.0,203939.0
Shot Chart Detail,22100029,419,0,Opponent,1610612761,Toronto Raptors,3,6,6,Made Shot,Driving Reverse Layup Shot,,Restricted Area,Center(C),Less Than 8 ft.,0,-6,6,1,1,20211023,TOR,DAL,22100029419,|1627832|1628384|1629018|1630173|1630567,0,REG,,,2022,1628384,0.0,SF,Wing Stopper,1.03,Doncic 1' Driving Reverse Layup (15 PTS),,,,DAL,1610612742.0,
Shot Chart Detail,22100029,429,0,Opponent,1610612761,Toronto Raptors,3,5,43,Made Shot,Cutting Dunk Shot,,Restricted Area,Center(C),Less Than 8 ft.,0,0,7,1,1,20211023,TOR,DAL,22100029429,|1627832|1628384|1629004|1629018|203920,1,REG,,,2022,1627832,2.0,PG,Point of Attack,0.9,Powell 1' Cutting Dunk Shot (11 PTS) (Doncic 9 AST),,,,DAL,1610612742.0,1629029.0
Shot Chart Detail,22100029,442,0,Opponent,1610612761,Toronto Raptors,3,5,15,Made Shot,Pullup Jump shot,,Above the Break 3,Left Side Center(LC),24+ ft.,28,-184,216,1,1,20211023,TOR,DAL,22100029442,|1627832|1628384|1629004|1630625|203920,0,REG,,,2022,203920,5.0,C,Mobile Big,0.63,Doncic 28' 3PT Pullup Jump Shot (18 PTS),,,,DAL,1610612742.0,
Shot Chart Detail,22100029,447,0,Opponent,1610612761,Toronto Raptors,3,4,41,Made Shot,Driving Floating Jump Shot,,Mid-Range,Center(C),8-16 ft.,15,0,151,1,1,20211023,TOR,DAL,22100029447,|1627832|1628384|1629004|1630625|203920,0,REG,,,2022,203920,7.0,C,Mobile Big,0.63,Doncic 15' Driving Floating Jump Shot (20 PTS),,,,DAL,1610612742.0,
Shot Chart Detail,22100029,453,0,Opponent,1610612761,Toronto Raptors,3,4,11,Made Shot,Step Back Jump shot,,Above the Break 3,Left Side Center(LC),24+ ft.,32,-173,273,1,1,20211023,TOR,DAL,22100029453,|1627832|1628384|1629004|1630625|203920,0,REG,,,2022,1627832,8.0,PG,Point of Attack,0.9,Doncic 32' 3PT Step Back Jump Shot (23 PTS),,,,DAL,1610612742.0,
Shot Chart Detail,22100029,459,0,Opponent,1610612761,Toronto Raptors,3,3,27,Missed Shot,Jump Shot,,Above the Break 3,Left Side Center(LC),24+ ft.,26,-154,217,1,0,20211023,TOR,DAL,22100029459,|1627832|1628384|1629004|1630625|203920,0,REG,,,2022,203920,5.0,C,Mobile Big,0.63,MISS Kleber 27' 3PT Jump Shot,,,,DAL,1610612742.0,
Shot Chart Detail,22100029,467,0,Opponent,1610612761,Toronto Raptors,3,3,0,Missed Shot,Jump Shot,,Above the Break 3,Right Side Center(RC),24+ ft.,25,118,231,1,0,20211023,TOR,DAL,22100029467,|1627832|1628384|1629004|1630625|203920,0,REG,,,2022,1629004,5.0,SF,Chaser,-0.31,MISS Brunson 26' 3PT Jump Shot,,,,DAL,1610612742.0,
Shot Chart Detail,22100029,475,0,Opponent,1610612761,Toronto Raptors,3,2,22,Missed Shot,Step Back Jump shot,,Mid-Range,Left Side Center(LC),16-24 ft.,20,-83,190,1,0,20211023,TOR,DAL,22100029475,|1627832|1628384|1629004|1630625|203920,0,REG,,,2022,203920,5.0,C,Mobile Big,0.63,MISS Doncic 21' Step Back Jump Shot,,,,DAL,1610612742.0,
Shot Chart Detail,22100029,489,0,Opponent,1610612761,Toronto Raptors,3,1,24,Missed Shot,Jump Shot,,Above the Break 3,Center(C),24+ ft.,29,-70,283,1,0,20211023,TOR,DAL,22100029489,|1627832|1629004|1630567|1630625|203920,0,REG,,,2022,203920,5.0,C,Mobile Big,0.63,MISS Porzingis 29' 3PT Jump Shot,,,,DAL,1610612742.0,
Shot Chart Detail,22100029,491,0,Opponent,1610612761,Toronto Raptors,3,1,10,Missed Shot,Step Back Jump shot,,Above the Break 3,Left Side Center(LC),24+ ft.,30,-126,273,1,0,20211023,TOR,DAL,22100029491,|1627832|1629004|1630567|1630625|203920,0,REG,,,2022,1630625,5.0,PG,Chaser,0.27,MISS Doncic 30' 3PT Step Back Jump Shot,,,,DAL,1610612742.0,
Shot Chart Detail,22100029,496,0,Opponent,1610612761,Toronto Raptors,3,0,48,Missed Shot,Cutting Layup Shot,,Restricted Area,Center(C),Less Than 8 ft.,2,-16,15,1,0,20211023,TOR,DAL,22100029496,|1627832|1629004|1630567|1630625|203920,0,REG,,,2022,1629004,5.0,SF,Chaser,-0.31,MISS Porzingis 2' Cutting Layup Shot,,,,DAL,1610612742.0,
Shot Chart Detail,22100029,507,0,Opponent,1610612761,Toronto Raptors,3,0,8,Missed Shot,Jump Shot,,Left Corner 3,Left Side(L),24+ ft.,22,-228,2,1,0,20211023,TOR,DAL,22100029507,|1627832|1629004|1630173|1630625|203920,0,REG,,,2022,1630173,4.0,C,Mobile Big,0.24,MISS S. Brown 3PT Jump Shot,,,,DAL,1610612742.0,
Shot Chart Detail,22100029,511,0,Opponent,1610612761,Toronto Raptors,3,0,0,Missed Shot,Running Jump Shot,,Above the Break 3,Center(C),24+ ft.,37,17,373,1,0,20211023,TOR,DAL,22100029511,|1627832|1629004|1630173|1630625|203920,0,REG,,,2022,1630173,2.0,C,Mobile Big,0.24,MISS Porzingis 37' 3PT Running Jump Shot,,,,DAL,1610612742.0,
Shot Chart Detail,22100029,521,0,Opponent,1610612761,Toronto Raptors,4,11,47,Missed Shot,Jump Shot,,Above the Break 3,Center(C),24+ ft.,27,72,267,1,0,20211023,TOR,DAL,22100029521,|1629004|1630173|1630625|201609|203920,0,REG,,,2022,1630625,2.0,PG,Chaser,0.27,MISS Bullock 28' 3PT Jump Shot,,,,DAL,1610612742.0,
Shot Chart Detail,22100029,528,0,Opponent,1610612761,Toronto Raptors,4,11,10,Missed Shot,Driving Finger Roll Layup Shot,,Restricted Area,Center(C),Less Than 8 ft.,1,9,8,1,0,20211023,TOR,DAL,22100029528,|1629004|1630173|1630625|201609|203920,0,REG,,,2022,1630173|1629004,2.0,,,,,,,,DAL,1610612742.0,
Shot Chart Detail,22100029,532,0,Opponent,1610612761,Toronto Raptors,4,10,44,Made Shot,Running Layup Shot,,Restricted Area,Center(C),Less Than 8 ft.,1,-13,7,1,1,20211023,TOR,DAL,22100029532,|1629004|1630173|1630625|201609|203920,1,REG,,,2022,203920|201609,4.0,,,,,,,,DAL,1610612742.0,203501.0
Shot Chart Detail,22100029,539,0,Opponent,1610612761,Toronto Raptors,4,10,21,Made Shot,Jump Shot,,Above the Break 3,Center(C),24+ ft.,27,69,262,1,1,20211023,TOR,DAL,22100029539,|1629018|1630173|1630625|201609|203920,1,REG,,,2022,1629018,7.0,SG,Chaser,0.19,Hardaway Jr. 27' 3PT Jump Shot (15 PTS) (Brunson 2 AST),,,,DAL,1610612742.0,1628973.0
Shot Chart Detail,22100029,543,0,Opponent,1610612761,Toronto Raptors,4,9,43,Made Shot,Jump Shot,,Above the Break 3,Left Side Center(LC),24+ ft.,28,-170,225,1,1,20211023,TOR,DAL,22100029543,|1629018|1630173|1630625|201609|203920,1,REG,,,2022,203920,8.0,C,Mobile Big,0.63,Hardaway Jr. 28' 3PT Jump Shot (18 PTS) (Brunson 3 AST),,,,DAL,1610612742.0,1628973.0
Shot Chart Detail,22100029,552,0,Opponent,1610612761,Toronto Raptors,4,9,8,Missed Shot,Jump Shot,,Above the Break 3,Right Side Center(RC),24+ ft.,27,190,199,1,0,20211023,TOR,DAL,22100029552,|1629018|1630173|1630567|1630625|201609,0,REG,,,2022,201609,7.0,PG,Chaser,-0.32,MISS Hardaway Jr. 28' 3PT Jump Shot,,,,DAL,1610612742.0,
Shot Chart Detail,22100029,565,0,Opponent,1610612761,Toronto Raptors,4,8,44,Made Shot,Pullup Jump shot,,Mid-Range,Center(C),8-16 ft.,15,-11,151,1,1,20211023,TOR,DAL,22100029565,|1627832|1629018|1630173|1630567|201609,0,REG,,,2022,1627832,9.0,PG,Point of Attack,0.9,Hardaway Jr. 15' Pullup Jump Shot (20 PTS),,,,DAL,1610612742.0,
Shot Chart Detail,22100029,576,0,Opponent,1610612761,Toronto Raptors,4,7,41,Missed Shot,Turnaround Fadeaway shot,,Mid-Range,Left Side(L),16-24 ft.,16,-161,33,1,0,20211023,TOR,DAL,22100029576,|1627832|1629018|1630173|1630567|201609,0,REG,,,2022,1630567,8.0,PF,Helper,0.63,MISS Doncic 16' Turnaround Fadeaway Shot,,,,DAL,1610612742.0,
Shot Chart Detail,22100029,582,0,Opponent,1610612761,Toronto Raptors,4,7,10,Missed Shot,Jump Shot,,Left Corner 3,Left Side(L),24+ ft.,23,-234,-4,1,0,20211023,TOR,DAL,22100029582,|1627832|1629018|1630173|1630567|201609,0,REG,,,2022,201609,8.0,PG,Chaser,-0.32,MISS Finney-Smith 3PT Jump Shot,,,,DAL,1610612742.0,
Shot Chart Detail,22100029,595,0,Opponent,1610612761,Toronto Raptors,4,6,31,Missed Shot,Step Back Jump shot,,Above the Break 3,Center(C),24+ ft.,26,25,262,1,0,20211023,TOR,DAL,22100029595,|1627832|1628384|1629018|1630173|1630567,0,REG,,,2022,1630173,8.0,C,Mobile Big,0.24,MISS Doncic 26' 3PT Step Back Jump Shot,,,,DAL,1610612742.0,
Shot Chart Detail,22100029,597,0,Opponent,1610612761,Toronto Raptors,4,6,23,Made Shot,Driving Finger Roll Layup Shot,,Restricted Area,Center(C),Less Than 8 ft.,0,6,-1,1,1,20211023,TOR,DAL,22100029597,|1627832|1628384|1629018|1630173|1630567,1,REG,,,2022,1629018|1628384|1630567,10.0,,,,,,,,DAL,1610612742.0,203939.0
Shot Chart Detail,22100029,600,0,Opponent,1610612761,Toronto Raptors,4,5,53,Made Shot,Driving Dunk Shot,,Restricted Area,Center(C),Less Than 8 ft.,0,1,-1,1,1,20211023,TOR,DAL,22100029600,|1627832|1628384|1629018|1630173|1630567,1,REG,,,2022,1627832,10.0,PG,Point of Attack,0.9,Hardaway Jr. Driving Dunk (22 PTS) (Doncic 10 AST),,,,DAL,1610612742.0,1629029.0
Shot Chart Detail,22100029,605,0,Opponent,1610612761,Toronto Raptors,4,5,18,Made Shot,Jump Shot,,Above the Break 3,Left Side Center(LC),24+ ft.,27,-162,216,1,1,20211023,TOR,DAL,22100029605,|1627832|1628384|1629018|1630173|1630567,1,REG,,,2022,1628384,13.0,SF,Wing Stopper,1.03,Hardaway Jr. 27' 3PT Jump Shot (25 PTS) (Finney-Smith 2 AST),,,,DAL,1610612742.0,1627827.0
Shot Chart Detail,22100029,610,0,Opponent,1610612761,Toronto Raptors,4,4,47,Made Shot,Jump Shot,,Right Corner 3,Right Side(R),24+ ft.,24,240,5,1,1,20211023,TOR,DAL,22100029610,|1627832|1628384|1629018|1630173|1630567,1,REG,,,2022,1630173,16.0,C,Mobile Big,0.24,Kleber 24' 3PT Jump Shot (5 PTS) (Doncic 11 AST),,,,DAL,1610612742.0,1629029.0
Shot Chart Detail,22100029,614,0,Opponent,1610612761,Toronto Raptors,4,4,11,Missed Shot,Jump Shot,,Above the Break 3,Left Side Center(LC),24+ ft.,31,-140,279,1,0,20211023,TOR,DAL,22100029614,|1627832|1628384|1629018|1630173|1630567,0,REG,,,2022,1629018,16.0,SG,Chaser,0.19,MISS Kleber 31' 3PT Jump Shot,,,,DAL,1610612742.0,
Shot Chart Detail,22100029,619,0,Opponent,1610612761,Toronto Raptors,4,3,30,Missed Shot,Step Back Jump shot,,Above the Break 3,Center(C),24+ ft.,28,23,284,1,0,20211023,TOR,DAL,22100029619,|1627832|1628384|1629018|1630173|1630567,0,REG,,,2022,1630567,14.0,PF,Helper,0.63,MISS Doncic 28' 3PT Step Back Jump Shot,,,,DAL,1610612742.0,
Shot Chart Detail,22100029,622,0,Opponent,1610612761,Toronto Raptors,4,2,45,Missed Shot,Driving Floating Jump Shot,,Mid-Range,Right Side Center(RC),16-24 ft.,17,82,151,1,0,20211023,TOR,DAL,22100029622,|1627832|1628384|1629018|1630173|1630567,0,REG,,,2022,1627832|1628384,12.0,,,,,,,,DAL,1610612742.0,
Shot Chart Detail,22100029,630,0,Opponent,1610612761,Toronto Raptors,4,2,14,Made Shot,Jump Shot,,Above the Break 3,Left Side Center(LC),24+ ft.,27,-162,227,1,1,20211023,TOR,DAL,22100029630,|1627832|1628384|1629018|1630173|1630567,1,REG,,,2022,1629018,13.0,SG,Chaser,0.19,Finney-Smith 28' 3PT Jump Shot (11 PTS) (Porzingis 1 AST),,,,DAL,1610612742.0,204001.0
Shot Chart Detail,22100029,639,0,Opponent,1610612761,Toronto Raptors,4,1,32,Made Shot,Driving Finger Roll Layup Shot,,In The Paint (Non-RA),Center(C),Less Than 8 ft.,4,27,34,1,1,20211023,TOR,DAL,22100029639,|1627832|1628384|1629018|1630173|1630567,0,REG,,,2022,1630173|1630567,13.0,,,,,,,,DAL,1610612742.0,
Shot Chart Detail,22100029,649,0,Opponent,1610612761,Toronto Raptors,4,1,6,Missed Shot,Jump Shot,,Above the Break 3,Right Side Center(RC),24+ ft.,27,173,212,1,0,20211023,TOR,DAL,22100029649,|1627832|1628384|1629018|1630173|1630567,0,REG,,,2022,1627832,12.0,PG,Point of Attack,0.9,MISS Porzingis 27' 3PT Jump Shot,,,,DAL,1610612742.0,
Shot Chart Detail,22100029,657,0,Opponent,1610612761,Toronto Raptors,4,0,38,Made Shot,Driving Finger Roll Layup Shot,,Restricted Area,Center(C),Less Than 8 ft.,0,1,8,1,1,20211023,TOR,DAL,22100029657,|1627832|1628384|1629018|1630173|1630567,1,REG,,,2022,1628384,11.0,SF,Wing Stopper,1.03,Porzingis 1' Driving Finger Roll Layup (16 PTS) (Doncic 12 AST),,,,DAL,1610612742.0,1629029.0
Shot Chart Detail,22100029,660,0,Opponent,1610612761,Toronto Raptors,4,0,21,Made Shot,Cutting Layup Shot,,Restricted Area,Center(C),Less Than 8 ft.,1,-7,11,1,1,20211023,TOR,DAL,22100029660,|1627832|1628384|1629018|1630173|1630567,1,REG,,,2022,1630567,10.0,PF,Helper,0.63,Porzingis 1' Cutting Layup Shot (18 PTS) (Brunson 4 AST),,,,DAL,1610612742.0,1628973.0
Shot Chart Detail,22100046,9,0,Opponent,1610612761,Toronto Raptors,1,11,37,Missed Shot,Step Back Jump shot,,Left Corner 3,Left Side(L),24+ ft.,24,-238,31,1,0,20211025,TOR,CHI,221000469,|1627832|1628384|1629018|1630173|1630567,0,REG,,,2022,1629018,0.0,SG,Chaser,0.19,MISS LaVine 24' 3PT Step Back Jump Shot,,,,CHI,1610612741.0,
Shot Chart Detail,22100046,13,0,Opponent,1610612761,Toronto Raptors,1,11,14,Missed Shot,Driving Hook Shot,,Restricted Area,Center(C),Less Than 8 ft.,3,4,34,1,0,20211025,TOR,CHI,2210004613,|1627832|1628384|1629018|1630173|1630567,0,REG,,,2022,1628384,0.0,SF,Wing Stopper,1.03,MISS Vucevic 3' Driving Hook Shot,,,,CHI,1610612741.0,
Shot Chart Detail,22100046,17,0,Opponent,1610612761,Toronto Raptors,1,10,36,Missed Shot,Pullup Jump shot,,In The Paint (Non-RA),Center(C),8-16 ft.,8,-5,83,1,0,20211025,TOR,CHI,2210004617,|1627832|1628384|1629018|1630173|1630567,0,REG,,,2022,1630567,-2.0,PF,Helper,0.63,MISS Williams 8' Pullup Jump Shot,,,,CHI,1610612741.0,
Shot Chart Detail,22100046,21,0,Opponent,1610612761,Toronto Raptors,1,9,58,Made Shot,Jump Shot,,Above the Break 3,Left Side Center(LC),24+ ft.,27,-109,252,1,1,20211025,TOR,CHI,2210004621,|1627832|1628384|1629018|1630173|1630567,1,REG,,,2022,1627832,-2.0,PG,Point of Attack,0.9,DeRozan 27' 3PT Jump Shot (3 PTS) (LaVine 1 AST),,,,CHI,1610612741.0,203897.0
Shot Chart Detail,22100046,27,0,Opponent,1610612761,Toronto Raptors,1,9,36,Made Shot,Pullup Jump shot,,Above the Break 3,Right Side Center(RC),24+ ft.,26,92,244,1,1,20211025,TOR,CHI,2210004627,|1627832|1628384|1629018|1630173|1630567,1,REG,,,2022,1630567,1.0,PF,Helper,0.63,Ball 26' 3PT Pullup Jump Shot (3 PTS) (LaVine 2 AST),,,,CHI,1610612741.0,203897.0
Shot Chart Detail,22100046,31,0,Opponent,1610612761,Toronto Raptors,1,9,3,Missed Shot,Pullup Jump shot,,Mid-Range,Left Side(L),16-24 ft.,16,-138,94,1,0,20211025,TOR,CHI,2210004631,|1627832|1628384|1629018|1630173|1630567,0,REG,,,2022,1630173,-1.0,C,Mobile Big,0.24,MISS Ball 17' Pullup Jump Shot,,,,CHI,1610612741.0,
Shot Chart Detail,22100046,35,0,Opponent,1610612761,Toronto Raptors,1,8,47,Missed Shot,Driving Floating Jump Shot,,In The Paint (Non-RA),Center(C),8-16 ft.,9,-27,94,1,0,20211025,TOR,CHI,2210004635,|1627832|1628384|1629018|1630173|1630567,0,REG,,,2022,1630173,-1.0,C,Mobile Big,0.24,MISS DeRozan 10' Driving Floating Jump Shot,,,,CHI,1610612741.0,
Shot Chart Detail,22100046,39,0,Opponent,1610612761,Toronto Raptors,1,8,18,Missed Shot,Jump Shot,,Above the Break 3,Left Side Center(LC),24+ ft.,26,-201,174,1,0,20211025,TOR,CHI,2210004639,|1627832|1628384|1629018|1630173|1630567,0,REG,,,2022,1627832,-1.0,PG,Point of Attack,0.9,MISS Ball 27' 3PT Jump Shot,,,,CHI,1610612741.0,
Shot Chart Detail,22100046,44,0,Opponent,1610612761,Toronto Raptors,1,7,51,Made Shot,Hook Shot,,In The Paint (Non-RA),Right Side(R),8-16 ft.,8,44,67,1,1,20211025,TOR,CHI,2210004644,|1627832|1628384|1629018|1630173|1630567,1,REG,,,2022,1630567,-1.0,PF,Helper,0.63,Vucevic 8' Hook Shot (2 PTS) (Ball 1 AST),,,,CHI,1610612741.0,1628366.0
Shot Chart Detail,22100046,48,0,Opponent,1610612761,Toronto Raptors,1,7,11,Missed Shot,Fadeaway Jump Shot,,In The Paint (Non-RA),Right Side(R),8-16 ft.,8,69,46,1,0,20211025,TOR,CHI,2210004648,|1627832|1628384|1629018|1630173|1630567,0,REG,,,2022,1630173,-3.0,C,Mobile Big,0.24,MISS DeRozan 8' Fadeaway Jumper,,,,CHI,1610612741.0,
Shot Chart Detail,22100046,52,0,Opponent,1610612761,Toronto Raptors,1,6,58,Made Shot,Pullup Jump shot,,In The Paint (Non-RA),Center(C),8-16 ft.,14,-69,126,1,1,20211025,TOR,CHI,2210004652,|1627832|1628384|1629018|1630173|1630567,0,REG,,,2022,1630173,-1.0,C,Mobile Big,0.24,DeRozan 14' Pullup Jump Shot (5 PTS),,,,CHI,1610612741.0,
Shot Chart Detail,22100046,60,0,Opponent,1610612761,Toronto Raptors,1,6,28,Missed Shot,Floating Jump shot,,In The Paint (Non-RA),Left Side(L),8-16 ft.,8,-51,62,1,0,20211025,TOR,CHI,2210004660,|1627832|1628384|1629018|1630173|1630567,0,REG,,,2022,1627832,0.0,PG,Point of Attack,0.9,MISS DeRozan 8' Floating Jump Shot,,,,CHI,1610612741.0,
Shot Chart Detail,22100046,63,0,Opponent,1610612761,Toronto Raptors,1,6,19,Missed Shot,Turnaround Hook Shot,,In The Paint (Non-RA),Center(C),Less Than 8 ft.,5,2,50,1,0,20211025,TOR,CHI,2210004663,|1627832|1628384|1629018|1630173|1630567,0,REG,,,2022,1630173,0.0,C,Mobile Big,0.24,MISS Vucevic 5' Turnaround Hook Shot,,,,CHI,1610612741.0,
Shot Chart Detail,22100046,67,0,Opponent,1610612761,Toronto Raptors,1,5,56,Missed Shot,Jump Shot,,Right Corner 3,Right Side(R),24+ ft.,23,238,0,1,0,20211025,TOR,CHI,2210004667,|1627832|1628384|1629018|1630173|1630567,0,REG,,,2022,1630567,0.0,PF,Helper,0.63,MISS DeRozan 24' 3PT Jump Shot,,,,CHI,1610612741.0,
Shot Chart Detail,22100046,71,0,Opponent,1610612761,Toronto Raptors,1,5,25,Missed Shot,Driving Finger Roll Layup Shot,,In The Paint (Non-RA),Center(C),Less Than 8 ft.,4,7,47,1,0,20211025,TOR,CHI,2210004671,|1627832|1628384|1629018|1630173|1630567,0,REG,,,2022,1627832|1629018|1630173,0.0,,,,,,,,CHI,1610612741.0,
Shot Chart Detail,22100046,83,0,Opponent,1610612761,Toronto Raptors,1,5,1,Missed Shot,Driving Finger Roll Layup Shot,,In The Paint (Non-RA),Center(C),Less Than 8 ft.,4,-10,43,1,0,20211025,TOR,CHI,2210004683,|1627832|1628384|1629018|1630567|203920,0,REG,,,2022,1627832|1628384,0.0,,,,,,,,CHI,1610612741.0,
Shot Chart Detail,22100046,85,0,Opponent,1610612761,Toronto Raptors,1,4,56,Made Shot,Putback Layup Shot,,Restricted Area,Center(C),Less Than 8 ft.,0,0,0,1,1,20211025,TOR,CHI,2210004685,|1627832|1628384|1629018|1630567|203920,0,REG,,,2022,1627832|203920,2.0,,,,,,,,CHI,1610612741.0,
Shot Chart Detail,22100046,89,0,Opponent,1610612761,Toronto Raptors,1,4,18,Missed Shot,Jump Shot,,Above the Break 3,Left Side Center(LC),24+ ft.,26,-170,200,1,0,20211025,TOR,CHI,2210004689,|1627832|1628384|1629018|1630567|203920,0,REG,,,2022,1628384,2.0,SF,Wing Stopper,1.03,MISS Brown Jr. 26' 3PT Jump Shot,,,,CHI,1610612741.0,
Shot Chart Detail,22100046,109,0,Opponent,1610612761,Toronto Raptors,1,3,12,Missed Shot,Jump Shot,,Right Corner 3,Right Side(R),24+ ft.,24,246,0,1,0,20211025,TOR,CHI,22100046109,|1628384|1629004|1629018|201609|203920,0,REG,,,2022,1629004,-3.0,SF,Chaser,-0.31,MISS LaVine 25' 3PT Jump Shot,,,,CHI,1610612741.0,
Shot Chart Detail,22100046,115,0,Opponent,1610612761,Toronto Raptors,1,2,52,Made Shot,Hook Shot,,In The Paint (Non-RA),Center(C),Less Than 8 ft.,6,-40,53,1,1,20211025,TOR,CHI,22100046115,|1628384|1629004|1629018|201609|203920,0,REG,,,2022,203920,-1.0,C,Mobile Big,0.63,Johnson 7' Hook Shot (2 PTS),,,,CHI,1610612741.0,
Shot Chart Detail,22100046,126,0,Opponent,1610612761,Toronto Raptors,1,2,24,Missed Shot,Driving Floating Jump Shot,,Mid-Range,Left Side(L),8-16 ft.,14,-148,13,1,0,20211025,TOR,CHI,22100046126,|1627832|1629004|1630567|201609|203920,0,REG,,,2022,203920,-3.0,C,Mobile Big,0.63,MISS Caruso 15' Driving Floating Jump Shot,,,,CHI,1610612741.0,
Shot Chart Detail,22100046,128,0,Opponent,1610612761,Toronto Raptors,1,2,19,Made Shot,Putback Layup Shot,,Restricted Area,Center(C),Less Than 8 ft.,0,0,0,1,1,20211025,TOR,CHI,22100046128,|1627832|1629004|1630567|201609|203920,0,REG,,,2022,1630567,-1.0,PF,Helper,0.63,Brown Jr. Putback Layup (2 PTS),,,,CHI,1610612741.0,
Shot Chart Detail,22100046,147,0,Opponent,1610612761,Toronto Raptors,1,0,32,Made Shot,Running Pull-Up Jump Shot,,Above the Break 3,Center(C),24+ ft.,26,-40,265,1,1,20211025,TOR,CHI,22100046147,|1627832|1629004|1630567|201609|203920,1,REG,,,2022,,,,,,,,,,CHI,1610612741.0,1627936.0
Shot Chart Detail,22100046,151,0,Opponent,1610612761,Toronto Raptors,1,0,0,Missed Shot,Jump Shot,,Right Corner 3,Right Side(R),24+ ft.,23,233,17,1,0,20211025,TOR,CHI,22100046151,|1627832|1629004|1630567|201609|203920,0,REG,,,2022,1627832,0.0,PG,Point of Attack,0.9,MISS Brown Jr. 3PT Jump Shot,,,,CHI,1610612741.0,
Shot Chart Detail,22100046,159,0,Opponent,1610612761,Toronto Raptors,2,11,44,Missed Shot,Jump Shot,,Above the Break 3,Center(C),24+ ft.,26,47,258,1,0,20211025,TOR,CHI,22100046159,|1627832|1629004|1630567|201609|203920,0,REG,,,2022,203920,0.0,C,Mobile Big,0.63,MISS Vucevic 26' 3PT Jump Shot,,,,CHI,1610612741.0,
Shot Chart Detail,22100046,162,0,Opponent,1610612761,Toronto Raptors,2,11,19,Made Shot,Jump Shot,,Mid-Range,Left Side(L),8-16 ft.,14,-140,46,1,1,20211025,TOR,CHI,22100046162,|1627832|1629004|1630567|201609|203920,1,REG,,,2022,203920,0.0,C,Mobile Big,0.63,Vucevic 15' Jump Shot (6 PTS) (DeRozan 1 AST),,,,CHI,1610612741.0,201942.0
Shot Chart Detail,22100046,166,0,Opponent,1610612761,Toronto Raptors,2,10,53,Made Shot,Running Pull-Up Jump Shot,,Above the Break 3,Left Side Center(LC),24+ ft.,27,-156,223,1,1,20211025,TOR,CHI,22100046166,|1627832|1629004|1630567|201609|203920,0,REG,,,2022,203920,3.0,C,Mobile Big,0.63,Ball 27' 3PT Running Pull-Up Jump Shot (6 PTS),,,,CHI,1610612741.0,
Shot Chart Detail,22100046,171,0,Opponent,1610612761,Toronto Raptors,2,10,12,Made Shot,Pullup Jump shot,,Above the Break 3,Left Side Center(LC),24+ ft.,26,-115,238,1,1,20211025,TOR,CHI,22100046171,|1627832|1629004|1630567|201609|203920,1,REG,,,2022,1630567,6.0,PF,Helper,0.63,Caruso 26' 3PT Pullup Jump Shot (3 PTS) (DeRozan 2 AST),,,,CHI,1610612741.0,201942.0
Shot Chart Detail,22100046,188,0,Opponent,1610612761,Toronto Raptors,2,9,17,Missed Shot,Pullup Jump shot,,Mid-Range,Center(C),8-16 ft.,15,50,147,1,0,20211025,TOR,CHI,22100046188,|1627832|1628384|1629004|1629018|203920,0,REG,,,2022,203920,3.0,C,Mobile Big,0.63,MISS DeRozan 16' Pullup Jump Shot,,,,CHI,1610612741.0,
Shot Chart Detail,22100046,195,0,Opponent,1610612761,Toronto Raptors,2,8,35,Made Shot,Driving Floating Jump Shot,,In The Paint (Non-RA),Center(C),Less Than 8 ft.,6,36,60,1,1,20211025,TOR,CHI,22100046195,|1627832|1628384|1629004|1629018|1630173,1,REG,,,2022,1628384,3.0,SF,Wing Stopper,1.03,Williams 7' Driving Floating Jump Shot (2 PTS) (Ball 2 AST),,,,CHI,1610612741.0,1628366.0
Shot Chart Detail,22100046,199,0,Opponent,1610612761,Toronto Raptors,2,8,13,Made Shot,Running Finger Roll Layup Shot,,Restricted Area,Center(C),Less Than 8 ft.,0,-5,-4,1,1,20211025,TOR,CHI,22100046199,|1627832|1628384|1629004|1629018|1630173,1,REG,,,2022,1628384,5.0,SF,Wing Stopper,1.03,Brown Jr. 1' Running Finger Roll Layup (4 PTS) (Williams 1 AST),,,,CHI,1610612741.0,1630172.0
Shot Chart Detail,22100046,203,0,Opponent,1610612761,Toronto Raptors,2,7,34,Made Shot,Jump Shot,,Mid-Range,Center(C),8-16 ft.,15,-5,153,1,1,20211025,TOR,CHI,22100046203,|1627832|1628384|1629004|1629018|1630173,1,REG,,,2022,1628384,5.0,SF,Wing Stopper,1.03,Vucevic 15' Jump Shot (8 PTS) (DeRozan 3 AST),,,,CHI,1610612741.0,201942.0
Shot Chart Detail,22100046,207,0,Opponent,1610612761,Toronto Raptors,2,7,5,Made Shot,Cutting Layup Shot,,Restricted Area,Center(C),Less Than 8 ft.,0,5,0,1,1,20211025,TOR,CHI,22100046207,|1627832|1628384|1629004|1629018|1630173,1,REG,,,2022,1629004,4.0,SF,Chaser,-0.31,Williams 1' Cutting Layup Shot (4 PTS) (Ball 3 AST),,,,CHI,1610612741.0,1628366.0
Shot Chart Detail,22100046,217,0,Opponent,1610612761,Toronto Raptors,2,6,40,Missed Shot,Driving Floating Jump Shot,,In The Paint (Non-RA),Center(C),Less Than 8 ft.,6,25,64,1,0,20211025,TOR,CHI,22100046217,|1627832|1628384|1628449|1629018|1630173,0,REG,,,2022,1628384,4.0,SF,Wing Stopper,1.03,MISS Brown Jr. 7' Driving Floating Jump Shot,,,,CHI,1610612741.0,
Shot Chart Detail,22100046,221,0,Opponent,1610612761,Toronto Raptors,2,6,3,Made Shot,Jump Shot,,Above the Break 3,Left Side Center(LC),24+ ft.,26,-168,199,1,1,20211025,TOR,CHI,22100046221,|1627832|1628384|1628449|1629018|1630173,1,REG,,,2022,1628449,4.0,SF,Helper,0.4,Ball 26' 3PT Jump Shot (9 PTS) (Brown Jr. 1 AST),,,,CHI,1610612741.0,1628972.0
Shot Chart Detail,22100046,225,0,Opponent,1610612761,Toronto Raptors,2,5,47,Missed Shot,Running Pull-Up Jump Shot,,Above the Break 3,Left Side Center(LC),24+ ft.,26,-146,217,1,0,20211025,TOR,CHI,22100046225,|1627832|1628384|1628449|1629018|1630173,0,REG,,,2022,1627832,4.0,PG,Point of Attack,0.9,MISS Ball 26' 3PT Running Pull-Up Jump Shot,,,,CHI,1610612741.0,
Shot Chart Detail,22100046,238,0,Opponent,1610612761,Toronto Raptors,2,4,45,Missed Shot,Step Back Bank Jump Shot,,Above the Break 3,Right Side Center(RC),24+ ft.,25,199,164,1,0,20211025,TOR,CHI,22100046238,|1628384|1628449|1629018|1630173|1630567,0,REG,,,2022,1630173,6.0,C,Mobile Big,0.24,MISS LaVine 26' 3PT Step Back Bank Jump Shot,,,,CHI,1610612741.0,
Shot Chart Detail,22100046,240,0,Opponent,1610612761,Toronto Raptors,2,4,40,Made Shot,Putback Layup Shot,,Restricted Area,Center(C),Less Than 8 ft.,0,-5,2,1,1,20211025,TOR,CHI,22100046240,|1628384|1628449|1629018|1630173|1630567,0,REG,,,2022,1629018|1628384,8.0,,,,,,,,CHI,1610612741.0,
Shot Chart Detail,22100046,250,0,Opponent,1610612761,Toronto Raptors,2,4,12,Made Shot,Jump Shot,,Mid-Range,Right Side(R),8-16 ft.,15,135,74,1,1,20211025,TOR,CHI,22100046250,|1628384|1628449|1629018|1630173|1630567,1,REG,,,2022,1630173,9.0,C,Mobile Big,0.24,Vucevic 15' Jump Shot (10 PTS) (LaVine 3 AST),,,,CHI,1610612741.0,203897.0
Shot Chart Detail,22100046,253,0,Opponent,1610612761,Toronto Raptors,2,3,30,Missed Shot,Fadeaway Jump Shot,,Mid-Range,Right Side(R),8-16 ft.,15,112,102,1,0,20211025,TOR,CHI,22100046253,|1628384|1628449|1629018|1630173|1630567,0,REG,,,2022,1630567,9.0,PF,Helper,0.63,MISS DeRozan 15' Fadeaway Jumper,,,,CHI,1610612741.0,
Shot Chart Detail,22100046,262,0,Opponent,1610612761,Toronto Raptors,2,3,15,Missed Shot,Turnaround Hook Shot,,In The Paint (Non-RA),Center(C),Less Than 8 ft.,6,-36,52,1,0,20211025,TOR,CHI,22100046262,|1627832|1628384|1629018|1630173|1630567,0,REG,,,2022,1630173,7.0,C,Mobile Big,0.24,MISS Vucevic 6' Turnaround Hook Shot,,,,CHI,1610612741.0,
Shot Chart Detail,22100046,266,0,Opponent,1610612761,Toronto Raptors,2,2,48,Missed Shot,Jump Shot,,Mid-Range,Right Side(R),8-16 ft.,14,148,8,1,0,20211025,TOR,CHI,22100046266,|1627832|1628384|1629018|1630173|1630567,0,REG,,,2022,1629018,4.0,SG,Chaser,0.19,MISS Vucevic 15' Jump Shot,,,,CHI,1610612741.0,
Shot Chart Detail,22100046,270,0,Opponent,1610612761,Toronto Raptors,2,2,28,Made Shot,Jump Shot,,Left Corner 3,Left Side(L),24+ ft.,23,-234,-6,1,1,20211025,TOR,CHI,22100046270,|1627832|1628384|1629018|1630173|1630567,1,REG,,,2022,,,,,,,,,,CHI,1610612741.0,201942.0
Shot Chart Detail,22100046,274,0,Opponent,1610612761,Toronto Raptors,2,1,48,Made Shot,Fadeaway Jump Shot,,Mid-Range,Left Side(L),8-16 ft.,14,-142,13,1,1,20211025,TOR,CHI,22100046274,|1627832|1628384|1629018|1630173|1630567,0,REG,,,2022,1630567,6.0,PF,Helper,0.63,Vucevic 14' Fadeaway Jumper (12 PTS),,,,CHI,1610612741.0,
Shot Chart Detail,22100046,291,0,Opponent,1610612761,Toronto Raptors,2,0,48,Made Shot,Reverse Layup Shot,,Restricted Area,Center(C),Less Than 8 ft.,0,-6,6,1,1,20211025,TOR,CHI,22100046291,|1627832|1628449|1629018|1630173|1630567,1,REG,,,2022,1630567,7.0,PF,Helper,0.63,Caruso 1' Reverse Layup (5 PTS) (DeRozan 5 AST),,,,CHI,1610612741.0,201942.0
Shot Chart Detail,22100046,298,0,Opponent,1610612761,Toronto Raptors,2,0,11,Made Shot,Fadeaway Jump Shot,,Mid-Range,Right Side(R),8-16 ft.,14,143,15,1,1,20211025,TOR,CHI,22100046298,|1627832|1628449|1629018|1630173|1630567,0,REG,,,2022,1627832,10.0,PG,Point of Attack,0.9,LaVine 14' Fadeaway Jumper (6 PTS),,,,CHI,1610612741.0,
Shot Chart Detail,22100046,311,0,Opponent,1610612761,Toronto Raptors,3,11,40,Made Shot,Driving Hook Shot,,Restricted Area,Center(C),Less Than 8 ft.,3,-5,37,1,1,20211025,TOR,CHI,22100046311,|1627832|1628384|1629018|1630173|1630567,0,REG,,,2022,1630173,12.0,C,Mobile Big,0.24,Vucevic 4' Driving Hook Shot (14 PTS),,,,CHI,1610612741.0,
Shot Chart Detail,22100046,314,0,Opponent,1610612761,Toronto Raptors,3,11,20,Missed Shot,Jump Shot,,Above the Break 3,Left Side Center(LC),24+ ft.,26,-105,242,1,0,20211025,TOR,CHI,22100046314,|1627832|1628384|1629018|1630173|1630567,0,REG,,,2022,1630567,12.0,PF,Helper,0.63,MISS Vucevic 26' 3PT Jump Shot,,,,CHI,1610612741.0,
Shot Chart Detail,22100046,325,0,Opponent,1610612761,Toronto Raptors,3,10,38,Made Shot,Jump Shot,,Left Corner 3,Left Side(L),24+ ft.,22,-228,3,1,1,20211025,TOR,CHI,22100046325,|1627832|1628384|1629018|1630173|1630567,1,REG,,,2022,1629018,15.0,SG,Chaser,0.19,Ball 3PT Jump Shot (15 PTS) (Williams 2 AST),,,,CHI,1610612741.0,1630172.0
Shot Chart Detail,22100046,329,0,Opponent,1610612761,Toronto Raptors,3,10,8,Made Shot,Pullup Jump shot,,Mid-Range,Left Side Center(LC),16-24 ft.,20,-70,193,1,1,20211025,TOR,CHI,22100046329,|1627832|1628384|1629018|1630173|1630567,1,REG,,,2022,1627832,15.0,PG,Point of Attack,0.9,LaVine 21' Pullup Jump Shot (8 PTS) (Vucevic 1 AST),,,,CHI,1610612741.0,202696.0
Shot Chart Detail,22100046,333,0,Opponent,1610612761,Toronto Raptors,3,9,47,Missed Shot,Running Layup Shot,,Restricted Area,Center(C),Less Than 8 ft.,1,-9,6,1,0,20211025,TOR,CHI,22100046333,|1627832|1628384|1629018|1630173|1630567,0,REG,,,2022,1630567,15.0,PF,Helper,0.63,MISS DeRozan 1' Running Layup,,,,CHI,1610612741.0,
Shot Chart Detail,22100046,336,0,Opponent,1610612761,Toronto Raptors,3,9,22,Made Shot,Driving Finger Roll Layup Shot,,Restricted Area,Center(C),Less Than 8 ft.,0,5,4,1,1,20211025,TOR,CHI,22100046336,|1627832|1628384|1629018|1630173|1630567,1,REG,,,2022,1628384,17.0,SF,Wing Stopper,1.03,DeRozan 1' Driving Finger Roll Layup (13 PTS) (LaVine 4 AST),,,,CHI,1610612741.0,203897.0
Shot Chart Detail,22100046,340,0,Opponent,1610612761,Toronto Raptors,3,9,6,Made Shot,Running Dunk Shot,,Restricted Area,Center(C),Less Than 8 ft.,1,16,-10,1,1,20211025,TOR,CHI,22100046340,|1627832|1628384|1629018|1630173|1630567,1,REG,,,2022,,,,,,,,,,CHI,1610612741.0,201942.0
Shot Chart Detail,22100046,352,0,Opponent,1610612761,Toronto Raptors,3,8,34,Missed Shot,Driving Layup Shot,,Restricted Area,Center(C),Less Than 8 ft.,0,-9,-1,1,0,20211025,TOR,CHI,22100046352,|1627832|1628384|1629018|1630173|1630567,0,REG,,,2022,1628384|1630567,18.0,,,,,,,,CHI,1610612741.0,
Shot Chart Detail,22100046,356,0,Opponent,1610612761,Toronto Raptors,3,8,8,Missed Shot,Finger Roll Layup Shot,,Restricted Area,Center(C),Less Than 8 ft.,1,-13,9,1,0,20211025,TOR,CHI,22100046356,|1627832|1628384|1629018|1630173|1630567,0,REG,,,2022,1630173,15.0,C,Mobile Big,0.24,MISS Vucevic 2' Finger Roll Layup,,,,CHI,1610612741.0,
Shot Chart Detail,22100046,359,0,Opponent,1610612761,Toronto Raptors,3,7,35,Missed Shot,Step Back Jump shot,,Above the Break 3,Left Side Center(LC),24+ ft.,25,-123,225,1,0,20211025,TOR,CHI,22100046359,|1627832|1628384|1629018|1630173|1630567,0,REG,,,2022,1630173,13.0,C,Mobile Big,0.24,MISS Ball 26' 3PT Step Back Jump Shot,,,,CHI,1610612741.0,
Shot Chart Detail,22100046,366,0,Opponent,1610612761,Toronto Raptors,3,7,10,Made Shot,Jump Shot,,Mid-Range,Left Side(L),8-16 ft.,13,-130,-7,1,1,20211025,TOR,CHI,22100046366,|1627832|1628384|1629018|1630173|1630567,1,REG,,,2022,1630173,15.0,C,Mobile Big,0.24,Vucevic 13' Jump Shot (16 PTS) (LaVine 5 AST),,,,CHI,1610612741.0,203897.0
Shot Chart Detail,22100046,372,0,Opponent,1610612761,Toronto Raptors,3,6,40,Missed Shot,Running Dunk Shot,,Restricted Area,Center(C),Less Than 8 ft.,0,-7,5,1,0,20211025,TOR,CHI,22100046372,|1627832|1628384|1629018|1630173|1630567,0,REG,,,2022,1630567,15.0,PF,Helper,0.63,MISS DeRozan 1' Running Dunk,,,,CHI,1610612741.0,
Shot Chart Detail,22100046,376,0,Opponent,1610612761,Toronto Raptors,3,6,7,Made Shot,Fadeaway Jump Shot,,In The Paint (Non-RA),Center(C),8-16 ft.,9,16,93,1,1,20211025,TOR,CHI,22100046376,|1627832|1628384|1629018|1630173|1630567,0,REG,,,2022,1627832|1630173,15.0,,,,,,,,CHI,1610612741.0,
Shot Chart Detail,22100046,387,0,Opponent,1610612761,Toronto Raptors,3,5,29,Made Shot,Pullup Jump shot,,Above the Break 3,Left Side Center(LC),24+ ft.,27,-93,262,1,1,20211025,TOR,CHI,22100046387,|1627832|1628384|1629018|1630567|203920,0,REG,,,2022,203920,15.0,C,Mobile Big,0.63,LaVine 28' 3PT Pullup Jump Shot (16 PTS),,,,CHI,1610612741.0,
Shot Chart Detail,22100046,393,0,Opponent,1610612761,Toronto Raptors,3,4,59,Made Shot,Jump Shot,,Right Corner 3,Right Side(R),24+ ft.,22,229,9,1,1,20211025,TOR,CHI,22100046393,|1627832|1628384|1629018|1630567|203920,1,REG,,,2022,1630567,17.0,PF,Helper,0.63,Brown Jr. 3PT Jump Shot (7 PTS) (Ball 4 AST),,,,CHI,1610612741.0,1628366.0
Shot Chart Detail,22100046,397,0,Opponent,1610612761,Toronto Raptors,3,4,27,Made Shot,Pullup Jump shot,,Above the Break 3,Right Side Center(RC),24+ ft.,25,162,193,1,1,20211025,TOR,CHI,22100046397,|1627832|1628384|1629018|1630567|203920,0,REG,,,2022,1627832,20.0,PG,Point of Attack,0.9,LaVine 25' 3PT Pullup Jump Shot (19 PTS),,,,CHI,1610612741.0,
Shot Chart Detail,22100046,400,0,Opponent,1610612761,Toronto Raptors,3,3,54,Missed Shot,Step Back Jump shot,,Mid-Range,Left Side(L),16-24 ft.,18,-184,11,1,0,20211025,TOR,CHI,22100046400,|1627832|1628384|1629018|1630567|203920,0,REG,,,2022,1628384,17.0,SF,Wing Stopper,1.03,MISS LaVine 18' Step Back Jump Shot,,,,CHI,1610612741.0,
Shot Chart Detail,22100046,415,0,Opponent,1610612761,Toronto Raptors,3,3,13,Made Shot,Driving Finger Roll Layup Shot,,Restricted Area,Center(C),Less Than 8 ft.,1,-9,5,1,1,20211025,TOR,CHI,22100046415,|1627832|1628384|1629004|1629018|203920,1,REG,,,2022,203920|1628384,17.0,,,,,,,,CHI,1610612741.0,1628993.0
Shot Chart Detail,22100046,420,0,Opponent,1610612761,Toronto Raptors,3,2,50,Missed Shot,Jump Shot,,Right Corner 3,Right Side(R),24+ ft.,22,225,3,1,0,20211025,TOR,CHI,22100046420,|1627832|1628384|1629004|1629018|203920,0,REG,,,2022,1628384,15.0,SF,Wing Stopper,1.03,MISS Brown Jr. 3PT Jump Shot,,,,CHI,1610612741.0,
Shot Chart Detail,22100046,428,0,Opponent,1610612761,Toronto Raptors,3,2,14,Missed Shot,Fadeaway Jump Shot,,Mid-Range,Center(C),8-16 ft.,15,4,151,1,0,20211025,TOR,CHI,22100046428,|1628384|1629004|1629018|1630625|203920,0,REG,,,2022,1628384,13.0,SF,Wing Stopper,1.03,MISS DeRozan 15' Fadeaway Jumper,,,,CHI,1610612741.0,
Shot Chart Detail,22100046,440,0,Opponent,1610612761,Toronto Raptors,3,1,16,Made Shot,Driving Layup Shot,,Restricted Area,Center(C),Less Than 8 ft.,3,32,6,1,1,20211025,TOR,CHI,22100046440,|1628384|1629004|1630625|201609|203920,1,REG,,,2022,1630625|1629004,13.0,,,,,,,,CHI,1610612741.0,1627936.0
Shot Chart Detail,22100046,468,0,Opponent,1610612761,Toronto Raptors,3,0,3,Missed Shot,Running Layup Shot,,Restricted Area,Center(C),Less Than 8 ft.,0,4,5,1,0,20211025,TOR,CHI,22100046468,|1627832|1628384|1629004|1630625|201609,0,REG,,,2022,,,,,,,,,,CHI,1610612741.0,
Shot Chart Detail,22100046,494,0,Opponent,1610612761,Toronto Raptors,4,10,57,Missed Shot,Pullup Jump shot,,Mid-Range,Right Side(R),8-16 ft.,14,113,96,1,0,20211025,TOR,CHI,22100046494,|1627832|1630567|1630625|201609|203920,0,REG,,,2022,203920,13.0,C,Mobile Big,0.63,MISS DeRozan 15' Pullup Jump Shot,,,,CHI,1610612741.0,
Shot Chart Detail,22100046,508,0,Opponent,1610612761,Toronto Raptors,4,9,15,Missed Shot,Jump Shot,,Above the Break 3,Center(C),24+ ft.,26,-31,262,1,0,20211025,TOR,CHI,22100046508,|1627832|1630567|1630625|201609|203920,0,REG,,,2022,1630567,11.0,PF,Helper,0.63,MISS DeRozan 26' 3PT Jump Shot,,,,CHI,1610612741.0,
Shot Chart Detail,22100046,525,0,Opponent,1610612761,Toronto Raptors,4,8,3,Missed Shot,Fadeaway Jump Shot,,Mid-Range,Right Side(R),8-16 ft.,13,134,-12,1,0,20211025,TOR,CHI,22100046525,|1627832|1628384|1630567|201609|203920,0,REG,,,2022,,,,,,,,,,CHI,1610612741.0,
Shot Chart Detail,22100046,527,0,Opponent,1610612761,Toronto Raptors,4,7,57,Made Shot,Layup Shot,,Restricted Area,Center(C),Less Than 8 ft.,0,-4,-1,1,1,20211025,TOR,CHI,22100046527,|1627832|1628384|1630567|201609|203920,1,REG,,,2022,203920,11.0,C,Mobile Big,0.63,Johnson Layup (6 PTS) (Ball 5 AST),,,,CHI,1610612741.0,1628366.0
Shot Chart Detail,22100046,530,0,Opponent,1610612761,Toronto Raptors,4,7,24,Missed Shot,Jump Shot,,Above the Break 3,Right Side Center(RC),24+ ft.,25,150,209,1,0,20211025,TOR,CHI,22100046530,|1627832|1628384|1630567|201609|203920,0,REG,,,2022,1627832,11.0,PG,Point of Attack,0.9,MISS Ball 26' 3PT Jump Shot,,,,CHI,1610612741.0,
Shot Chart Detail,22100046,533,0,Opponent,1610612761,Toronto Raptors,4,7,4,Missed Shot,Jump Shot,,Left Corner 3,Left Side(L),24+ ft.,22,-225,21,1,0,20211025,TOR,CHI,22100046533,|1627832|1628384|1630567|201609|203920,0,REG,,,2022,1628384,9.0,SF,Wing Stopper,1.03,MISS LaVine 3PT Jump Shot,,,,CHI,1610612741.0,
Shot Chart Detail,22100046,550,0,Opponent,1610612761,Toronto Raptors,4,6,6,Missed Shot,Pullup Jump shot,,Mid-Range,Center(C),16-24 ft.,21,26,213,1,0,20211025,TOR,CHI,22100046550,|1627832|1628384|1629018|1630173|1630567,0,REG,,,2022,1629018,9.0,SG,Chaser,0.19,MISS LaVine 21' Pullup Jump Shot,,,,CHI,1610612741.0,
Shot Chart Detail,22100046,553,0,Opponent,1610612761,Toronto Raptors,4,5,17,Missed Shot,Fadeaway Jump Shot,,Mid-Range,Right Side Center(RC),16-24 ft.,18,83,167,1,0,20211025,TOR,CHI,22100046553,|1627832|1628384|1629018|1630173|1630567,0,REG,,,2022,1630567,7.0,PF,Helper,0.63,MISS Ball 19' Fadeaway Jumper,,,,CHI,1610612741.0,
Shot Chart Detail,22100046,571,0,Opponent,1610612761,Toronto Raptors,4,4,24,Made Shot,Pullup Jump shot,,Mid-Range,Center(C),16-24 ft.,16,27,162,1,1,20211025,TOR,CHI,22100046571,|1627832|1628384|1629018|1630173|1630567,0,REG,,,2022,1630567,4.0,PF,Helper,0.63,DeRozan 16' Pullup Jump Shot (20 PTS),,,,CHI,1610612741.0,
Shot Chart Detail,22100046,580,0,Opponent,1610612761,Toronto Raptors,4,3,27,Made Shot,Turnaround Fadeaway shot,,Mid-Range,Left Side(L),8-16 ft.,12,-121,19,1,1,20211025,TOR,CHI,22100046580,|1627832|1628384|1629018|1630173|1630567,0,REG,,,2022,1628384,8.0,SF,Wing Stopper,1.03,DeRozan 12' Turnaround Fadeaway (22 PTS),,,,CHI,1610612741.0,
Shot Chart Detail,22100046,588,0,Opponent,1610612761,Toronto Raptors,4,2,45,Made Shot,Jump Shot,,Above the Break 3,Left Side Center(LC),24+ ft.,27,-119,250,1,1,20211025,TOR,CHI,22100046588,|1627832|1628384|1629018|1630173|1630567,1,REG,,,2022,1628384,10.0,SF,Wing Stopper,1.03,LaVine 28' 3PT Jump Shot (22 PTS) (Vucevic 2 AST),,,,CHI,1610612741.0,202696.0
Shot Chart Detail,22100046,602,0,Opponent,1610612761,Toronto Raptors,4,1,28,Made Shot,Turnaround Jump Shot,,Mid-Range,Center(C),8-16 ft.,14,2,140,1,1,20211025,TOR,CHI,22100046602,|1627832|1628384|1629018|1630173|1630567,0,REG,,,2022,1629018,6.0,SG,Chaser,0.19,DeRozan 14' Turnaround Jump Shot (24 PTS),,,,CHI,1610612741.0,
Shot Chart Detail,22100046,633,0,Opponent,1610612761,Toronto Raptors,4,1,59,Missed Shot,Driving Layup Shot,,In The Paint (Non-RA),Center(C),Less Than 8 ft.,7,20,70,1,0,20211025,TOR,CHI,22100046633,|1627832|1628384|1629018|1630173|1630567,0,REG,,,2022,1630173,6.0,C,Mobile Big,0.24,Barnes BLOCK (1 BLK),,,,CHI,1610612741.0,
Shot Chart Detail,22100058,11,0,Opponent,1610612761,Toronto Raptors,1,11,17,Missed Shot,Jump Shot,,Above the Break 3,Right Side Center(RC),24+ ft.,26,115,234,1,0,20211027,TOR,IND,2210005811,|1627832|1628384|1629018|1630173|1630567,0,REG,,,2022,1630173,0.0,C,Mobile Big,0.24,MISS Holiday 26' 3PT Jump Shot,,,,IND,1610612754.0,
Shot Chart Detail,22100058,15,0,Opponent,1610612761,Toronto Raptors,1,10,50,Made Shot,Hook Shot,,Restricted Area,Center(C),Less Than 8 ft.,3,-26,22,1,1,20211027,TOR,IND,2210005815,|1627832|1628384|1629018|1630173|1630567,1,REG,,,2022,1630173,2.0,C,Mobile Big,0.24,Sabonis 3' Hook Shot (2 PTS) (Brogdon 1 AST),,,,IND,1610612754.0,1627763.0
Shot Chart Detail,22100058,19,0,Opponent,1610612761,Toronto Raptors,1,10,24,Missed Shot,Driving Layup Shot,,In The Paint (Non-RA),Center(C),Less Than 8 ft.,6,40,48,1,0,20211027,TOR,IND,2210005819,|1627832|1628384|1629018|1630173|1630567,0,REG,,,2022,1630173,-1.0,C,Mobile Big,0.24,Achiuwa BLOCK (1 BLK),,,,IND,1610612754.0,
Shot Chart Detail,22100058,30,0,Opponent,1610612761,Toronto Raptors,1,9,22,Missed Shot,Step Back Jump shot,,Above the Break 3,Left Side Center(LC),24+ ft.,26,-125,237,1,0,20211027,TOR,IND,2210005830,|1627832|1628384|1629018|1630173|1630567,0,REG,,,2022,1629018,-3.0,SG,Chaser,0.19,MISS Brogdon 27' 3PT Step Back Jump Shot,,,,IND,1610612754.0,
Shot Chart Detail,22100058,33,0,Opponent,1610612761,Toronto Raptors,1,9,8,Missed Shot,Jump Shot,,Left Corner 3,Left Side(L),24+ ft.,22,-228,17,1,0,20211027,TOR,IND,2210005833,|1627832|1628384|1629018|1630173|1630567,0,REG,,,2022,1627832,-3.0,PG,Point of Attack,0.9,MISS Duarte 3PT Jump Shot,,,,IND,1610612754.0,
Shot Chart Detail,22100058,43,0,Opponent,1610612761,Toronto Raptors,1,8,7,Missed Shot,Driving Floating Jump Shot,,Mid-Range,Right Side Center(RC),16-24 ft.,19,121,159,1,0,20211027,TOR,IND,2210005843,|1627832|1628384|1629018|1630173|1630567,0,REG,,,2022,1627832,-5.0,PG,Point of Attack,0.9,MISS Brogdon 20' Driving Floating Jump Shot,,,,IND,1610612754.0,
Shot Chart Detail,22100058,45,0,Opponent,1610612761,Toronto Raptors,1,8,1,Made Shot,Layup Shot,,Restricted Area,Center(C),Less Than 8 ft.,1,0,16,1,1,20211027,TOR,IND,2210005845,|1627832|1628384|1629018|1630173|1630567,0,REG,,,2022,1630173|1630567,-3.0,,,,,,,,IND,1610612754.0,
Shot Chart Detail,22100058,48,0,Opponent,1610612761,Toronto Raptors,1,7,37,Missed Shot,Pullup Jump shot,,Mid-Range,Center(C),16-24 ft.,17,16,171,1,0,20211027,TOR,IND,2210005848,|1627832|1628384|1629018|1630173|1630567,0,REG,,,2022,1630173,-3.0,C,Mobile Big,0.24,MISS Holiday 17' Pullup Jump Shot,,,,IND,1610612754.0,
Shot Chart Detail,22100058,52,0,Opponent,1610612761,Toronto Raptors,1,7,0,Made Shot,Jump Shot,,Mid-Range,Left Side(L),16-24 ft.,20,-208,18,1,1,20211027,TOR,IND,2210005852,|1627832|1628384|1629018|1630173|1630567,1,REG,,,2022,1629018,1.0,SG,Chaser,0.19,Turner 21' Jump Shot (2 PTS) (Brogdon 2 AST),,,,IND,1610612754.0,1627763.0
Shot Chart Detail,22100058,58,0,Opponent,1610612761,Toronto Raptors,1,7,35,Made Shot,Tip Layup Shot,,In The Paint (Non-RA),Center(C),Less Than 8 ft.,4,1,47,1,1,20211027,TOR,IND,2210005858,|1627832|1628384|1629018|1630173|1630567,0,REG,,,2022,1629018|1628384,-1.0,,,,,,,,IND,1610612754.0,
Shot Chart Detail,22100058,65,0,Opponent,1610612761,Toronto Raptors,1,6,24,Missed Shot,Jump Shot,,Left Corner 3,Left Side(L),24+ ft.,22,-225,29,1,0,20211027,TOR,IND,2210005865,|1627832|1628384|1629018|1630173|1630567,0,REG,,,2022,1630173,0.0,C,Mobile Big,0.24,MISS Brissett 3PT Jump Shot,,,,IND,1610612754.0,
Shot Chart Detail,22100058,71,0,Opponent,1610612761,Toronto Raptors,1,6,0,Missed Shot,Driving Layup Shot,,Restricted Area,Center(C),Less Than 8 ft.,2,23,15,1,0,20211027,TOR,IND,2210005871,|1627832|1628384|1629018|1630173|1630567,0,REG,,,2022,1630567,-3.0,PF,Helper,0.63,Barnes BLOCK (1 BLK),,,,IND,1610612754.0,
Shot Chart Detail,22100058,75,0,Opponent,1610612761,Toronto Raptors,1,5,53,Made Shot,Turnaround Jump Shot,,In The Paint (Non-RA),Center(C),8-16 ft.,9,18,92,1,1,20211027,TOR,IND,2210005875,|1627832|1628384|1629018|1630173|1630567,0,REG,,,2022,1630567,-1.0,PF,Helper,0.63,Turner 9' Turnaround Jump Shot (4 PTS),,,,IND,1610612754.0,
Shot Chart Detail,22100058,84,0,Opponent,1610612761,Toronto Raptors,1,5,6,Made Shot,Cutting Finger Roll Layup Shot,,Restricted Area,Center(C),Less Than 8 ft.,1,-11,11,1,1,20211027,TOR,IND,2210005884,|1627832|1628384|1629018|1630173|1630567,1,REG,,,2022,1630567,-1.0,PF,Helper,0.63,Brissett 2' Cutting Finger Roll Layup Shot (2 PTS) (Brogdon 3 AST),,,,IND,1610612754.0,1627763.0
Shot Chart Detail,22100058,87,0,Opponent,1610612761,Toronto Raptors,1,4,42,Missed Shot,Jump Shot,,Right Corner 3,Right Side(R),24+ ft.,24,239,36,1,0,20211027,TOR,IND,2210005887,|1627832|1628384|1629018|1630173|1630567,0,REG,,,2022,1629018,-3.0,SG,Chaser,0.19,MISS Holiday 24' 3PT Jump Shot,,,,IND,1610612754.0,
Shot Chart Detail,22100058,91,0,Opponent,1610612761,Toronto Raptors,1,4,32,Missed Shot,Jump Shot,,Right Corner 3,Right Side(R),24+ ft.,23,235,9,1,0,20211027,TOR,IND,2210005891,|1627832|1628384|1629018|1630173|1630567,0,REG,,,2022,1630567,-3.0,PF,Helper,0.63,MISS Holiday 24' 3PT Jump Shot,,,,IND,1610612754.0,
Shot Chart Detail,22100058,117,0,Opponent,1610612761,Toronto Raptors,1,3,54,Made Shot,Turnaround Fadeaway Bank Jump Shot,,Mid-Range,Left Side(L),8-16 ft.,10,-104,25,1,1,20211027,TOR,IND,22100058117,|1628384|1628449|1629018|1630625|203920,0,REG,,,2022,203920,0.0,C,Mobile Big,0.63,McConnell 11' Turnaround Fadeaway Bank Jump Shot (2 PTS),,,,IND,1610612754.0,
Shot Chart Detail,22100058,126,0,Opponent,1610612761,Toronto Raptors,1,3,14,Missed Shot,Driving Floating Bank Jump Shot,,In The Paint (Non-RA),Center(C),Less Than 8 ft.,7,58,43,1,0,20211027,TOR,IND,22100058126,|1628384|1628449|1629018|1630625|203920,0,REG,,,2022,1630625,-3.0,PG,Chaser,0.27,MISS Lamb 7' Driving Floating Bank Jump Shot,,,,IND,1610612754.0,
Shot Chart Detail,22100058,132,0,Opponent,1610612761,Toronto Raptors,1,2,49,Made Shot,Driving Floating Jump Shot,,Mid-Range,Right Side(R),8-16 ft.,15,83,136,1,1,20211027,TOR,IND,22100058132,|1628384|1628449|1629018|1630625|203920,0,REG,,,2022,203920,-3.0,C,Mobile Big,0.63,Lamb 16' Driving Floating Jump Shot (2 PTS),,,,IND,1610612754.0,
Shot Chart Detail,22100058,146,0,Opponent,1610612761,Toronto Raptors,1,2,5,Missed Shot,Pullup Jump shot,,Right Corner 3,Right Side(R),24+ ft.,23,234,9,1,0,20211027,TOR,IND,22100058146,|1627832|1628384|1628449|1630625|203920,0,REG,,,2022,1627832,-4.0,PG,Point of Attack,0.9,MISS Duarte 3PT Pullup Jump Shot,,,,IND,1610612754.0,
Shot Chart Detail,22100058,154,0,Opponent,1610612761,Toronto Raptors,1,1,47,Missed Shot,Jump Shot,,Right Corner 3,Right Side(R),24+ ft.,23,228,47,1,0,20211027,TOR,IND,22100058154,|1627832|1628384|1628449|1630625|203920,0,REG,,,2022,203920,-7.0,C,Mobile Big,0.63,MISS Brissett 3PT Jump Shot,,,,IND,1610612754.0,
Shot Chart Detail,22100058,159,0,Opponent,1610612761,Toronto Raptors,1,1,29,Missed Shot,Pullup Jump shot,,Mid-Range,Right Side(R),8-16 ft.,9,98,6,1,0,20211027,TOR,IND,22100058159,|1627832|1628384|1628449|1630625|203920,0,REG,,,2022,1630625,-7.0,PG,Chaser,0.27,Banton BLOCK (1 BLK),,,,IND,1610612754.0,
Shot Chart Detail,22100058,163,0,Opponent,1610612761,Toronto Raptors,1,1,24,Made Shot,Pullup Jump shot,,Mid-Range,Center(C),16-24 ft.,17,26,171,1,1,20211027,TOR,IND,22100058163,|1627832|1628384|1628449|1630625|203920,0,REG,,,2022,1628384,-5.0,SF,Wing Stopper,1.03,Lamb 17' Pullup Jump Shot (4 PTS),,,,IND,1610612754.0,
Shot Chart Detail,22100058,167,0,Opponent,1610612761,Toronto Raptors,1,0,51,Made Shot,Pullup Jump shot,,In The Paint (Non-RA),Center(C),8-16 ft.,10,40,101,1,1,20211027,TOR,IND,22100058167,|1627832|1628384|1628449|1630625|203920,0,REG,,,2022,203920,-5.0,C,Mobile Big,0.63,McConnell 11' Pullup Jump Shot (4 PTS),,,,IND,1610612754.0,
Shot Chart Detail,22100058,182,0,Opponent,1610612761,Toronto Raptors,1,0,1,Made Shot,Pullup Jump shot,,Mid-Range,Center(C),8-16 ft.,15,66,143,1,1,20211027,TOR,IND,22100058182,|1627832|1628384|1628449|1630567|203920,1,REG,,,2022,1627832|1630567,-5.0,,,,,,,,IND,1610612754.0,1627763.0
Shot Chart Detail,22100058,190,0,Opponent,1610612761,Toronto Raptors,2,11,48,Made Shot,Jump Shot,,Above the Break 3,Center(C),24+ ft.,25,71,245,1,1,20211027,TOR,IND,22100058190,|1628449|1629004|1630567|1630625|203920,1,REG,,,2022,1628449,-2.0,SF,Helper,0.4,Holiday 26' 3PT Jump Shot (3 PTS) (Brogdon 5 AST),,,,IND,1610612754.0,1627763.0
Shot Chart Detail,22100058,194,0,Opponent,1610612761,Toronto Raptors,2,11,10,Made Shot,Cutting Layup Shot,,Restricted Area,Center(C),Less Than 8 ft.,0,2,8,1,1,20211027,TOR,IND,22100058194,|1628449|1629004|1630567|1630625|203920,1,REG,,,2022,203920,-2.0,C,Mobile Big,0.63,Brogdon 1' Cutting Layup Shot (3 PTS) (Sabonis 1 AST),,,,IND,1610612754.0,1627734.0
Shot Chart Detail,22100058,204,0,Opponent,1610612761,Toronto Raptors,2,10,23,Made Shot,Fadeaway Jump Shot,,In The Paint (Non-RA),Left Side(L),8-16 ft.,9,-51,79,1,1,20211027,TOR,IND,22100058204,|1628449|1629004|1630567|1630625|203920,0,REG,,,2022,1630567,0.0,PF,Helper,0.63,Brogdon 9' Fadeaway Jumper (5 PTS),,,,IND,1610612754.0,
Shot Chart Detail,22100058,207,0,Opponent,1610612761,Toronto Raptors,2,9,54,Missed Shot,Running Layup Shot,,Restricted Area,Center(C),Less Than 8 ft.,2,18,14,1,0,20211027,TOR,IND,22100058207,|1628449|1629004|1630567|1630625|203920,0,REG,,,2022,,,,,,,,,,IND,1610612754.0,
Shot Chart Detail,22100058,240,0,Opponent,1610612761,Toronto Raptors,2,8,34,Missed Shot,Pullup Jump shot,,Mid-Range,Left Side Center(LC),16-24 ft.,19,-113,153,1,0,20211027,TOR,IND,22100058240,|1629004|1629018|1630567|1630625|203920,0,REG,,,2022,203920,-1.0,C,Mobile Big,0.63,MISS Wanamaker 19' Pullup Jump Shot,,,,IND,1610612754.0,
Shot Chart Detail,22100058,242,0,Opponent,1610612761,Toronto Raptors,2,8,30,Made Shot,Jump Shot,,Above the Break 3,Left Side Center(LC),24+ ft.,26,-170,205,1,1,20211027,TOR,IND,22100058242,|1629004|1629018|1630567|1630625|203920,1,REG,,,2022,,,,,,,,,,IND,1610612754.0,202954.0
Shot Chart Detail,22100058,246,0,Opponent,1610612761,Toronto Raptors,2,7,56,Made Shot,Driving Reverse Layup Shot,,Restricted Area,Center(C),Less Than 8 ft.,1,-18,4,1,1,20211027,TOR,IND,22100058246,|1629004|1629018|1630567|1630625|203920,0,REG,,,2022,1630625,1.0,PG,Chaser,0.27,Brogdon 2' Driving Reverse Layup (12 PTS),,,,IND,1610612754.0,
Shot Chart Detail,22100058,254,0,Opponent,1610612761,Toronto Raptors,2,7,31,Made Shot,Driving Layup Shot,,Restricted Area,Center(C),Less Than 8 ft.,1,-6,13,1,1,20211027,TOR,IND,22100058254,|1627832|1629004|1629018|1630173|1630567,1,REG,,,2022,1630567,3.0,PF,Helper,0.63,Brogdon 1' Driving Layup (14 PTS) (Wanamaker 2 AST),,,,IND,1610612754.0,202954.0
Shot Chart Detail,22100058,258,0,Opponent,1610612761,Toronto Raptors,2,7,5,Missed Shot,Jump Shot,,Above the Break 3,Center(C),24+ ft.,26,29,268,1,0,20211027,TOR,IND,22100058258,|1627832|1629004|1629018|1630173|1630567,0,REG,,,2022,1630173,1.0,C,Mobile Big,0.24,MISS Turner 27' 3PT Jump Shot,,,,IND,1610612754.0,
Shot Chart Detail,22100058,265,0,Opponent,1610612761,Toronto Raptors,2,6,35,Made Shot,Driving Floating Jump Shot,,Restricted Area,Center(C),Less Than 8 ft.,2,1,24,1,1,20211027,TOR,IND,22100058265,|1627832|1629004|1629018|1630173|1630567,1,REG,,,2022,1630173|1630567,1.0,,,,,,,,IND,1610612754.0,203200.0
Shot Chart Detail,22100058,270,0,Opponent,1610612761,Toronto Raptors,2,5,50,Missed Shot,Driving Layup Shot,,Restricted Area,Center(C),Less Than 8 ft.,1,-10,13,1,0,20211027,TOR,IND,22100058270,|1627832|1629004|1629018|1630173|1630567,0,REG,,,2022,1627832|1630173,1.0,,,,,,,,IND,1610612754.0,
Shot Chart Detail,22100058,294,0,Opponent,1610612761,Toronto Raptors,2,4,43,Missed Shot,Jump Shot,,Above the Break 3,Right Side Center(RC),24+ ft.,26,100,250,1,0,20211027,TOR,IND,22100058294,|1627832|1628384|1629004|1629018|1630173,0,REG,,,2022,1630173,-2.0,C,Mobile Big,0.24,MISS Turner 27' 3PT Jump Shot,,,,IND,1610612754.0,
Shot Chart Detail,22100058,309,0,Opponent,1610612761,Toronto Raptors,2,3,40,Missed Shot,Driving Layup Shot,,Restricted Area,Center(C),Less Than 8 ft.,2,-13,24,1,0,20211027,TOR,IND,22100058309,|1627832|1628384|1629018|1630173|1630567,0,REG,,,2022,1627832|1629018,-2.0,,,,,,,,IND,1610612754.0,
Shot Chart Detail,22100058,313,0,Opponent,1610612761,Toronto Raptors,2,3,29,Missed Shot,Running Pull-Up Jump Shot,,Above the Break 3,Right Side Center(RC),24+ ft.,25,168,190,1,0,20211027,TOR,IND,22100058313,|1627832|1628384|1629018|1630173|1630567,0,REG,,,2022,1629018,-2.0,SG,Chaser,0.19,MISS Duarte 25' 3PT Running Pull-Up Jump Shot,,,,IND,1610612754.0,
Shot Chart Detail,22100058,322,0,Opponent,1610612761,Toronto Raptors,2,2,54,Missed Shot,Cutting Layup Shot,,Restricted Area,Center(C),Less Than 8 ft.,2,-16,14,1,0,20211027,TOR,IND,22100058322,|1627832|1628384|1629018|1630173|1630567,0,REG,,,2022,1630567,-4.0,PF,Helper,0.63,Barnes BLOCK (2 BLK),,,,IND,1610612754.0,
Shot Chart Detail,22100058,332,0,Opponent,1610612761,Toronto Raptors,2,2,27,Made Shot,Cutting Layup Shot,,Restricted Area,Center(C),Less Than 8 ft.,0,-4,9,1,1,20211027,TOR,IND,22100058332,|1627832|1628384|1629018|1630173|1630567,1,REG,,,2022,1630567,-4.0,PF,Helper,0.63,Brissett 1' Cutting Layup Shot (6 PTS) (Duarte 1 AST),,,,IND,1610612754.0,1630537.0
Shot Chart Detail,22100058,353,0,Opponent,1610612761,Toronto Raptors,2,1,4,Made Shot,Driving Finger Roll Layup Shot,,Restricted Area,Center(C),Less Than 8 ft.,1,-7,9,1,1,20211027,TOR,IND,22100058353,|1627832|1628384|1629018|1630173|1630567,0,REG,,,2022,1627832,-6.0,PG,Point of Attack,0.9,Brogdon 1' Driving Finger Roll Layup (16 PTS),,,,IND,1610612754.0,
Shot Chart Detail,22100058,356,0,Opponent,1610612761,Toronto Raptors,2,0,30,Missed Shot,Jump Shot,,Above the Break 3,Right Side Center(RC),24+ ft.,26,163,203,1,0,20211027,TOR,IND,22100058356,|1627832|1628384|1629018|1630173|1630567,0,REG,,,2022,1628384,-8.0,SF,Wing Stopper,1.03,Anunoby BLOCK (1 BLK),,,,IND,1610612754.0,
Shot Chart Detail,22100058,360,0,Opponent,1610612761,Toronto Raptors,2,0,27,Made Shot,Driving Reverse Layup Shot,,Restricted Area,Center(C),Less Than 8 ft.,1,-9,15,1,1,20211027,TOR,IND,22100058360,|1627832|1628384|1629018|1630173|1630567,1,REG,,,2022,1629018,-6.0,SG,Chaser,0.19,Duarte 2' Driving Reverse Layup (4 PTS) (Lamb 1 AST),,,,IND,1610612754.0,203087.0
Shot Chart Detail,22100058,381,0,Opponent,1610612761,Toronto Raptors,3,10,45,Missed Shot,Pullup Jump shot,,Mid-Range,Left Side Center(LC),16-24 ft.,19,-127,153,1,0,20211027,TOR,IND,22100058381,|1627832|1628384|1629018|1630173|1630567,0,REG,,,2022,1630173,-9.0,C,Mobile Big,0.24,MISS Holiday 20' Pullup Jump Shot,,,,IND,1610612754.0,
Shot Chart Detail,22100058,392,0,Opponent,1610612761,Toronto Raptors,3,9,51,Made Shot,Driving Finger Roll Layup Shot,,Restricted Area,Center(C),Less Than 8 ft.,0,6,2,1,1,20211027,TOR,IND,22100058392,|1627832|1628384|1629018|1630173|1630567,0,REG,,,2022,1628384,-9.0,SF,Wing Stopper,1.03,Brogdon 1' Driving Finger Roll Layup (18 PTS),,,,IND,1610612754.0,
Shot Chart Detail,22100058,397,0,Opponent,1610612761,Toronto Raptors,3,9,9,Missed Shot,Driving Finger Roll Layup Shot,,Restricted Area,Center(C),Less Than 8 ft.,3,-1,33,1,0,20211027,TOR,IND,22100058397,|1627832|1628384|1629018|1630173|1630567,0,REG,,,2022,1630173,-9.0,C,Mobile Big,0.24,MISS Sabonis 3' Driving Finger Roll Layup,,,,IND,1610612754.0,
Shot Chart Detail,22100058,407,0,Opponent,1610612761,Toronto Raptors,3,7,59,Made Shot,Driving Floating Bank Jump Shot,,Mid-Range,Left Side(L),8-16 ft.,12,-94,78,1,1,20211027,TOR,IND,22100058407,|1627832|1628384|1629018|1630173|1630567,0,REG,,,2022,1629018,-9.0,SG,Chaser,0.19,Duarte 12' Driving Floating Bank Jump Shot (6 PTS),,,,IND,1610612754.0,
Shot Chart Detail,22100058,410,0,Opponent,1610612761,Toronto Raptors,3,7,27,Missed Shot,Cutting Layup Shot,,Restricted Area,Center(C),Less Than 8 ft.,2,-10,22,1,0,20211027,TOR,IND,22100058410,|1627832|1628384|1629018|1630173|1630567,0,REG,,,2022,1629018,-9.0,SG,Chaser,0.19,MISS Duarte 2' Cutting Layup Shot,,,,IND,1610612754.0,
Shot Chart Detail,22100058,412,0,Opponent,1610612761,Toronto Raptors,3,7,17,Made Shot,Jump Shot,,Above the Break 3,Right Side Center(RC),24+ ft.,25,89,243,1,1,20211027,TOR,IND,22100058412,|1627832|1628384|1629018|1630173|1630567,1,REG,,,2022,1630173,-6.0,C,Mobile Big,0.24,Turner 26' 3PT Jump Shot (10 PTS) (McConnell 1 AST),,,,IND,1610612754.0,204456.0
Shot Chart Detail,22100058,415,0,Opponent,1610612761,Toronto Raptors,3,6,41,Missed Shot,Jump Shot,,Mid-Range,Right Side(R),8-16 ft.,15,136,80,1,0,20211027,TOR,IND,22100058415,|1627832|1628384|1629018|1630173|1630567,0,REG,,,2022,1630173,-8.0,C,Mobile Big,0.24,MISS Duarte 16' Jump Shot,,,,IND,1610612754.0,
Shot Chart Detail,22100058,418,0,Opponent,1610612761,Toronto Raptors,3,6,14,Made Shot,Jump Shot,,Above the Break 3,Right Side Center(RC),24+ ft.,26,145,217,1,1,20211027,TOR,IND,22100058418,|1627832|1628384|1629018|1630173|1630567,1,REG,,,2022,1629018,-8.0,SG,Chaser,0.19,Duarte 26' 3PT Jump Shot (9 PTS) (Sabonis 2 AST),,,,IND,1610612754.0,1627734.0
Shot Chart Detail,22100058,422,0,Opponent,1610612761,Toronto Raptors,3,5,44,Missed Shot,Running Layup Shot,,Restricted Area,Center(C),Less Than 8 ft.,3,-25,18,1,0,20211027,TOR,IND,22100058422,|1627832|1628384|1629018|1630173|1630567,0,REG,,,2022,1627832|1630567,-8.0,,,,,,,,IND,1610612754.0,
Shot Chart Detail,22100058,427,0,Opponent,1610612761,Toronto Raptors,3,5,23,Missed Shot,Jump Shot,,Above the Break 3,Center(C),24+ ft.,26,4,262,1,0,20211027,TOR,IND,22100058427,|1627832|1628384|1629018|1630173|1630567,0,REG,,,2022,1629018,-8.0,SG,Chaser,0.19,MISS Holiday 26' 3PT Jump Shot,,,,IND,1610612754.0,
Shot Chart Detail,22100058,436,0,Opponent,1610612761,Toronto Raptors,3,5,12,Missed Shot,Jump Shot,,Above the Break 3,Center(C),24+ ft.,25,26,252,1,0,20211027,TOR,IND,22100058436,|1628384|1628449|1629018|1630173|1630625,0,REG,,,2022,1628449,-8.0,SF,Helper,0.4,MISS Duarte 25' 3PT Jump Shot,,,,IND,1610612754.0,
Shot Chart Detail,22100058,447,0,Opponent,1610612761,Toronto Raptors,3,4,37,Made Shot,Fadeaway Jump Shot,,In The Paint (Non-RA),Center(C),Less Than 8 ft.,7,1,73,1,1,20211027,TOR,IND,22100058447,|1628384|1628449|1629018|1630625|203920,0,REG,,,2022,1628449,-7.0,SF,Helper,0.4,McConnell 7' Fadeaway Jumper (6 PTS),,,,IND,1610612754.0,
Shot Chart Detail,22100058,450,0,Opponent,1610612761,Toronto Raptors,3,4,12,Missed Shot,Turnaround Hook Shot,,In The Paint (Non-RA),Center(C),8-16 ft.,8,-36,80,1,0,20211027,TOR,IND,22100058450,|1628384|1628449|1629018|1630625|203920,0,REG,,,2022,1628384,-7.0,SF,Wing Stopper,1.03,MISS Lamb 9' Turnaround Hook Shot,,,,IND,1610612754.0,
Shot Chart Detail,22100058,459,0,Opponent,1610612761,Toronto Raptors,3,3,27,Missed Shot,Driving Layup Shot,,Restricted Area,Center(C),Less Than 8 ft.,3,-28,23,1,0,20211027,TOR,IND,22100058459,|1628384|1628449|1629018|1630625|203920,0,REG,,,2022,203920,-11.0,C,Mobile Big,0.63,MISS Turner 4' Driving Layup,,,,IND,1610612754.0,
Shot Chart Detail,22100058,476,0,Opponent,1610612761,Toronto Raptors,3,2,26,Made Shot,Jump Shot,,Left Corner 3,Left Side(L),24+ ft.,24,-233,79,1,1,20211027,TOR,IND,22100058476,|1628384|1628449|1629018|1630625|203920,1,REG,,,2022,1629018,-8.0,SG,Chaser,0.19,Lamb 25' 3PT Jump Shot (7 PTS) (Wanamaker 3 AST),,,,IND,1610612754.0,202954.0
Shot Chart Detail,22100058,509,0,Opponent,1610612761,Toronto Raptors,3,0,6,Made Shot,Jump Shot,,Above the Break 3,Left Side Center(LC),24+ ft.,28,-183,214,1,1,20211027,TOR,IND,22100058509,|1627832|1628449|1630567|1630625|203920,0,REG,,,2022,1630625,-13.0,PG,Chaser,0.27,Lamb 28' 3PT Jump Shot (12 PTS),,,,IND,1610612754.0,
Shot Chart Detail,22100058,511,0,Opponent,1610612761,Toronto Raptors,3,0,0,Missed Shot,Driving Floating Jump Shot,,Backcourt,Back Court(BC),Back Court Shot,55,169,530,1,0,20211027,TOR,IND,22100058511,|1627832|1628449|1630567|1630625|203920,0,REG,,,2022,,,,,,,,,,IND,1610612754.0,
Shot Chart Detail,22100058,525,0,Opponent,1610612761,Toronto Raptors,4,11,19,Made Shot,Jump Shot,,Left Corner 3,Left Side(L),24+ ft.,22,-222,6,1,1,20211027,TOR,IND,22100058525,|1627832|1628449|1630567|1630625|203920,1,REG,,,2022,1627832,-13.0,PG,Point of Attack,0.9,Duarte 3PT Jump Shot (12 PTS) (Wanamaker 4 AST),,,,IND,1610612754.0,202954.0
Shot Chart Detail,22100058,535,0,Opponent,1610612761,Toronto Raptors,4,10,40,Made Shot,Pullup Jump shot,,Mid-Range,Left Side Center(LC),16-24 ft.,16,-110,120,1,1,20211027,TOR,IND,22100058535,|1627832|1628449|1629004|1630567|203920,0,REG,,,2022,1629004,-13.0,SF,Chaser,-0.31,Wanamaker 16' Pullup Jump Shot (2 PTS),,,,IND,1610612754.0,
Shot Chart Detail,22100058,542,0,Opponent,1610612761,Toronto Raptors,4,9,59,Missed Shot,Driving Layup Shot,,Restricted Area,Center(C),Less Than 8 ft.,3,1,38,1,0,20211027,TOR,IND,22100058542,|1627832|1628449|1629004|1630567|203920,0,REG,,,2022,203920,-16.0,C,Mobile Big,0.63,Boucher BLOCK (1 BLK),,,,IND,1610612754.0,
Shot Chart Detail,22100058,548,0,Opponent,1610612761,Toronto Raptors,4,9,48,Missed Shot,Step Back Jump shot,,Above the Break 3,Center(C),24+ ft.,25,72,243,1,0,20211027,TOR,IND,22100058548,|1627832|1628449|1629004|1630567|203920,0,REG,,,2022,203920,-16.0,C,Mobile Big,0.63,MISS Wanamaker 25' 3PT Step Back Jump Shot,,,,IND,1610612754.0,
Shot Chart Detail,22100058,552,0,Opponent,1610612761,Toronto Raptors,4,9,36,Made Shot,Running Dunk Shot,,Restricted Area,Center(C),Less Than 8 ft.,0,4,0,1,1,20211027,TOR,IND,22100058552,|1627832|1628449|1629004|1630567|203920,0,REG,,,2022,1627832,-14.0,PG,Point of Attack,0.9,Duarte Running Dunk (14 PTS),,,,IND,1610612754.0,
Shot Chart Detail,22100058,563,0,Opponent,1610612761,Toronto Raptors,4,8,42,Missed Shot,Driving Floating Jump Shot,,In The Paint (Non-RA),Center(C),Less Than 8 ft.,5,45,34,1,0,20211027,TOR,IND,22100058563,|1627832|1628449|1629004|1630567|203920,0,REG,,,2022,1627832,-16.0,PG,Point of Attack,0.9,MISS Wanamaker 6' Driving Floating Jump Shot,,,,IND,1610612754.0,
Shot Chart Detail,22100058,582,0,Opponent,1610612761,Toronto Raptors,4,7,19,Made Shot,Jump Shot,,Left Corner 3,Left Side(L),24+ ft.,22,-228,1,1,1,20211027,TOR,IND,22100058582,|1627832|1628384|1628449|1630567|203920,1,REG,,,2022,203920,-17.0,C,Mobile Big,0.63,Craig 3PT Jump Shot (3 PTS) (Sabonis 3 AST),,,,IND,1610612754.0,1627734.0
Shot Chart Detail,22100058,586,0,Opponent,1610612761,Toronto Raptors,4,6,51,Missed Shot,Jump Shot,,Above the Break 3,Left Side Center(LC),24+ ft.,30,-197,236,1,0,20211027,TOR,IND,22100058586,|1627832|1628384|1628449|1630567|203920,0,REG,,,2022,1627832,-17.0,PG,Point of Attack,0.9,MISS Duarte 31' 3PT Jump Shot,,,,IND,1610612754.0,
Shot Chart Detail,22100058,588,0,Opponent,1610612761,Toronto Raptors,4,6,46,Made Shot,Putback Layup Shot,,Restricted Area,Center(C),Less Than 8 ft.,0,0,-1,1,1,20211027,TOR,IND,22100058588,|1627832|1628384|1628449|1630567|203920,0,REG,,,2022,203920,-15.0,C,Mobile Big,0.63,Jackson Putback Layup (2 PTS),,,,IND,1610612754.0,
Shot Chart Detail,22100058,600,0,Opponent,1610612761,Toronto Raptors,4,5,57,Made Shot,Driving Finger Roll Layup Shot,,Restricted Area,Center(C),Less Than 8 ft.,1,-10,2,1,1,20211027,TOR,IND,22100058600,|1627832|1628384|1629018|1630173|1630567,1,REG,,,2022,1628384,-15.0,SF,Wing Stopper,1.03,Craig 1' Driving Finger Roll Layup (5 PTS) (McConnell 2 AST),,,,IND,1610612754.0,204456.0
Shot Chart Detail,22100058,605,0,Opponent,1610612761,Toronto Raptors,4,5,26,Missed Shot,Jump Shot,,Right Corner 3,Right Side(R),24+ ft.,22,224,2,1,0,20211027,TOR,IND,22100058605,|1627832|1628384|1629018|1630173|1630567,0,REG,,,2022,1628384,-15.0,SF,Wing Stopper,1.03,MISS Craig 3PT Jump Shot,,,,IND,1610612754.0,
Shot Chart Detail,22100058,621,0,Opponent,1610612761,Toronto Raptors,4,4,36,Made Shot,Jump Shot,,Above the Break 3,Left Side Center(LC),24+ ft.,28,-119,260,1,1,20211027,TOR,IND,22100058621,|1627832|1628384|1629018|1630173|1630567,1,REG,,,2022,1630173,-10.0,C,Mobile Big,0.24,Wanamaker 29' 3PT Jump Shot (7 PTS) (Craig 1 AST),,,,IND,1610612754.0,1628470.0
Shot Chart Detail,22100058,654,0,Opponent,1610612761,Toronto Raptors,4,2,19,Missed Shot,Driving Floating Jump Shot,,In The Paint (Non-RA),Center(C),Less Than 8 ft.,7,-9,76,1,0,20211027,TOR,IND,22100058654,|1627832|1628384|1629018|1630173|1630567,0,REG,,,2022,1630567,-15.0,PF,Helper,0.63,MISS Jackson 8' Driving Floating Jump Shot,,,,IND,1610612754.0,
Shot Chart Detail,22100058,671,0,Opponent,1610612761,Toronto Raptors,4,1,52,Made Shot,Pullup Jump shot,,Mid-Range,Right Side(R),16-24 ft.,16,152,54,1,1,20211027,TOR,IND,22100058671,|1629018|1630173|1630201|1630551|1630625,0,REG,,,2022,1630173,-16.0,C,Mobile Big,0.24,McConnell 16' Pullup Jump Shot (8 PTS),,,,IND,1610612754.0,
Shot Chart Detail,22100058,674,0,Opponent,1610612761,Toronto Raptors,4,1,24,Missed Shot,Jump Shot,,Above the Break 3,Left Side Center(LC),24+ ft.,25,-195,157,1,0,20211027,TOR,IND,22100058674,|1629018|1630173|1630201|1630551|1630625,0,REG,,,2022,1630551,-18.0,SF,Helper,-0.61,MISS Craig 25' 3PT Jump Shot,,,,IND,1610612754.0,
Shot Chart Detail,22100058,688,0,Opponent,1610612761,Toronto Raptors,4,0,41,Missed Shot,Driving Finger Roll Layup Shot,,Restricted Area,Center(C),Less Than 8 ft.,2,-25,7,1,0,20211027,TOR,IND,22100058688,|1626155|1629018|1629067|1630201|1630551,0,REG,,,2022,1626155,-23.0,PF,Helper,-0.36,MISS Brissett 3' Driving Finger Roll Layup,,,,IND,1610612754.0,
Shot Chart Detail,22100058,690,0,Opponent,1610612761,Toronto Raptors,4,0,40,Made Shot,Putback Layup Shot,,Restricted Area,Center(C),Less Than 8 ft.,0,5,2,1,1,20211027,TOR,IND,22100058690,|1626155|1629018|1629067|1630201|1630551,0,REG,,,2022,1629018|1629067,-21.0,,,,,,,,IND,1610612754.0,
Shot Chart Detail,22100058,696,0,Opponent,1610612761,Toronto Raptors,4,0,12,Made Shot,Running Jump Shot,,Right Corner 3,Right Side(R),24+ ft.,23,230,57,1,1,20211027,TOR,IND,22100058696,|1626155|1629067|1630201|1630525|1630551,1,REG,,,2022,1626155,-18.0,PF,Helper,-0.36,Craig 24' 3PT Running Jump Shot (8 PTS) (McConnell 3 AST),,,,IND,1610612754.0,204456.0
Shot Chart Detail,22100071,10,0,Opponent,1610612761,Toronto Raptors,1,11,26,Missed Shot,Jump Shot,,Right Corner 3,Right Side(R),24+ ft.,22,228,28,1,0,20211029,TOR,ORL,2210007110,|1627832|1628384|1629018|1630173|1630567,0,REG,,,2022,1628384,0.0,SF,Wing Stopper,1.03,MISS F. Wagner 3PT Jump Shot,,,,ORL,1610612753.0,
Shot Chart Detail,22100071,14,0,Opponent,1610612761,Toronto Raptors,1,10,56,Missed Shot,Turnaround Jump Shot,,In The Paint (Non-RA),Center(C),Less Than 8 ft.,6,-39,57,1,0,20211029,TOR,ORL,2210007114,|1627832|1628384|1629018|1630173|1630567,0,REG,,,2022,1628384,-2.0,SF,Wing Stopper,1.03,MISS F. Wagner 7' Turnaround Jump Shot,,,,ORL,1610612753.0,
Shot Chart Detail,22100071,16,0,Opponent,1610612761,Toronto Raptors,1,10,50,Made Shot,Jump Shot,,Mid-Range,Center(C),8-16 ft.,14,-23,142,1,1,20211029,TOR,ORL,2210007116,|1627832|1628384|1629018|1630173|1630567,0,REG,,,2022,1629018,0.0,SG,Chaser,0.19,Carter Jr. 14' Jump Shot (2 PTS),,,,ORL,1610612753.0,
Shot Chart Detail,22100071,18,0,Opponent,1610612761,Toronto Raptors,1,10,33,Missed Shot,Driving Bank Hook Shot,,Restricted Area,Center(C),Less Than 8 ft.,3,-26,23,1,0,20211029,TOR,ORL,2210007118,|1627832|1628384|1629018|1630173|1630567,0,REG,,,2022,1627832,-2.0,PG,Point of Attack,0.9,MISS Anthony 3' Driving Bank Hook Shot,,,,ORL,1610612753.0,
Shot Chart Detail,22100071,20,0,Opponent,1610612761,Toronto Raptors,1,10,27,Missed Shot,Putback Layup Shot,,Restricted Area,Center(C),Less Than 8 ft.,0,0,0,1,0,20211029,TOR,ORL,2210007120,|1627832|1628384|1629018|1630173|1630567,0,REG,,,2022,1627832|1630173,-2.0,,,,,,,,ORL,1610612753.0,
Shot Chart Detail,22100071,22,0,Opponent,1610612761,Toronto Raptors,1,10,24,Made Shot,Putback Layup Shot,,Restricted Area,Center(C),Less Than 8 ft.,0,0,0,1,1,20211029,TOR,ORL,2210007122,|1627832|1628384|1629018|1630173|1630567,0,REG,,,2022,1627832|1630173|1630567,0.0,,,,,,,,ORL,1610612753.0,
Shot Chart Detail,22100071,32,0,Opponent,1610612761,Toronto Raptors,1,9,43,Made Shot,Running Jump Shot,,Above the Break 3,Right Side Center(RC),24+ ft.,24,191,160,1,1,20211029,TOR,ORL,2210007132,|1627832|1628384|1629018|1630173|1630567,1,REG,,,2022,1629018,0.0,SG,Chaser,0.19,Anthony 25' 3PT Running Jump Shot (3 PTS) (Suggs 1 AST),,,,ORL,1610612753.0,1630591.0
Shot Chart Detail,22100071,38,0,Opponent,1610612761,Toronto Raptors,1,8,58,Missed Shot,Pullup Jump shot,,Mid-Range,Left Side(L),16-24 ft.,17,-164,62,1,0,20211029,TOR,ORL,2210007138,|1627832|1628384|1629018|1630173|1630567,0,REG,,,2022,1628384,0.0,SF,Wing Stopper,1.03,MISS Suggs 18' Pullup Jump Shot,,,,ORL,1610612753.0,
Shot Chart Detail,22100071,41,0,Opponent,1610612761,Toronto Raptors,1,8,36,Missed Shot,Driving Layup Shot,,Restricted Area,Center(C),Less Than 8 ft.,3,-32,12,1,0,20211029,TOR,ORL,2210007141,|1627832|1628384|1629018|1630173|1630567,0,REG,,,2022,1630173,0.0,C,Mobile Big,0.24,MISS F. Wagner 3' Driving Layup,,,,ORL,1610612753.0,
Shot Chart Detail,22100071,43,0,Opponent,1610612761,Toronto Raptors,1,8,30,Missed Shot,Jump Shot,,Above the Break 3,Right Side Center(RC),24+ ft.,25,93,233,1,0,20211029,TOR,ORL,2210007143,|1627832|1628384|1629018|1630173|1630567,0,REG,,,2022,1629018,0.0,SG,Chaser,0.19,MISS Suggs 25' 3PT Jump Shot,,,,ORL,1610612753.0,
Shot Chart Detail,22100071,48,0,Opponent,1610612761,Toronto Raptors,1,7,52,Missed Shot,Jump Shot,,Above the Break 3,Right Side Center(RC),24+ ft.,24,77,236,1,0,20211029,TOR,ORL,2210007148,|1627832|1628384|1629018|1630173|1630567,0,REG,,,2022,1627832|1630173,0.0,,,,,,,,ORL,1610612753.0,
Shot Chart Detail,22100071,58,0,Opponent,1610612761,Toronto Raptors,1,6,47,Made Shot,Jump Shot,,Above the Break 3,Center(C),24+ ft.,27,50,270,1,1,20211029,TOR,ORL,2210007158,|1627832|1628384|1629018|1630173|1630567,1,REG,,,2022,1627832,1.0,PG,Point of Attack,0.9,Suggs 27' 3PT Jump Shot (3 PTS) (Anthony 1 AST),,,,ORL,1610612753.0,1630175.0
Shot Chart Detail,22100071,62,0,Opponent,1610612761,Toronto Raptors,1,6,19,Missed Shot,Jump Shot,,Left Corner 3,Left Side(L),24+ ft.,23,-234,42,1,0,20211029,TOR,ORL,2210007162,|1627832|1628384|1629018|1630173|1630567,0,REG,,,2022,1630173,1.0,C,Mobile Big,0.24,MISS Carter Jr. 24' 3PT Jump Shot,,,,ORL,1610612753.0,
Shot Chart Detail,22100071,66,0,Opponent,1610612761,Toronto Raptors,1,5,47,Made Shot,Jump Shot,,Right Corner 3,Right Side(R),24+ ft.,22,228,21,1,1,20211029,TOR,ORL,2210007166,|1627832|1628384|1629018|1630173|1630567,1,REG,,,2022,1630173,4.0,C,Mobile Big,0.24,Suggs 3PT Jump Shot (6 PTS) (Bamba 1 AST),,,,ORL,1610612753.0,1628964.0
Shot Chart Detail,22100071,77,0,Opponent,1610612761,Toronto Raptors,1,5,2,Made Shot,Jump Shot,,Right Corner 3,Right Side(R),24+ ft.,22,227,36,1,1,20211029,TOR,ORL,2210007177,|1627832|1628384|1629018|1630173|1630567,1,REG,,,2022,1629018,5.0,SG,Chaser,0.19,Bamba 3PT Jump Shot (5 PTS) (Carter Jr. 1 AST),,,,ORL,1610612753.0,1628976.0
Shot Chart Detail,22100071,91,0,Opponent,1610612761,Toronto Raptors,1,4,16,Made Shot,Pullup Jump shot,,Mid-Range,Left Side(L),16-24 ft.,19,-189,28,1,1,20211029,TOR,ORL,2210007191,|1628384|1629018|1630567|1630625|203920,1,REG,,,2022,1630625|1629018,7.0,,,,,,,,ORL,1610612753.0,201577.0
Shot Chart Detail,22100071,95,0,Opponent,1610612761,Toronto Raptors,1,3,38,Missed Shot,Driving Finger Roll Layup Shot,,In The Paint (Non-RA),Center(C),Less Than 8 ft.,4,13,42,1,0,20211029,TOR,ORL,2210007195,|1628384|1629018|1630567|1630625|203920,0,REG,,,2022,1630625,4.0,PG,Chaser,0.27,MISS Anthony 4' Driving Finger Roll Layup,,,,ORL,1610612753.0,
Shot Chart Detail,22100071,97,0,Opponent,1610612761,Toronto Raptors,1,3,33,Made Shot,Tip Dunk Shot,,Restricted Area,Center(C),Less Than 8 ft.,0,0,0,1,1,20211029,TOR,ORL,2210007197,|1628384|1629018|1630567|1630625|203920,0,REG,,,2022,1630567,6.0,PF,Helper,0.63,Bamba Tip Dunk Shot (7 PTS),,,,ORL,1610612753.0,
Shot Chart Detail,22100071,123,0,Opponent,1610612761,Toronto Raptors,1,2,3,Missed Shot,Jump Shot,,Above the Break 3,Left Side Center(LC),24+ ft.,25,-142,207,1,0,20211029,TOR,ORL,22100071123,|1627832|1628384|1628449|1630625|203920,0,REG,,,2022,203920,2.0,C,Mobile Big,0.63,MISS Ross 25' 3PT Jump Shot,,,,ORL,1610612753.0,
Shot Chart Detail,22100071,143,0,Opponent,1610612761,Toronto Raptors,1,0,26,Missed Shot,Jump Shot,,Above the Break 3,Left Side Center(LC),24+ ft.,28,-183,221,1,0,20211029,TOR,ORL,22100071143,|1627832|1628384|1628449|1630625|203920,0,REG,,,2022,1627832,-3.0,PG,Point of Attack,0.9,MISS Harris 29' 3PT Jump Shot,,,,ORL,1610612753.0,
Shot Chart Detail,22100071,155,0,Opponent,1610612761,Toronto Raptors,2,11,47,Missed Shot,Jump Shot,,Right Corner 3,Right Side(R),24+ ft.,22,228,21,1,0,20211029,TOR,ORL,22100071155,|1627832|1628449|1630567|1630625|203920,0,REG,,,2022,1628449,-3.0,SF,Helper,0.4,MISS Bamba 3PT Jump Shot,,,,ORL,1610612753.0,
Shot Chart Detail,22100071,160,0,Opponent,1610612761,Toronto Raptors,2,11,10,Missed Shot,Driving Hook Shot,,In The Paint (Non-RA),Center(C),Less Than 8 ft.,5,-16,54,1,0,20211029,TOR,ORL,22100071160,|1627832|1628449|1630567|1630625|203920,0,REG,,,2022,203920,-3.0,C,Mobile Big,0.63,MISS Lopez 6' Driving Hook Shot,,,,ORL,1610612753.0,
Shot Chart Detail,22100071,173,0,Opponent,1610612761,Toronto Raptors,2,10,25,Made Shot,Dunk Shot,,Restricted Area,Center(C),Less Than 8 ft.,0,4,6,1,1,20211029,TOR,ORL,22100071173,|1627832|1628449|1630567|1630625|203920,0,REG,,,2022,1630625|1628449,-4.0,,,,,,,,ORL,1610612753.0,
Shot Chart Detail,22100071,175,0,Opponent,1610612761,Toronto Raptors,2,10,0,Made Shot,Jump Shot,,Above the Break 3,Left Side Center(LC),24+ ft.,26,-114,238,1,1,20211029,TOR,ORL,22100071175,|1627832|1628449|1630567|1630625|203920,1,REG,,,2022,1630625,-3.0,PG,Chaser,0.27,Hampton 26' 3PT Jump Shot (3 PTS) (Bamba 2 AST),,,,ORL,1610612753.0,1628964.0
Shot Chart Detail,22100071,181,0,Opponent,1610612761,Toronto Raptors,2,9,19,Missed Shot,Turnaround Bank Hook Shot,,In The Paint (Non-RA),Center(C),Less Than 8 ft.,4,37,33,1,0,20211029,TOR,ORL,22100071181,|1627832|1628449|1630567|1630625|203920,0,REG,,,2022,1630625,-3.0,PG,Chaser,0.27,MISS Hampton 5' Turnaround Bank Hook Shot,,,,ORL,1610612753.0,
Shot Chart Detail,22100071,191,0,Opponent,1610612761,Toronto Raptors,2,9,6,Made Shot,Driving Bank Hook Shot,,Restricted Area,Center(C),Less Than 8 ft.,3,-25,20,1,1,20211029,TOR,ORL,22100071191,|1627832|1629004|1630567|1630625|203920,0,REG,,,2022,1630625,-3.0,PG,Chaser,0.27,Anthony 3' Driving Bank Hook Shot (5 PTS),,,,ORL,1610612753.0,
Shot Chart Detail,22100071,196,0,Opponent,1610612761,Toronto Raptors,2,8,41,Made Shot,Pullup Jump shot,,Above the Break 3,Center(C),24+ ft.,25,59,253,1,1,20211029,TOR,ORL,22100071196,|1627832|1629004|1630567|1630625|203920,0,REG,,,2022,203920,1.0,C,Mobile Big,0.63,Anthony 26' 3PT Pullup Jump Shot (9 PTS),,,,ORL,1610612753.0,
Shot Chart Detail,22100071,199,0,Opponent,1610612761,Toronto Raptors,2,7,51,Made Shot,Pullup Jump shot,,Mid-Range,Left Side(L),8-16 ft.,14,-148,2,1,1,20211029,TOR,ORL,22100071199,|1627832|1629004|1630567|1630625|203920,1,REG,,,2022,1627832,1.0,PG,Point of Attack,0.9,Ross 15' Pullup Jump Shot (2 PTS) (Suggs 2 AST),,,,ORL,1610612753.0,1630591.0
Shot Chart Detail,22100071,203,0,Opponent,1610612761,Toronto Raptors,2,7,19,Missed Shot,Driving Finger Roll Layup Shot,,Restricted Area,Center(C),Less Than 8 ft.,1,-12,8,1,0,20211029,TOR,ORL,22100071203,|1627832|1629004|1630567|1630625|203920,0,REG,,,2022,1629004,1.0,SF,Chaser,-0.31,MISS Carter Jr. 1' Driving Finger Roll Layup,,,,ORL,1610612753.0,
Shot Chart Detail,22100071,217,0,Opponent,1610612761,Toronto Raptors,2,6,57,Missed Shot,Jump Shot,,Above the Break 3,Right Side Center(RC),24+ ft.,26,157,211,1,0,20211029,TOR,ORL,22100071217,|1628384|1629004|1629018|1630173|1630567,0,REG,,,2022,1629004,-1.0,SF,Chaser,-0.31,MISS Bamba 26' 3PT Jump Shot,,,,ORL,1610612753.0,
Shot Chart Detail,22100071,219,0,Opponent,1610612761,Toronto Raptors,2,6,53,Made Shot,Dunk Shot,,Restricted Area,Center(C),Less Than 8 ft.,0,0,-4,1,1,20211029,TOR,ORL,22100071219,|1628384|1629004|1629018|1630173|1630567,1,REG,,,2022,1628384,1.0,SF,Wing Stopper,1.03,Carter Jr. Dunk (4 PTS) (F. Wagner 1 AST),,,,ORL,1610612753.0,1630532.0
Shot Chart Detail,22100071,242,0,Opponent,1610612761,Toronto Raptors,2,5,40,Made Shot,Jump Shot,,In The Paint (Non-RA),Center(C),8-16 ft.,12,-43,121,1,1,20211029,TOR,ORL,22100071242,|1628384|1629004|1629018|1630173|1630567,1,REG,,,2022,1630173,1.0,C,Mobile Big,0.24,Carter Jr. 13' Jump Shot (6 PTS) (Harris 1 AST),,,,ORL,1610612753.0,203914.0
Shot Chart Detail,22100071,245,0,Opponent,1610612761,Toronto Raptors,2,5,17,Made Shot,Jump Shot,,Left Corner 3,Left Side(L),24+ ft.,22,-229,10,1,1,20211029,TOR,ORL,22100071245,|1628384|1629004|1629018|1630173|1630567,1,REG,,,2022,1629004,2.0,SF,Chaser,-0.31,Bamba 3PT Jump Shot (12 PTS) (F. Wagner 2 AST),,,,ORL,1610612753.0,1630532.0
Shot Chart Detail,22100071,251,0,Opponent,1610612761,Toronto Raptors,2,4,49,Missed Shot,Pullup Jump shot,,Mid-Range,Right Side(R),8-16 ft.,12,125,21,1,0,20211029,TOR,ORL,22100071251,|1628384|1629004|1629018|1630173|1630567,0,REG,,,2022,1629018|1630173,-1.0,,,,,,,,ORL,1610612753.0,
Shot Chart Detail,22100071,257,0,Opponent,1610612761,Toronto Raptors,2,4,31,Missed Shot,Running Pull-Up Jump Shot,,Mid-Range,Left Side Center(LC),16-24 ft.,19,-116,157,1,0,20211029,TOR,ORL,22100071257,|1628384|1629004|1629018|1630173|1630567,0,REG,,,2022,1629004,-1.0,SF,Chaser,-0.31,MISS Anthony 20' Running Pull-Up Jump Shot,,,,ORL,1610612753.0,
Shot Chart Detail,22100071,261,0,Opponent,1610612761,Toronto Raptors,2,4,4,Made Shot,Cutting Finger Roll Layup Shot,,Restricted Area,Center(C),Less Than 8 ft.,2,-17,11,1,1,20211029,TOR,ORL,22100071261,|1628384|1629004|1629018|1630173|1630567,1,REG,,,2022,1629018|1628384,-1.0,,,,,,,,ORL,1610612753.0,1630175.0
Shot Chart Detail,22100071,270,0,Opponent,1610612761,Toronto Raptors,2,3,8,Made Shot,Cutting Dunk Shot,,Restricted Area,Center(C),Less Than 8 ft.,0,-1,4,1,1,20211029,TOR,ORL,22100071270,|1628384|1629004|1629018|1630173|1630567,1,REG,,,2022,1629018|1629004,-1.0,,,,,,,,ORL,1610612753.0,203914.0
Shot Chart Detail,22100071,284,0,Opponent,1610612761,Toronto Raptors,2,2,18,Missed Shot,Pullup Jump shot,,Above the Break 3,Left Side Center(LC),24+ ft.,32,-170,274,1,0,20211029,TOR,ORL,22100071284,|1627832|1628384|1629018|1630173|1630567,0,REG,,,2022,1629018,-1.0,SG,Chaser,0.19,MISS Suggs 32' 3PT Pullup Jump Shot,,,,ORL,1610612753.0,
Shot Chart Detail,22100071,287,0,Opponent,1610612761,Toronto Raptors,2,1,35,Missed Shot,Driving Finger Roll Layup Shot,,Restricted Area,Center(C),Less Than 8 ft.,2,22,-4,1,0,20211029,TOR,ORL,22100071287,|1627832|1628384|1629018|1630173|1630567,0,REG,,,2022,1630173,-3.0,C,Mobile Big,0.24,MISS F. Wagner 2' Driving Finger Roll Layup,,,,ORL,1610612753.0,
Shot Chart Detail,22100071,289,0,Opponent,1610612761,Toronto Raptors,2,1,31,Made Shot,Tip Dunk Shot,,Restricted Area,Center(C),Less Than 8 ft.,0,0,0,1,1,20211029,TOR,ORL,22100071289,|1627832|1628384|1629018|1630173|1630567,0,REG,,,2022,1630173|1630567,-1.0,,,,,,,,ORL,1610612753.0,
Shot Chart Detail,22100071,292,0,Opponent,1610612761,Toronto Raptors,2,0,57,Made Shot,Jump Shot,,Above the Break 3,Center(C),24+ ft.,26,-45,265,1,1,20211029,TOR,ORL,22100071292,|1627832|1628384|1629018|1630173|1630567,1,REG,,,2022,,,,,,,,,,ORL,1610612753.0,1630591.0
Shot Chart Detail,22100071,296,0,Opponent,1610612761,Toronto Raptors,2,0,34,Missed Shot,Driving Layup Shot,,In The Paint (Non-RA),Center(C),Less Than 8 ft.,6,-44,44,1,0,20211029,TOR,ORL,22100071296,|1627832|1628384|1629018|1630173|1630567,0,REG,,,2022,1629018,-3.0,SG,Chaser,0.19,Trent Jr. BLOCK (1 BLK),,,,ORL,1610612753.0,
Shot Chart Detail,22100071,307,0,Opponent,1610612761,Toronto Raptors,2,0,6,Missed Shot,Driving Floating Jump Shot,,Restricted Area,Center(C),Less Than 8 ft.,3,31,25,1,0,20211029,TOR,ORL,22100071307,|1627832|1628384|1628449|1629018|1630173,0,REG,,,2022,1628449,-3.0,SF,Helper,0.4,MISS Harris 4' Driving Floating Jump Shot,,,,ORL,1610612753.0,
Shot Chart Detail,22100071,309,0,Opponent,1610612761,Toronto Raptors,2,0,2,Missed Shot,Tip Layup Shot,,Restricted Area,Center(C),Less Than 8 ft.,0,0,0,1,0,20211029,TOR,ORL,22100071309,|1627832|1628384|1628449|1629018|1630173,0,REG,,,2022,1630173|1628449,-3.0,,,,,,,,ORL,1610612753.0,
Shot Chart Detail,22100071,321,0,Opponent,1610612761,Toronto Raptors,3,11,39,Missed Shot,Driving Hook Shot,,In The Paint (Non-RA),Center(C),Less Than 8 ft.,4,28,29,1,0,20211029,TOR,ORL,22100071321,|1627832|1628384|1629018|1630173|1630567,0,REG,,,2022,1630173,-3.0,C,Mobile Big,0.24,MISS F. Wagner 4' Driving Hook Shot,,,,ORL,1610612753.0,
Shot Chart Detail,22100071,325,0,Opponent,1610612761,Toronto Raptors,3,11,15,Missed Shot,Jump Shot,,Above the Break 3,Right Side Center(RC),24+ ft.,28,190,209,1,0,20211029,TOR,ORL,22100071325,|1627832|1628384|1629018|1630173|1630567,0,REG,,,2022,1628384,-3.0,SF,Wing Stopper,1.03,MISS Suggs 28' 3PT Jump Shot,,,,ORL,1610612753.0,
Shot Chart Detail,22100071,330,0,Opponent,1610612761,Toronto Raptors,3,10,36,Made Shot,Driving Hook Shot,,In The Paint (Non-RA),Center(C),Less Than 8 ft.,5,20,48,1,1,20211029,TOR,ORL,22100071330,|1627832|1628384|1629018|1630173|1630567,1,REG,,,2022,1627832|1628384,-4.0,,,,,,,,ORL,1610612753.0,1628964.0
Shot Chart Detail,22100071,334,0,Opponent,1610612761,Toronto Raptors,3,10,15,Made Shot,Driving Layup Shot,,Restricted Area,Center(C),Less Than 8 ft.,2,-12,19,1,1,20211029,TOR,ORL,22100071334,|1627832|1628384|1629018|1630173|1630567,0,REG,,,2022,1628384,-2.0,SF,Wing Stopper,1.03,Suggs 2' Driving Layup (8 PTS),,,,ORL,1610612753.0,
Shot Chart Detail,22100071,342,0,Opponent,1610612761,Toronto Raptors,3,9,48,Missed Shot,Pullup Jump shot,,Mid-Range,Right Side Center(RC),16-24 ft.,17,55,167,1,0,20211029,TOR,ORL,22100071342,|1627832|1628384|1629018|1630173|1630567,0,REG,,,2022,1630173,-4.0,C,Mobile Big,0.24,MISS Bamba 18' Pullup Jump Shot,,,,ORL,1610612753.0,
Shot Chart Detail,22100071,348,0,Opponent,1610612761,Toronto Raptors,3,9,11,Made Shot,Pullup Jump shot,,Mid-Range,Center(C),16-24 ft.,18,-50,177,1,1,20211029,TOR,ORL,22100071348,|1627832|1628384|1629018|1630173|1630567,0,REG,,,2022,1629018,-4.0,SG,Chaser,0.19,Anthony 18' Pullup Jump Shot (13 PTS),,,,ORL,1610612753.0,
Shot Chart Detail,22100071,351,0,Opponent,1610612761,Toronto Raptors,3,8,48,Missed Shot,Turnaround Hook Shot,,In The Paint (Non-RA),Center(C),Less Than 8 ft.,4,45,17,1,0,20211029,TOR,ORL,22100071351,|1627832|1628384|1629018|1630173|1630567,0,REG,,,2022,1627832,-4.0,PG,Point of Attack,0.9,MISS Bamba 5' Turnaround Hook Shot,,,,ORL,1610612753.0,
Shot Chart Detail,22100071,356,0,Opponent,1610612761,Toronto Raptors,3,8,12,Made Shot,Jump Shot,,Above the Break 3,Center(C),24+ ft.,29,76,287,1,1,20211029,TOR,ORL,22100071356,|1627832|1628384|1629018|1630173|1630567,1,REG,,,2022,1629018,-3.0,SG,Chaser,0.19,Suggs 30' 3PT Jump Shot (11 PTS) (Bamba 4 AST),,,,ORL,1610612753.0,1628964.0
Shot Chart Detail,22100071,360,0,Opponent,1610612761,Toronto Raptors,3,7,50,Missed Shot,Running Layup Shot,,In The Paint (Non-RA),Center(C),Less Than 8 ft.,6,1,66,1,0,20211029,TOR,ORL,22100071360,|1627832|1628384|1629018|1630173|1630567,0,REG,,,2022,1628384,-3.0,SF,Wing Stopper,1.03,MISS F. Wagner 7' Running Layup,,,,ORL,1610612753.0,
Shot Chart Detail,22100071,363,0,Opponent,1610612761,Toronto Raptors,3,7,36,Made Shot,Driving Finger Roll Layup Shot,,Restricted Area,Center(C),Less Than 8 ft.,1,10,15,1,1,20211029,TOR,ORL,22100071363,|1627832|1628384|1629018|1630173|1630567,1,REG,,,2022,1630567,-1.0,PF,Helper,0.63,Suggs 2' Driving Finger Roll Layup (13 PTS) (Carter Jr. 2 AST),,,,ORL,1610612753.0,1628976.0
Shot Chart Detail,22100071,371,0,Opponent,1610612761,Toronto Raptors,3,7,5,Missed Shot,Driving Finger Roll Layup Shot,,Restricted Area,Center(C),Less Than 8 ft.,1,10,14,1,0,20211029,TOR,ORL,22100071371,|1627832|1628384|1629018|1630173|1630567,0,REG,,,2022,1627832,-1.0,PG,Point of Attack,0.9,MISS Anthony 2' Driving Finger Roll Layup,,,,ORL,1610612753.0,
Shot Chart Detail,22100071,374,0,Opponent,1610612761,Toronto Raptors,3,6,29,Missed Shot,Driving Finger Roll Layup Shot,,Restricted Area,Center(C),Less Than 8 ft.,3,23,29,1,0,20211029,TOR,ORL,22100071374,|1627832|1628384|1629018|1630173|1630567,0,REG,,,2022,1627832|1630173,-3.0,,,,,,,,ORL,1610612753.0,
Shot Chart Detail,22100071,377,0,Opponent,1610612761,Toronto Raptors,3,5,58,Missed Shot,Driving Hook Shot,,In The Paint (Non-RA),Center(C),Less Than 8 ft.,7,49,53,1,0,20211029,TOR,ORL,22100071377,|1627832|1628384|1629018|1630173|1630567,0,REG,,,2022,1628384,-5.0,SF,Wing Stopper,1.03,MISS F. Wagner 7' Driving Hook Shot,,,,ORL,1610612753.0,
Shot Chart Detail,22100071,379,0,Opponent,1610612761,Toronto Raptors,3,5,58,Made Shot,Fadeaway Jump Shot,,In The Paint (Non-RA),Center(C),Less Than 8 ft.,4,44,10,1,1,20211029,TOR,ORL,22100071379,|1627832|1628384|1629018|1630173|1630567,0,REG,,,2022,1628384,-3.0,SF,Wing Stopper,1.03,F. Wagner 5' Fadeaway Jumper (4 PTS),,,,ORL,1610612753.0,
Shot Chart Detail,22100071,387,0,Opponent,1610612761,Toronto Raptors,3,5,28,Made Shot,Jump Shot,,Left Corner 3,Left Side(L),24+ ft.,23,-238,-4,1,1,20211029,TOR,ORL,22100071387,|1627832|1628384|1629018|1630173|1630567,1,REG,,,2022,1627832|1630173,1.0,,,,,,,,ORL,1610612753.0,203914.0
Shot Chart Detail,22100071,412,0,Opponent,1610612761,Toronto Raptors,3,4,23,Made Shot,Pullup Jump shot,,Mid-Range,Center(C),16-24 ft.,21,-18,218,1,1,20211029,TOR,ORL,22100071412,|1628384|1628449|1629018|1630625|203920,1,REG,,,2022,203920,1.0,C,Mobile Big,0.63,Harris 22' Pullup Jump Shot (6 PTS) (Bamba 5 AST),,,,ORL,1610612753.0,1628964.0
Shot Chart Detail,22100071,415,0,Opponent,1610612761,Toronto Raptors,3,3,44,Missed Shot,Jump Shot,,Above the Break 3,Center(C),24+ ft.,26,-33,264,1,0,20211029,TOR,ORL,22100071415,|1628384|1628449|1629018|1630625|203920,0,REG,,,2022,203920,-1.0,C,Mobile Big,0.63,MISS Bamba 27' 3PT Jump Shot,,,,ORL,1610612753.0,
Shot Chart Detail,22100071,419,0,Opponent,1610612761,Toronto Raptors,3,3,25,Made Shot,Running Alley Oop Dunk Shot,,Restricted Area,Center(C),Less Than 8 ft.,1,4,15,1,1,20211029,TOR,ORL,22100071419,|1628384|1628449|1629018|1630625|203920,1,REG,,,2022,203920,1.0,C,Mobile Big,0.63,Bamba 2' Running Alley Oop Dunk Shot (14 PTS) (Ross 1 AST),,,,ORL,1610612753.0,203082.0
Shot Chart Detail,22100071,423,0,Opponent,1610612761,Toronto Raptors,3,2,47,Missed Shot,Jump Shot,,Above the Break 3,Right Side Center(RC),24+ ft.,26,174,197,1,0,20211029,TOR,ORL,22100071423,|1628384|1628449|1629018|1630625|203920,0,REG,,,2022,1630625,1.0,PG,Chaser,0.27,MISS Ross 26' 3PT Jump Shot,,,,ORL,1610612753.0,
Shot Chart Detail,22100071,437,0,Opponent,1610612761,Toronto Raptors,3,2,25,Made Shot,Pullup Jump shot,,Mid-Range,Center(C),8-16 ft.,14,4,146,1,1,20211029,TOR,ORL,22100071437,|1627832|1628449|1630567|1630625|203920,1,REG,,,2022,203920,3.0,C,Mobile Big,0.63,Ross 15' Pullup Jump Shot (4 PTS) (Suggs 4 AST),,,,ORL,1610612753.0,1630591.0
Shot Chart Detail,22100071,443,0,Opponent,1610612761,Toronto Raptors,3,1,52,Made Shot,Driving Finger Roll Layup Shot,,In The Paint (Non-RA),Center(C),Less Than 8 ft.,4,45,21,1,1,20211029,TOR,ORL,22100071443,|1627832|1628449|1630567|1630625|203920,0,REG,,,2022,203920,3.0,C,Mobile Big,0.63,Harris 5' Driving Finger Roll Layup (8 PTS),,,,ORL,1610612753.0,
Shot Chart Detail,22100071,450,0,Opponent,1610612761,Toronto Raptors,3,1,12,Made Shot,Pullup Jump shot,,Mid-Range,Left Side Center(LC),16-24 ft.,17,-89,155,1,1,20211029,TOR,ORL,22100071450,|1627832|1628449|1630567|1630625|203920,0,REG,,,2022,1628449,4.0,SF,Helper,0.4,Ross 18' Pullup Jump Shot (6 PTS),,,,ORL,1610612753.0,
Shot Chart Detail,22100071,464,0,Opponent,1610612761,Toronto Raptors,3,0,32,Missed Shot,Jump Shot,,Mid-Range,Left Side(L),16-24 ft.,21,-219,17,1,0,20211029,TOR,ORL,22100071464,|1627832|1628449|1630567|1630625|203920,0,REG,,,2022,1630567,1.0,PF,Helper,0.63,MISS M. Wagner 3PT Jump Shot,,,,ORL,1610612753.0,
Shot Chart Detail,22100071,469,0,Opponent,1610612761,Toronto Raptors,3,0,0,Missed Shot,Jump Shot,,Right Corner 3,Right Side(R),24+ ft.,23,239,13,1,0,20211029,TOR,ORL,22100071469,|1627832|1628449|1630567|1630625|203920,0,REG,,,2022,1627832,1.0,PG,Point of Attack,0.9,MISS Ross 24' 3PT Jump Shot,,,,ORL,1610612753.0,
Shot Chart Detail,22100071,483,0,Opponent,1610612761,Toronto Raptors,4,10,52,Missed Shot,Pullup Jump shot,,Above the Break 3,Right Side Center(RC),24+ ft.,30,124,279,1,0,20211029,TOR,ORL,22100071483,|1627832|1628384|1628449|1630625|203920,0,REG,,,2022,1627832|203920,1.0,,,,,,,,ORL,1610612753.0,
Shot Chart Detail,22100071,489,0,Opponent,1610612761,Toronto Raptors,4,10,17,Missed Shot,Driving Finger Roll Layup Shot,,In The Paint (Non-RA),Center(C),Less Than 8 ft.,4,-37,31,1,0,20211029,TOR,ORL,22100071489,|1627832|1628384|1628449|1630625|203920,0,REG,,,2022,1630625|203920,-2.0,,,,,,,,ORL,1610612753.0,
Shot Chart Detail,22100071,502,0,Opponent,1610612761,Toronto Raptors,4,9,34,Missed Shot,Driving Finger Roll Layup Shot,,Restricted Area,Center(C),Less Than 8 ft.,3,27,14,1,0,20211029,TOR,ORL,22100071502,|1627832|1628384|1628449|1630625|203920,0,REG,,,2022,203920|1628449,-2.0,,,,,,,,ORL,1610612753.0,
Shot Chart Detail,22100071,520,0,Opponent,1610612761,Toronto Raptors,4,8,19,Made Shot,Jump Shot,,Mid-Range,Center(C),8-16 ft.,15,16,150,1,1,20211029,TOR,ORL,22100071520,|1627832|1628384|1628449|1630625|203920,1,REG,,,2022,1627832|203920,-8.0,,,,,,,,ORL,1610612753.0,1630175.0
Shot Chart Detail,22100071,526,0,Opponent,1610612761,Toronto Raptors,4,7,50,Made Shot,Jump Shot,,Left Corner 3,Left Side(L),24+ ft.,22,-228,30,1,1,20211029,TOR,ORL,22100071526,|1627832|1628384|1628449|1630625|203920,1,REG,,,2022,1630625,-5.0,PG,Chaser,0.27,Harris 3PT Jump Shot (11 PTS) (Anthony 4 AST),,,,ORL,1610612753.0,1630175.0
Shot Chart Detail,22100071,532,0,Opponent,1610612761,Toronto Raptors,4,7,21,Made Shot,Pullup Jump shot,,Above the Break 3,Left Side Center(LC),24+ ft.,26,-141,222,1,1,20211029,TOR,ORL,22100071532,|1627832|1628384|1628449|1630625|203920,0,REG,,,2022,1627832|203920,-4.0,,,,,,,,ORL,1610612753.0,
Shot Chart Detail,22100071,541,0,Opponent,1610612761,Toronto Raptors,4,6,34,Made Shot,Driving Layup Shot,,Restricted Area,Center(C),Less Than 8 ft.,2,-12,21,1,1,20211029,TOR,ORL,22100071541,|1627832|1628384|1628449|1630567|203920,0,REG,,,2022,203920,-4.0,C,Mobile Big,0.63,F. Wagner 2' Driving Layup (7 PTS),,,,ORL,1610612753.0,
Shot Chart Detail,22100071,546,0,Opponent,1610612761,Toronto Raptors,4,5,52,Made Shot,Step Back Jump shot,,Above the Break 3,Left Side Center(LC),24+ ft.,26,-157,215,1,1,20211029,TOR,ORL,22100071546,|1627832|1628384|1629018|1630567|203920,0,REG,,,2022,203920,-3.0,C,Mobile Big,0.63,Anthony 27' 3PT Step Back Jump Shot (22 PTS),,,,ORL,1610612753.0,
Shot Chart Detail,22100071,549,0,Opponent,1610612761,Toronto Raptors,4,5,6,Missed Shot,Pullup Jump shot,,Mid-Range,Left Side(L),8-16 ft.,13,-130,9,1,0,20211029,TOR,ORL,22100071549,|1627832|1628384|1629018|1630567|203920,0,REG,,,2022,1630567,-3.0,PF,Helper,0.63,MISS F. Wagner 13' Pullup Jump Shot,,,,ORL,1610612753.0,
Shot Chart Detail,22100071,553,0,Opponent,1610612761,Toronto Raptors,4,4,29,Missed Shot,Jump Shot,,Right Corner 3,Right Side(R),24+ ft.,22,228,20,1,0,20211029,TOR,ORL,22100071553,|1627832|1628384|1629018|1630567|203920,0,REG,,,2022,1628384,-5.0,SF,Wing Stopper,1.03,MISS Carter Jr. 3PT Jump Shot,,,,ORL,1610612753.0,
Shot Chart Detail,22100071,555,0,Opponent,1610612761,Toronto Raptors,4,4,23,Missed Shot,Jump Shot,,Left Corner 3,Left Side(L),24+ ft.,22,-225,9,1,0,20211029,TOR,ORL,22100071555,|1627832|1628384|1629018|1630567|203920,0,REG,,,2022,1627832|1630567,-5.0,,,,,,,,ORL,1610612753.0,
Shot Chart Detail,22100071,570,0,Opponent,1610612761,Toronto Raptors,4,3,34,Made Shot,Pullup Jump shot,,Above the Break 3,Right Side Center(RC),24+ ft.,26,174,203,1,1,20211029,TOR,ORL,22100071570,|1627832|1628384|1629018|1630567|203920,0,REG,,,2022,203920,-7.0,C,Mobile Big,0.63,Ross 27' 3PT Pullup Jump Shot (9 PTS),,,,ORL,1610612753.0,
Shot Chart Detail,22100071,579,0,Opponent,1610612761,Toronto Raptors,4,3,2,Missed Shot,Driving Finger Roll Layup Shot,,In The Paint (Non-RA),Center(C),Less Than 8 ft.,6,2,62,1,0,20211029,TOR,ORL,22100071579,|1627832|1628384|1629018|1630567|1630625,0,REG,,,2022,1630567,-8.0,PF,Helper,0.63,MISS Anthony 6' Driving Finger Roll Layup,,,,ORL,1610612753.0,
Shot Chart Detail,22100071,613,0,Opponent,1610612761,Toronto Raptors,4,2,29,Missed Shot,Layup Shot,,Restricted Area,Center(C),Less Than 8 ft.,3,26,27,1,0,20211029,TOR,ORL,22100071613,|1627832|1628384|1629018|1630567|1630625,0,REG,,,2022,1630567,-9.0,PF,Helper,0.63,Barnes BLOCK (1 BLK),,,,ORL,1610612753.0,
Shot Chart Detail,22100071,616,0,Opponent,1610612761,Toronto Raptors,4,1,26,Missed Shot,Running Layup Shot,,In The Paint (Non-RA),Center(C),Less Than 8 ft.,5,17,50,1,0,20211029,TOR,ORL,22100071616,|1627832|1628384|1629018|1630567|1630625,0,REG,,,2022,1628384|1630567,-10.0,,,,,,,,ORL,1610612753.0,
Shot Chart Detail,22100071,618,0,Opponent,1610612761,Toronto Raptors,4,1,25,Made Shot,Putback Layup Shot,,Restricted Area,Center(C),Less Than 8 ft.,1,16,11,1,1,20211029,TOR,ORL,22100071618,|1627832|1628384|1629018|1630567|1630625,0,REG,,,2022,1630625|1627832,-8.0,,,,,,,,ORL,1610612753.0,
Shot Chart Detail,22100071,625,0,Opponent,1610612761,Toronto Raptors,4,0,52,Made Shot,Jump Shot,,Above the Break 3,Left Side Center(LC),24+ ft.,27,-151,227,1,1,20211029,TOR,ORL,22100071625,|1627832|1628384|1629018|1630567|1630625,1,REG,,,2022,1628384,-5.0,SF,Wing Stopper,1.03,Suggs 27' 3PT Jump Shot (20 PTS) (Carter Jr. 3 AST),,,,ORL,1610612753.0,1628976.0
Shot Chart Detail,22100071,634,0,Opponent,1610612761,Toronto Raptors,4,0,33,Made Shot,Jump Shot,,Right Corner 3,Right Side(R),24+ ft.,23,237,8,1,1,20211029,TOR,ORL,22100071634,|1627832|1628384|1629018|1630567|1630625,1,REG,,,2022,1627832,-1.0,PG,Point of Attack,0.9,F. Wagner 24' 3PT Jump Shot (10 PTS) (Anthony 5 AST),,,,ORL,1610612753.0,1630175.0
Shot Chart Detail,22100071,639,0,Opponent,1610612761,Toronto Raptors,4,0,0,Missed Shot,Driving Floating Jump Shot,,Backcourt,Back Court(BC),Back Court Shot,45,20,457,1,0,20211029,TOR,ORL,22100071639,|1627832|1628384|1629018|1630567|1630625,0,REG,,,2022,1629018,-1.0,SG,Chaser,0.19,MISS Anthony 46' 3PT Driving Floating Jump Shot,,,,ORL,1610612753.0,
Shot Chart Detail,22100081,15,0,Opponent,1610612761,Toronto Raptors,1,10,53,Made Shot,Alley Oop Layup shot,,Restricted Area,Center(C),Less Than 8 ft.,1,-1,15,1,1,20211030,IND,TOR,2210008115,|1627832|1628384|1629018|1630173|1630567,1,REG,,,2022,1630173,2.0,C,Mobile Big,0.24,Duarte 2' Alley Oop Layup (2 PTS) (McConnell 1 AST),,,,IND,1610612754.0,204456.0
Shot Chart Detail,22100081,20,0,Opponent,1610612761,Toronto Raptors,1,10,8,Missed Shot,Jump Shot,,Above the Break 3,Center(C),24+ ft.,26,-62,262,1,0,20211030,IND,TOR,2210008120,|1627832|1628384|1629018|1630173|1630567,0,REG,,,2022,1627832,0.0,PG,Point of Attack,0.9,MISS LeVert 27' 3PT Jump Shot,,,,IND,1610612754.0,
Shot Chart Detail,22100081,29,0,Opponent,1610612761,Toronto Raptors,1,9,36,Made Shot,Running Finger Roll Layup Shot,,Restricted Area,Center(C),Less Than 8 ft.,2,-20,13,1,1,20211030,IND,TOR,2210008129,|1627832|1628384|1629018|1630173|1630567,1,REG,,,2022,1629018,2.0,SG,Chaser,0.19,LeVert 2' Running Finger Roll Layup (2 PTS) (Duarte 1 AST),,,,IND,1610612754.0,1630537.0
Shot Chart Detail,22100081,37,0,Opponent,1610612761,Toronto Raptors,1,8,49,Made Shot,Pullup Jump shot,,Above the Break 3,Center(C),24+ ft.,25,-66,251,1,1,20211030,IND,TOR,2210008137,|1627832|1628384|1629018|1630173|1630567,0,REG,,,2022,1630173,3.0,C,Mobile Big,0.24,LeVert 26' 3PT Pullup Jump Shot (5 PTS),,,,IND,1610612754.0,
Shot Chart Detail,22100081,40,0,Opponent,1610612761,Toronto Raptors,1,8,33,Made Shot,Running Finger Roll Layup Shot,,Restricted Area,Center(C),Less Than 8 ft.,3,-25,17,1,1,20211030,IND,TOR,2210008140,|1627832|1628384|1629018|1630173|1630567,1,REG,,,2022,1630567,5.0,PF,Helper,0.63,LeVert 3' Running Finger Roll Layup (7 PTS) (Duarte 2 AST),,,,IND,1610612754.0,1630537.0
Shot Chart Detail,22100081,43,0,Opponent,1610612761,Toronto Raptors,1,8,4,Made Shot,Cutting Dunk Shot,,Restricted Area,Center(C),Less Than 8 ft.,1,-7,12,1,1,20211030,IND,TOR,2210008143,|1627832|1628384|1629018|1630173|1630567,1,REG,,,2022,1628384,5.0,SF,Wing Stopper,1.03,Sabonis 1' Cutting Dunk Shot (2 PTS) (LeVert 1 AST),,,,IND,1610612754.0,1627747.0
Shot Chart Detail,22100081,46,0,Opponent,1610612761,Toronto Raptors,1,7,45,Made Shot,Cutting Layup Shot,,Restricted Area,Center(C),Less Than 8 ft.,1,-12,10,1,1,20211030,IND,TOR,2210008146,|1627832|1628384|1629018|1630173|1630567,1,REG,,,2022,1627832|1629018,7.0,,,,,,,,IND,1610612754.0,204456.0
Shot Chart Detail,22100081,51,0,Opponent,1610612761,Toronto Raptors,1,7,2,Missed Shot,Cutting Dunk Shot,,Restricted Area,Center(C),Less Than 8 ft.,3,-22,27,1,0,20211030,IND,TOR,2210008151,|1627832|1628384|1629018|1630173|1630567,0,REG,,,2022,1630173,5.0,C,Mobile Big,0.24,MISS Sabonis 3' Cutting Dunk Shot,,,,IND,1610612754.0,
Shot Chart Detail,22100081,56,0,Opponent,1610612761,Toronto Raptors,1,6,37,Missed Shot,Driving Finger Roll Layup Shot,,Restricted Area,Center(C),Less Than 8 ft.,2,-18,13,1,0,20211030,IND,TOR,2210008156,|1627832|1628384|1629018|1630173|1630567,0,REG,,,2022,1627832,2.0,PG,Point of Attack,0.9,MISS LeVert 2' Driving Finger Roll Layup,,,,IND,1610612754.0,
Shot Chart Detail,22100081,60,0,Opponent,1610612761,Toronto Raptors,1,6,13,Missed Shot,Turnaround Jump Shot,,In The Paint (Non-RA),Center(C),Less Than 8 ft.,4,-45,18,1,0,20211030,IND,TOR,2210008160,|1627832|1628384|1629018|1630173|1630567,0,REG,,,2022,1627832|1628384,2.0,,,,,,,,IND,1610612754.0,
Shot Chart Detail,22100081,62,0,Opponent,1610612761,Toronto Raptors,1,6,10,Missed Shot,Tip Layup Shot,,Restricted Area,Center(C),Less Than 8 ft.,0,0,0,1,0,20211030,IND,TOR,2210008162,|1627832|1628384|1629018|1630173|1630567,0,REG,,,2022,1627832|1629018|1628384|1630173,2.0,,,,,,,,IND,1610612754.0,
Shot Chart Detail,22100081,64,0,Opponent,1610612761,Toronto Raptors,1,6,9,Made Shot,Tip Layup Shot,,Restricted Area,Center(C),Less Than 8 ft.,0,0,0,1,1,20211030,IND,TOR,2210008164,|1627832|1628384|1629018|1630173|1630567,0,REG,,,2022,1629018|1628384|1630173,4.0,,,,,,,,IND,1610612754.0,
Shot Chart Detail,22100081,66,0,Opponent,1610612761,Toronto Raptors,1,5,43,Missed Shot,Jump Shot,,Left Corner 3,Left Side(L),24+ ft.,22,-227,18,1,0,20211030,IND,TOR,2210008166,|1627832|1628384|1629018|1630173|1630567,0,REG,,,2022,1627832,2.0,PG,Point of Attack,0.9,MISS McConnell 3PT Jump Shot,,,,IND,1610612754.0,
Shot Chart Detail,22100081,80,0,Opponent,1610612761,Toronto Raptors,1,5,29,Missed Shot,Jump Shot,,Above the Break 3,Left Side Center(LC),24+ ft.,25,-124,223,1,0,20211030,IND,TOR,2210008180,|1627832|1628384|1628449|1630625|203920,0,REG,,,2022,1628449,-1.0,SF,Helper,0.4,MISS Holiday 26' 3PT Jump Shot,,,,IND,1610612754.0,
Shot Chart Detail,22100081,87,0,Opponent,1610612761,Toronto Raptors,1,5,9,Missed Shot,Jump Shot,,Above the Break 3,Center(C),24+ ft.,25,16,259,1,0,20211030,IND,TOR,2210008187,|1628384|1628449|1629018|1630625|203920,0,REG,,,2022,1628449,-1.0,SF,Helper,0.4,MISS Sabonis 26' 3PT Jump Shot,,,,IND,1610612754.0,
Shot Chart Detail,22100081,90,0,Opponent,1610612761,Toronto Raptors,1,4,54,Missed Shot,Jump Bank Shot,,Above the Break 3,Right Side Center(RC),24+ ft.,25,136,211,1,0,20211030,IND,TOR,2210008190,|1628384|1628449|1629018|1630625|203920,0,REG,,,2022,1628449,-1.0,SF,Helper,0.4,MISS Sabonis 25' 3PT Jump Bank Shot,,,,IND,1610612754.0,
Shot Chart Detail,22100081,117,0,Opponent,1610612761,Toronto Raptors,1,3,21,Made Shot,Jump Shot,,Above the Break 3,Left Side Center(LC),24+ ft.,25,-178,178,1,1,20211030,IND,TOR,22100081117,|1628384|1628449|1629018|1630625|203920,1,REG,,,2022,1628384,0.0,SF,Wing Stopper,1.03,Holiday 25' 3PT Jump Shot (3 PTS) (Turner 1 AST),,,,IND,1610612754.0,1626167.0
Shot Chart Detail,22100081,132,0,Opponent,1610612761,Toronto Raptors,1,2,22,Made Shot,Jump Shot,,Left Corner 3,Left Side(L),24+ ft.,23,-232,34,1,1,20211030,IND,TOR,22100081132,|1628449|1629018|1630567|1630625|203920,1,REG,,,2022,1630625,3.0,PG,Chaser,0.27,Lamb 3PT Jump Shot (3 PTS) (Craig 1 AST),,,,IND,1610612754.0,1628470.0
Shot Chart Detail,22100081,136,0,Opponent,1610612761,Toronto Raptors,1,1,52,Missed Shot,Jump Shot,,Above the Break 3,Right Side Center(RC),24+ ft.,25,88,237,1,0,20211030,IND,TOR,22100081136,|1628449|1629018|1630567|1630625|203920,0,REG,,,2022,1628449,3.0,SF,Helper,0.4,MISS Holiday 25' 3PT Jump Shot,,,,IND,1610612754.0,
Shot Chart Detail,22100081,160,0,Opponent,1610612761,Toronto Raptors,1,0,19,Missed Shot,Step Back Jump shot,,Mid-Range,Left Side Center(LC),16-24 ft.,20,-141,149,1,0,20211030,IND,TOR,22100081160,|1628449|1629004|1630567|1630625|203920,0,REG,,,2022,203920,3.0,C,Mobile Big,0.63,MISS Wanamaker 21' Step Back Jump Shot,,,,IND,1610612754.0,
Shot Chart Detail,22100081,184,0,Opponent,1610612761,Toronto Raptors,2,11,44,Missed Shot,Driving Finger Roll Layup Shot,,Restricted Area,Center(C),Less Than 8 ft.,3,6,36,1,0,20211030,IND,TOR,22100081184,|1627832|1628449|1629004|1630567|203920,0,REG,,,2022,1627832,3.0,PG,Point of Attack,0.9,MISS Bitadze 4' Driving Finger Roll Layup,,,,IND,1610612754.0,
Shot Chart Detail,22100081,195,0,Opponent,1610612761,Toronto Raptors,2,10,53,Missed Shot,Jump Shot,,Above the Break 3,Left Side Center(LC),24+ ft.,29,-175,233,1,0,20211030,IND,TOR,22100081195,|1627832|1628449|1629004|1630567|203920,0,REG,,,2022,1629004,5.0,SF,Chaser,-0.31,MISS Holiday 29' 3PT Jump Shot,,,,IND,1610612754.0,
Shot Chart Detail,22100081,208,0,Opponent,1610612761,Toronto Raptors,2,9,54,Made Shot,Hook Shot,,Restricted Area,Center(C),Less Than 8 ft.,2,22,17,1,1,20211030,IND,TOR,22100081208,|1627832|1628384|1628449|1629004|203920,1,REG,,,2022,1628384,5.0,SF,Wing Stopper,1.03,Sabonis 3' Hook Shot (8 PTS) (LeVert 2 AST),,,,IND,1610612754.0,1627747.0
Shot Chart Detail,22100081,224,0,Opponent,1610612761,Toronto Raptors,2,9,12,Made Shot,Pullup Jump shot,,In The Paint (Non-RA),Center(C),Less Than 8 ft.,7,-50,61,1,1,20211030,IND,TOR,22100081224,|1627832|1628384|1628449|1629004|203920,0,REG,,,2022,1627832,7.0,PG,Point of Attack,0.9,LeVert 8' Pullup Jump Shot (11 PTS),,,,IND,1610612754.0,
Shot Chart Detail,22100081,227,0,Opponent,1610612761,Toronto Raptors,2,8,40,Missed Shot,Jump Shot,,Above the Break 3,Right Side Center(RC),24+ ft.,25,146,210,1,0,20211030,IND,TOR,22100081227,|1627832|1628384|1628449|1629004|203920,0,REG,,,2022,1627832,4.0,PG,Point of Attack,0.9,MISS Bitadze 26' 3PT Jump Shot,,,,IND,1610612754.0,
Shot Chart Detail,22100081,268,0,Opponent,1610612761,Toronto Raptors,2,6,32,Missed Shot,Jump Shot,,Above the Break 3,Center(C),24+ ft.,25,-32,252,1,0,20211030,IND,TOR,22100081268,|1627832|1628384|1628449|1629004|1630173,0,REG,,,2022,1627832,-1.0,PG,Point of Attack,0.9,MISS Duarte 25' 3PT Jump Shot,,,,IND,1610612754.0,
Shot Chart Detail,22100081,270,0,Opponent,1610612761,Toronto Raptors,2,6,25,Made Shot,Pullup Jump shot,,In The Paint (Non-RA),Center(C),8-16 ft.,13,28,131,1,1,20211030,IND,TOR,22100081270,|1627832|1628384|1628449|1629004|1630173,0,REG,,,2022,1628449,1.0,SF,Helper,0.4,LeVert 13' Pullup Jump Shot (14 PTS),,,,IND,1610612754.0,
Shot Chart Detail,22100081,274,0,Opponent,1610612761,Toronto Raptors,2,5,46,Missed Shot,Driving Layup Shot,,Restricted Area,Center(C),Less Than 8 ft.,2,23,16,1,0,20211030,IND,TOR,22100081274,|1627832|1628384|1628449|1629004|1630173,0,REG,,,2022,1627832|1630173,1.0,,,,,,,,IND,1610612754.0,
Shot Chart Detail,22100081,276,0,Opponent,1610612761,Toronto Raptors,2,5,43,Made Shot,Putback Layup Shot,,Restricted Area,Center(C),Less Than 8 ft.,2,20,15,1,1,20211030,IND,TOR,22100081276,|1627832|1628384|1628449|1629004|1630173,0,REG,,,2022,1628384,3.0,SF,Wing Stopper,1.03,Sabonis 3' Putback Layup (12 PTS),,,,IND,1610612754.0,
Shot Chart Detail,22100081,279,0,Opponent,1610612761,Toronto Raptors,2,5,15,Made Shot,Jump Shot,,Right Corner 3,Right Side(R),24+ ft.,22,227,18,1,1,20211030,IND,TOR,22100081279,|1627832|1628384|1628449|1629004|1630173,1,REG,,,2022,1628384,3.0,SF,Wing Stopper,1.03,Holiday 3PT Jump Shot (6 PTS) (Turner 2 AST),,,,IND,1610612754.0,1626167.0
Shot Chart Detail,22100081,287,0,Opponent,1610612761,Toronto Raptors,2,4,51,Missed Shot,Pullup Jump shot,,Above the Break 3,Center(C),24+ ft.,25,-2,256,1,0,20211030,IND,TOR,22100081287,|1627832|1628384|1629004|1630173|1630567,0,REG,,,2022,1630173,1.0,C,Mobile Big,0.24,MISS LeVert 26' 3PT Pullup Jump Shot,,,,IND,1610612754.0,
Shot Chart Detail,22100081,296,0,Opponent,1610612761,Toronto Raptors,2,3,48,Made Shot,Fadeaway Jump Shot,,Mid-Range,Right Side(R),8-16 ft.,14,147,10,1,1,20211030,IND,TOR,22100081296,|1627832|1628384|1629004|1630173|1630567,0,REG,,,2022,1628384|1630567,0.0,,,,,,,,IND,1610612754.0,
Shot Chart Detail,22100081,302,0,Opponent,1610612761,Toronto Raptors,2,2,57,Made Shot,Layup Shot,,Restricted Area,Center(C),Less Than 8 ft.,2,-17,15,1,1,20211030,IND,TOR,22100081302,|1627832|1628384|1629004|1630173|1630567,1,REG,,,2022,1630567,2.0,PF,Helper,0.63,Sabonis 2' Layup (14 PTS) (Duarte 3 AST),,,,IND,1610612754.0,1630537.0
Shot Chart Detail,22100081,311,0,Opponent,1610612761,Toronto Raptors,2,2,19,Missed Shot,Cutting Layup Shot,,Restricted Area,Center(C),Less Than 8 ft.,2,13,17,1,0,20211030,IND,TOR,22100081311,|1627832|1628384|1630173|1630201|1630567,0,REG,,,2022,1627832,0.0,PG,Point of Attack,0.9,MISS Duarte 2' Cutting Layup Shot,,,,IND,1610612754.0,
Shot Chart Detail,22100081,328,0,Opponent,1610612761,Toronto Raptors,2,1,7,Missed Shot,Jump Shot,,Above the Break 3,Center(C),24+ ft.,28,2,283,1,0,20211030,IND,TOR,22100081328,|1627832|1628384|1630173|1630201|1630567,0,REG,,,2022,,,,,,,,,,IND,1610612754.0,
Shot Chart Detail,22100081,333,0,Opponent,1610612761,Toronto Raptors,2,0,36,Missed Shot,Driving Layup Shot,,Restricted Area,Center(C),Less Than 8 ft.,2,1,23,1,0,20211030,IND,TOR,22100081333,|1627832|1628384|1630173|1630201|1630567,0,REG,,,2022,1630201,1.0,PG,Point of Attack,-0.52,MISS McConnell 2' Driving Layup,,,,IND,1610612754.0,
Shot Chart Detail,22100081,337,0,Opponent,1610612761,Toronto Raptors,2,0,3,Missed Shot,Pullup Jump shot,,Above the Break 3,Right Side Center(RC),24+ ft.,25,142,215,1,0,20211030,IND,TOR,22100081337,|1627832|1628384|1630173|1630201|1630567,0,REG,,,2022,1628384,1.0,SF,Wing Stopper,1.03,MISS Duarte 26' 3PT Pullup Jump Shot,,,,IND,1610612754.0,
Shot Chart Detail,22100081,344,0,Opponent,1610612761,Toronto Raptors,3,11,49,Missed Shot,Jump Shot,,Above the Break 3,Center(C),24+ ft.,28,-55,277,1,0,20211030,IND,TOR,22100081344,|1627832|1628384|1629018|1630173|1630567,0,REG,,,2022,1630567,1.0,PF,Helper,0.63,MISS Holiday 28' 3PT Jump Shot,,,,IND,1610612754.0,
Shot Chart Detail,22100081,352,0,Opponent,1610612761,Toronto Raptors,3,10,59,Missed Shot,Jump Shot,,Above the Break 3,Left Side Center(LC),24+ ft.,26,-234,119,1,0,20211030,IND,TOR,22100081352,|1627832|1628384|1629018|1630173|1630567,0,REG,,,2022,1630567,-2.0,PF,Helper,0.63,MISS Holiday 26' 3PT Jump Shot,,,,IND,1610612754.0,
Shot Chart Detail,22100081,357,0,Opponent,1610612761,Toronto Raptors,3,10,52,Missed Shot,Jump Shot,,Above the Break 3,Center(C),24+ ft.,26,-53,264,1,0,20211030,IND,TOR,22100081357,|1627832|1628384|1629018|1630173|1630567,0,REG,,,2022,1630567,-2.0,PF,Helper,0.63,MISS Holiday 27' 3PT Jump Shot,,,,IND,1610612754.0,
Shot Chart Detail,22100081,369,0,Opponent,1610612761,Toronto Raptors,3,9,59,Missed Shot,Alley Oop Layup shot,,Restricted Area,Center(C),Less Than 8 ft.,2,21,6,1,0,20211030,IND,TOR,22100081369,|1627832|1628384|1629018|1630173|1630567,0,REG,,,2022,1630567,-2.0,PF,Helper,0.63,MISS Sabonis 2' Alley Oop Layup,,,,IND,1610612754.0,
Shot Chart Detail,22100081,375,0,Opponent,1610612761,Toronto Raptors,3,9,37,Made Shot,Layup Shot,,Restricted Area,Center(C),Less Than 8 ft.,2,20,20,1,1,20211030,IND,TOR,22100081375,|1627832|1628384|1629018|1630173|1630567,1,REG,,,2022,1627832|1629018,0.0,,,,,,,,IND,1610612754.0,1626167.0
Shot Chart Detail,22100081,379,0,Opponent,1610612761,Toronto Raptors,3,9,15,Made Shot,Driving Finger Roll Layup Shot,,In The Paint (Non-RA),Center(C),Less Than 8 ft.,4,1,43,1,1,20211030,IND,TOR,22100081379,|1627832|1628384|1629018|1630173|1630567,1,REG,,,2022,1627832|1629018,2.0,,,,,,,,IND,1610612754.0,204456.0
Shot Chart Detail,22100081,395,0,Opponent,1610612761,Toronto Raptors,3,8,6,Made Shot,Cutting Layup Shot,,Restricted Area,Center(C),Less Than 8 ft.,1,-18,1,1,1,20211030,IND,TOR,22100081395,|1627832|1628384|1629018|1630567|203920,1,REG,,,2022,1630567,1.0,PF,Helper,0.63,Holiday 2' Cutting Layup Shot (8 PTS) (McConnell 4 AST),,,,IND,1610612754.0,204456.0
Shot Chart Detail,22100081,406,0,Opponent,1610612761,Toronto Raptors,3,7,18,Missed Shot,Jump Shot,,Above the Break 3,Center(C),24+ ft.,24,-31,245,1,0,20211030,IND,TOR,22100081406,|1627832|1628384|1629018|1630567|203920,0,REG,,,2022,203920,1.0,C,Mobile Big,0.63,MISS Sabonis 25' 3PT Jump Shot,,,,IND,1610612754.0,
Shot Chart Detail,22100081,408,0,Opponent,1610612761,Toronto Raptors,3,7,6,Made Shot,Layup Shot,,Restricted Area,Center(C),Less Than 8 ft.,2,-18,11,1,1,20211030,IND,TOR,22100081408,|1627832|1628384|1629018|1630567|203920,1,REG,,,2022,203920,3.0,C,Mobile Big,0.63,Sabonis 2' Layup (17 PTS) (Lamb 1 AST),,,,IND,1610612754.0,203087.0
Shot Chart Detail,22100081,412,0,Opponent,1610612761,Toronto Raptors,3,6,48,Missed Shot,Jump Shot,,Right Corner 3,Right Side(R),24+ ft.,24,233,62,1,0,20211030,IND,TOR,22100081412,|1627832|1628384|1629018|1630567|203920,0,REG,,,2022,203920,3.0,C,Mobile Big,0.63,MISS Holiday 24' 3PT Jump Shot,,,,IND,1610612754.0,
Shot Chart Detail,22100081,415,0,Opponent,1610612761,Toronto Raptors,3,6,19,Made Shot,Jump Shot,,Right Corner 3,Right Side(R),24+ ft.,22,225,32,1,1,20211030,IND,TOR,22100081415,|1627832|1628384|1629018|1630567|203920,1,REG,,,2022,1630567,4.0,PF,Helper,0.63,Holiday 3PT Jump Shot (11 PTS) (Sabonis 1 AST),,,,IND,1610612754.0,1627734.0
Shot Chart Detail,22100081,430,0,Opponent,1610612761,Toronto Raptors,3,4,34,Missed Shot,Jump Shot,,Above the Break 3,Center(C),24+ ft.,27,75,266,1,0,20211030,IND,TOR,22100081430,|1627832|1628384|1628449|1629004|203920,0,REG,,,2022,1628384,-1.0,SF,Wing Stopper,1.03,MISS Lamb 28' 3PT Jump Shot,,,,IND,1610612754.0,
Shot Chart Detail,22100081,434,0,Opponent,1610612761,Toronto Raptors,3,3,49,Missed Shot,Jump Shot,,Above the Break 3,Left Side Center(LC),24+ ft.,25,-135,218,1,0,20211030,IND,TOR,22100081434,|1627832|1628384|1628449|1629004|203920,0,REG,,,2022,1628384,-3.0,SF,Wing Stopper,1.03,MISS Turner 26' 3PT Jump Shot,,,,IND,1610612754.0,
Shot Chart Detail,22100081,444,0,Opponent,1610612761,Toronto Raptors,3,3,36,Missed Shot,Jump Shot,,Above the Break 3,Right Side Center(RC),24+ ft.,25,93,235,1,0,20211030,IND,TOR,22100081444,|1628384|1628449|1629004|1630625|203920,0,REG,,,2022,1628449,-3.0,SF,Helper,0.4,MISS Craig 25' 3PT Jump Shot,,,,IND,1610612754.0,
Shot Chart Detail,22100081,448,0,Opponent,1610612761,Toronto Raptors,3,3,7,Made Shot,Running Jump Shot,,Above the Break 3,Right Side Center(RC),24+ ft.,25,100,234,1,1,20211030,IND,TOR,22100081448,|1628384|1628449|1629004|1630625|203920,1,REG,,,2022,1628384,0.0,SF,Wing Stopper,1.03,Lamb 25' 3PT Running Jump Shot (8 PTS) (McConnell 5 AST),,,,IND,1610612754.0,204456.0
Shot Chart Detail,22100081,456,0,Opponent,1610612761,Toronto Raptors,3,2,42,Missed Shot,Jump Shot,,Left Corner 3,Left Side(L),24+ ft.,22,-222,17,1,0,20211030,IND,TOR,22100081456,|1628384|1628449|1629004|1630625|203920,0,REG,,,2022,1628449,0.0,SF,Helper,0.4,MISS Brissett 3PT Jump Shot,,,,IND,1610612754.0,
Shot Chart Detail,22100081,459,0,Opponent,1610612761,Toronto Raptors,3,2,0,Missed Shot,Jump Shot,,Above the Break 3,Left Side Center(LC),24+ ft.,26,-110,240,1,0,20211030,IND,TOR,22100081459,|1628384|1628449|1629004|1630625|203920,0,REG,,,2022,1629004,0.0,SF,Chaser,-0.31,MISS Lamb 26' 3PT Jump Shot,,,,IND,1610612754.0,
Shot Chart Detail,22100081,474,0,Opponent,1610612761,Toronto Raptors,3,1,24,Missed Shot,Step Back Jump shot,,Mid-Range,Right Side Center(RC),16-24 ft.,20,67,197,1,0,20211030,IND,TOR,22100081474,|1628384|1628449|1629004|1630625|203920,0,REG,,,2022,1630625,-3.0,PG,Chaser,0.27,MISS Wanamaker 21' Step Back Jump Shot,,,,IND,1610612754.0,
Shot Chart Detail,22100081,479,0,Opponent,1610612761,Toronto Raptors,3,1,3,Made Shot,Jump Shot,,Above the Break 3,Right Side Center(RC),24+ ft.,25,216,126,1,1,20211030,IND,TOR,22100081479,|1628384|1628449|1629004|1630625|203920,1,REG,,,2022,1630625,0.0,PG,Chaser,0.27,Lamb 25' 3PT Jump Shot (11 PTS) (Duarte 4 AST),,,,IND,1610612754.0,1630537.0
Shot Chart Detail,22100081,487,0,Opponent,1610612761,Toronto Raptors,3,0,29,Made Shot,Running Finger Roll Layup Shot,,Restricted Area,Center(C),Less Than 8 ft.,2,-20,13,1,1,20211030,IND,TOR,22100081487,|1628384|1628449|1629004|1630625|203920,1,REG,,,2022,1628384,2.0,SF,Wing Stopper,1.03,Brissett 2' Running Finger Roll Layup (2 PTS) (Duarte 5 AST),,,,IND,1610612754.0,1630537.0
Shot Chart Detail,22100081,495,0,Opponent,1610612761,Toronto Raptors,3,0,0,Missed Shot,Pullup Jump shot,,Mid-Range,Left Side(L),8-16 ft.,13,-130,15,1,0,20211030,IND,TOR,22100081495,|1628384|1628449|1629004|1630567|1630625,0,REG,,,2022,1628449|1629004,-1.0,,,,,,,,IND,1610612754.0,
Shot Chart Detail,22100081,506,0,Opponent,1610612761,Toronto Raptors,4,11,22,Missed Shot,Driving Layup Shot,,Restricted Area,Center(C),Less Than 8 ft.,2,-21,5,1,0,20211030,IND,TOR,22100081506,|1627832|1629004|1630567|1630625|203920,0,REG,,,2022,203920|1629004,-3.0,,,,,,,,IND,1610612754.0,
Shot Chart Detail,22100081,508,0,Opponent,1610612761,Toronto Raptors,4,11,19,Made Shot,Tip Layup Shot,,Restricted Area,Center(C),Less Than 8 ft.,0,0,0,1,1,20211030,IND,TOR,22100081508,|1627832|1629004|1630567|1630625|203920,0,REG,,,2022,1630625|1629004,-1.0,,,,,,,,IND,1610612754.0,
Shot Chart Detail,22100081,511,0,Opponent,1610612761,Toronto Raptors,4,10,52,Missed Shot,Jump Shot,,Above the Break 3,Center(C),24+ ft.,25,-2,251,1,0,20211030,IND,TOR,22100081511,|1627832|1629004|1630567|1630625|203920,0,REG,,,2022,203920,-1.0,C,Mobile Big,0.63,MISS Sabonis 25' 3PT Jump Shot,,,,IND,1610612754.0,
Shot Chart Detail,22100081,519,0,Opponent,1610612761,Toronto Raptors,4,9,54,Missed Shot,Driving Layup Shot,,Restricted Area,Center(C),Less Than 8 ft.,3,-25,27,1,0,20211030,IND,TOR,22100081519,|1627832|1629004|1630567|1630625|203920,0,REG,,,2022,203920,-4.0,C,Mobile Big,0.63,MISS Brissett 4' Driving Layup,,,,IND,1610612754.0,
Shot Chart Detail,22100081,541,0,Opponent,1610612761,Toronto Raptors,4,9,18,Missed Shot,Pullup Jump shot,,Above the Break 3,Center(C),24+ ft.,24,53,243,1,0,20211030,IND,TOR,22100081541,|1627832|1629004|1630567|1630625|203920,0,REG,,,2022,1629004,-7.0,SF,Chaser,-0.31,MISS Holiday 25' 3PT Pullup Jump Shot,,,,IND,1610612754.0,
Shot Chart Detail,22100081,546,0,Opponent,1610612761,Toronto Raptors,4,8,51,Made Shot,Running Pull-Up Jump Shot,,Above the Break 3,Right Side Center(RC),24+ ft.,24,191,150,1,1,20211030,IND,TOR,22100081546,|1627832|1629004|1630567|1630625|203920,1,REG,,,2022,203920,-4.0,C,Mobile Big,0.63,Duarte 24' 3PT Running Pull-Up Jump Shot (7 PTS) (McConnell 6 AST),,,,IND,1610612754.0,204456.0
Shot Chart Detail,22100081,550,0,Opponent,1610612761,Toronto Raptors,4,8,5,Missed Shot,Pullup Jump shot,,Above the Break 3,Left Side Center(LC),24+ ft.,25,-174,187,1,0,20211030,IND,TOR,22100081550,|1627832|1629004|1630567|1630625|203920,0,REG,,,2022,203920,-4.0,C,Mobile Big,0.63,MISS Duarte 26' 3PT Pullup Jump Shot,,,,IND,1610612754.0,
Shot Chart Detail,22100081,554,0,Opponent,1610612761,Toronto Raptors,4,7,38,Missed Shot,Layup Shot,,In The Paint (Non-RA),Center(C),Less Than 8 ft.,4,-48,11,1,0,20211030,IND,TOR,22100081554,|1627832|1629004|1630567|1630625|203920,0,REG,,,2022,1627832,-6.0,PG,Point of Attack,0.9,MISS Bitadze 5' Layup,,,,IND,1610612754.0,
Shot Chart Detail,22100081,556,0,Opponent,1610612761,Toronto Raptors,4,7,30,Made Shot,Jump Shot,,Above the Break 3,Left Side Center(LC),24+ ft.,25,-228,124,1,1,20211030,IND,TOR,22100081556,|1627832|1629004|1630567|1630625|203920,0,REG,,,2022,1629004,-3.0,SF,Chaser,-0.31,Duarte 26' 3PT Jump Shot (10 PTS),,,,IND,1610612754.0,
Shot Chart Detail,22100081,561,0,Opponent,1610612761,Toronto Raptors,4,7,2,Missed Shot,Jump Shot,,Above the Break 3,Left Side Center(LC),24+ ft.,25,-184,177,1,0,20211030,IND,TOR,22100081561,|1627832|1629004|1630567|1630625|203920,0,REG,,,2022,203920,-3.0,C,Mobile Big,0.63,MISS Sabonis 26' 3PT Jump Shot,,,,IND,1610612754.0,
Shot Chart Detail,22100081,578,0,Opponent,1610612761,Toronto Raptors,4,6,24,Made Shot,Driving Reverse Layup Shot,,Restricted Area,Center(C),Less Than 8 ft.,2,-22,14,1,1,20211030,IND,TOR,22100081578,|1627832|1628384|1629018|1630567|1630625,1,REG,,,2022,1629018,-3.0,SG,Chaser,0.19,McConnell 3' Driving Reverse Layup (4 PTS) (Bitadze 1 AST),,,,IND,1610612754.0,1629048.0
Shot Chart Detail,22100081,587,0,Opponent,1610612761,Toronto Raptors,4,5,11,Missed Shot,Jump Shot,,Left Corner 3,Left Side(L),24+ ft.,22,-225,16,1,0,20211030,IND,TOR,22100081587,|1627832|1628384|1629018|1630567|1630625,0,REG,,,2022,1630625,-6.0,PG,Chaser,0.27,MISS Holiday 3PT Jump Shot,,,,IND,1610612754.0,
Shot Chart Detail,22100081,592,0,Opponent,1610612761,Toronto Raptors,4,4,50,Made Shot,Driving Finger Roll Layup Shot,,Restricted Area,Center(C),Less Than 8 ft.,1,-18,8,1,1,20211030,IND,TOR,22100081592,|1627832|1628384|1629018|1630567|1630625,0,REG,,,2022,1627832,-4.0,PG,Point of Attack,0.9,McConnell 2' Driving Finger Roll Layup (6 PTS),,,,IND,1610612754.0,
Shot Chart Detail,22100081,601,0,Opponent,1610612761,Toronto Raptors,4,4,18,Made Shot,Jump Shot,,Left Corner 3,Left Side(L),24+ ft.,23,-234,10,1,1,20211030,IND,TOR,22100081601,|1627832|1628384|1629018|1630567|203920,1,REG,,,2022,203920,-1.0,C,Mobile Big,0.63,Turner 3PT Jump Shot (7 PTS) (McConnell 7 AST),,,,IND,1610612754.0,204456.0
Shot Chart Detail,22100081,605,0,Opponent,1610612761,Toronto Raptors,4,3,41,Missed Shot,Jump Shot,,Above the Break 3,Center(C),24+ ft.,26,-5,263,1,0,20211030,IND,TOR,22100081605,|1627832|1628384|1629018|1630567|203920,0,REG,,,2022,1628384,-3.0,SF,Wing Stopper,1.03,MISS Turner 26' 3PT Jump Shot,,,,IND,1610612754.0,
Shot Chart Detail,22100081,609,0,Opponent,1610612761,Toronto Raptors,4,3,4,Made Shot,Jump Shot,,Above the Break 3,Center(C),24+ ft.,25,-32,253,1,1,20211030,IND,TOR,22100081609,|1627832|1628384|1629018|1630567|203920,1,REG,,,2022,1629018,-3.0,SG,Chaser,0.19,Turner 26' 3PT Jump Shot (10 PTS) (Sabonis 2 AST),,,,IND,1610612754.0,1627734.0
Shot Chart Detail,22100081,621,0,Opponent,1610612761,Toronto Raptors,4,2,7,Missed Shot,Pullup Jump shot,,Above the Break 3,Right Side Center(RC),24+ ft.,24,109,224,1,0,20211030,IND,TOR,22100081621,|1627832|1628384|1629018|1630567|203920,0,REG,,,2022,203920,-5.0,C,Mobile Big,0.63,MISS Duarte 25' 3PT Pullup Jump Shot,,,,IND,1610612754.0,
Shot Chart Detail,22100081,626,0,Opponent,1610612761,Toronto Raptors,4,1,21,Made Shot,Driving Finger Roll Layup Shot,,Restricted Area,Center(C),Less Than 8 ft.,2,23,-1,1,1,20211030,IND,TOR,22100081626,|1627832|1628384|1629018|1630567|203920,1,REG,,,2022,1627832,-6.0,PG,Point of Attack,0.9,Holiday 2' Driving Finger Roll Layup (13 PTS) (Duarte 6 AST),,,,IND,1610612754.0,1630537.0
Shot Chart Detail,22100081,630,0,Opponent,1610612761,Toronto Raptors,4,0,58,Missed Shot,Driving Layup Shot,,Restricted Area,Center(C),Less Than 8 ft.,2,18,10,1,0,20211030,IND,TOR,22100081630,|1627832|1628384|1629018|1630567|203920,0,REG,,,2022,1628384,-8.0,SF,Wing Stopper,1.03,MISS Duarte 2' Driving Layup,,,,IND,1610612754.0,
Shot Chart Detail,22100081,632,0,Opponent,1610612761,Toronto Raptors,4,0,56,Made Shot,Putback Layup Shot,,Restricted Area,Center(C),Less Than 8 ft.,1,16,9,1,1,20211030,IND,TOR,22100081632,|1627832|1628384|1629018|1630567|203920,0,REG,,,2022,203920|1628384,-6.0,,,,,,,,IND,1610612754.0,
Shot Chart Detail,22100081,638,0,Opponent,1610612761,Toronto Raptors,4,0,27,Made Shot,Pullup Jump shot,,Above the Break 3,Center(C),24+ ft.,26,65,257,1,1,20211030,IND,TOR,22100081638,|1627832|1628384|1629018|1630567|203920,1,REG,,,2022,1628384,-3.0,SF,Wing Stopper,1.03,Holiday 27' 3PT Pullup Jump Shot (16 PTS) (Turner 4 AST),,,,IND,1610612754.0,1626167.0
Shot Chart Detail,22100081,645,0,Opponent,1610612761,Toronto Raptors,4,0,8,Made Shot,Jump Shot,,Above the Break 3,Left Side Center(LC),24+ ft.,25,-137,218,1,1,20211030,IND,TOR,22100081645,|1627832|1628384|1629018|1630567|203920,1,REG,,,2022,203920,-1.0,C,Mobile Big,0.63,Sabonis 26' 3PT Jump Shot (22 PTS) (Holiday 1 AST),,,,IND,1610612754.0,203200.0
Shot Chart Detail,22100081,653,0,Opponent,1610612761,Toronto Raptors,4,0,1,Missed Shot,Jump Bank Shot,,Above the Break 3,Right Side Center(RC),24+ ft.,32,138,293,1,0,20211030,IND,TOR,22100081653,|1627832|1628384|1629018|1630567|203920,0,REG,,,2022,203920,-3.0,C,Mobile Big,0.63,MISS Sabonis 32' 3PT Jump Bank Shot,,,,IND,1610612754.0,
Shot Chart Detail,22100099,8,0,Opponent,1610612761,Toronto Raptors,1,11,32,Missed Shot,Jump Shot,,Above the Break 3,Left Side Center(LC),24+ ft.,26,-102,244,1,0,20211101,NYK,TOR,221000998,|1627832|1628384|1629004|1629018|1630173,0,REG,,,2022,1629004,0.0,SF,Chaser,-0.31,MISS Fournier 26' 3PT Jump Shot,,,,NYK,1610612752.0,
Shot Chart Detail,22100099,13,0,Opponent,1610612761,Toronto Raptors,1,10,56,Missed Shot,Pullup Jump shot,,In The Paint (Non-RA),Right Side(R),8-16 ft.,11,67,96,1,0,20211101,NYK,TOR,2210009913,|1627832|1628384|1629004|1629018|1630173,0,REG,,,2022,1628384,0.0,SF,Wing Stopper,1.03,MISS Barrett 12' Pullup Jump Shot,,,,NYK,1610612752.0,
Shot Chart Detail,22100099,16,0,Opponent,1610612761,Toronto Raptors,1,10,27,Made Shot,Jump Shot,,Left Corner 3,Left Side(L),24+ ft.,24,-241,-1,1,1,20211101,NYK,TOR,2210009916,|1627832|1628384|1629004|1629018|1630173,1,REG,,,2022,1627832,1.0,PG,Point of Attack,0.9,Randle 24' 3PT Jump Shot (3 PTS) (Walker 1 AST),,,,NYK,1610612752.0,202689.0
Shot Chart Detail,22100099,20,0,Opponent,1610612761,Toronto Raptors,1,9,53,Made Shot,Jump Shot,,Right Corner 3,Right Side(R),24+ ft.,22,225,1,1,1,20211101,NYK,TOR,2210009920,|1627832|1628384|1629004|1629018|1630173,1,REG,,,2022,1628384,4.0,SF,Wing Stopper,1.03,Barrett 3PT Jump Shot (3 PTS) (Randle 1 AST),,,,NYK,1610612752.0,203944.0
Shot Chart Detail,22100099,33,0,Opponent,1610612761,Toronto Raptors,1,8,57,Missed Shot,Pullup Jump shot,,Above the Break 3,Right Side Center(RC),24+ ft.,25,96,231,1,0,20211101,NYK,TOR,2210009933,|1627832|1628384|1629004|1629018|1630173,0,REG,,,2022,1627832,2.0,PG,Point of Attack,0.9,MISS Walker 25' 3PT Pullup Jump Shot,,,,NYK,1610612752.0,
Shot Chart Detail,22100099,38,0,Opponent,1610612761,Toronto Raptors,1,8,24,Made Shot,Jump Shot,,Above the Break 3,Right Side Center(RC),24+ ft.,25,141,218,1,1,20211101,NYK,TOR,2210009938,|1627832|1628384|1629004|1629018|1630173,1,REG,,,2022,1629004,5.0,SF,Chaser,-0.31,Randle 26' 3PT Jump Shot (6 PTS) (Fournier 1 AST),,,,NYK,1610612752.0,203095.0
Shot Chart Detail,22100099,42,0,Opponent,1610612761,Toronto Raptors,1,7,46,Missed Shot,Jump Shot,,Above the Break 3,Center(C),24+ ft.,25,77,243,1,0,20211101,NYK,TOR,2210009942,|1627832|1628384|1629004|1629018|1630173,0,REG,,,2022,1629018,5.0,SG,Chaser,0.19,MISS Walker 25' 3PT Jump Shot,,,,NYK,1610612752.0,
Shot Chart Detail,22100099,51,0,Opponent,1610612761,Toronto Raptors,1,7,24,Made Shot,Pullup Jump shot,,Above the Break 3,Center(C),24+ ft.,25,-62,249,1,1,20211101,NYK,TOR,2210009951,|1627832|1628384|1629004|1629018|1630173,0,REG,,,2022,1630173,5.0,C,Mobile Big,0.24,Fournier 26' 3PT Pullup Jump Shot (3 PTS),,,,NYK,1610612752.0,
Shot Chart Detail,22100099,54,0,Opponent,1610612761,Toronto Raptors,1,6,39,Missed Shot,Step Back Jump shot,,Left Corner 3,Left Side(L),24+ ft.,23,-238,22,1,0,20211101,NYK,TOR,2210009954,|1627832|1628384|1629004|1629018|1630173,0,REG,,,2022,1627832,2.0,PG,Point of Attack,0.9,MISS Randle 24' 3PT Step Back Jump Shot,,,,NYK,1610612752.0,
Shot Chart Detail,22100099,64,0,Opponent,1610612761,Toronto Raptors,1,5,57,Made Shot,Alley Oop Layup shot,,Restricted Area,Center(C),Less Than 8 ft.,1,-2,11,1,1,20211101,NYK,TOR,2210009964,|1627832|1628384|1629004|1629018|1630173,1,REG,,,2022,1630173,4.0,C,Mobile Big,0.24,Robinson 1' Alley Oop Layup (2 PTS) (Fournier 2 AST),,,,NYK,1610612752.0,203095.0
Shot Chart Detail,22100099,71,0,Opponent,1610612761,Toronto Raptors,1,5,8,Missed Shot,Step Back Jump shot,,Above the Break 3,Left Side Center(LC),24+ ft.,26,-132,232,1,0,20211101,NYK,TOR,2210009971,|1627832|1628384|1629004|1629018|1630173,0,REG,,,2022,1629018,2.0,SG,Chaser,0.19,MISS Barrett 27' 3PT Step Back Jump Shot,,,,NYK,1610612752.0,
Shot Chart Detail,22100099,75,0,Opponent,1610612761,Toronto Raptors,1,4,46,Missed Shot,Alley Oop Dunk Shot,,Restricted Area,Center(C),Less Than 8 ft.,1,13,2,1,0,20211101,NYK,TOR,2210009975,|1627832|1628384|1629004|1629018|1630173,0,REG,,,2022,1630173,2.0,C,Mobile Big,0.24,MISS Robinson 1' Alley Oop Dunk,,,,NYK,1610612752.0,
Shot Chart Detail,22100099,92,0,Opponent,1610612761,Toronto Raptors,1,3,58,Made Shot,Pullup Jump shot,,Mid-Range,Center(C),16-24 ft.,19,-4,196,1,1,20211101,NYK,TOR,2210009992,|1627832|1628384|1629018|1630625|203920,1,REG,,,2022,1628384,6.0,SF,Wing Stopper,1.03,Randle 20' Pullup Jump Shot (10 PTS) (Rose 1 AST),,,,NYK,1610612752.0,201565.0
Shot Chart Detail,22100099,96,0,Opponent,1610612761,Toronto Raptors,1,3,27,Made Shot,Jump Shot,,Above the Break 3,Left Side Center(LC),24+ ft.,25,-202,154,1,1,20211101,NYK,TOR,2210009996,|1627832|1628384|1629018|1630625|203920,1,REG,,,2022,1628384,7.0,SF,Wing Stopper,1.03,Fournier 25' 3PT Jump Shot (6 PTS) (Randle 2 AST),,,,NYK,1610612752.0,203944.0
Shot Chart Detail,22100099,100,0,Opponent,1610612761,Toronto Raptors,1,2,54,Made Shot,Jump Shot,,Above the Break 3,Right Side Center(RC),24+ ft.,25,134,214,1,1,20211101,NYK,TOR,22100099100,|1627832|1628384|1629018|1630625|203920,1,REG,,,2022,1627832,10.0,PG,Point of Attack,0.9,Barrett 25' 3PT Jump Shot (8 PTS) (Randle 3 AST),,,,NYK,1610612752.0,203944.0
Shot Chart Detail,22100099,109,0,Opponent,1610612761,Toronto Raptors,1,2,20,Missed Shot,Driving Floating Jump Shot,,In The Paint (Non-RA),Center(C),Less Than 8 ft.,5,31,49,1,0,20211101,NYK,TOR,22100099109,|1628384|1628449|1629018|1630625|203920,0,REG,,,2022,1630625,8.0,PG,Chaser,0.27,MISS Rose 6' Driving Floating Jump Shot,,,,NYK,1610612752.0,
Shot Chart Detail,22100099,112,0,Opponent,1610612761,Toronto Raptors,1,1,54,Made Shot,Step Back Jump shot,,Above the Break 3,Left Side Center(LC),24+ ft.,26,-162,204,1,1,20211101,NYK,TOR,22100099112,|1628384|1628449|1629018|1630625|203920,0,REG,,,2022,203920,9.0,C,Mobile Big,0.63,Randle 26' 3PT Step Back Jump Shot (13 PTS),,,,NYK,1610612752.0,
Shot Chart Detail,22100099,127,0,Opponent,1610612761,Toronto Raptors,1,0,47,Missed Shot,Layup Shot,,In The Paint (Non-RA),Center(C),Less Than 8 ft.,4,-13,39,1,0,20211101,NYK,TOR,22100099127,|1628384|1628449|1629018|1630625|203920,0,REG,,,2022,1630625,7.0,PG,Chaser,0.27,MISS Rose 4' Layup,,,,NYK,1610612752.0,
Shot Chart Detail,22100099,133,0,Opponent,1610612761,Toronto Raptors,1,0,9,Made Shot,Pullup Jump shot,,Above the Break 3,Left Side Center(LC),24+ ft.,25,-118,223,1,1,20211101,NYK,TOR,22100099133,|1628384|1628449|1629018|1630625|203920,0,REG,,,2022,1628384,8.0,SF,Wing Stopper,1.03,Randle 25' 3PT Pullup Jump Shot (18 PTS),,,,NYK,1610612752.0,
Shot Chart Detail,22100099,145,0,Opponent,1610612761,Toronto Raptors,2,11,24,Missed Shot,Jump Shot,,Right Corner 3,Right Side(R),24+ ft.,22,228,-15,1,0,20211101,NYK,TOR,22100099145,|1627832|1628449|1629004|1630625|203920,0,REG,,,2022,1629004,8.0,SF,Chaser,-0.31,MISS Quickley 3PT Jump Shot,,,,NYK,1610612752.0,
Shot Chart Detail,22100099,149,0,Opponent,1610612761,Toronto Raptors,2,11,16,Made Shot,Pullup Jump shot,,Mid-Range,Right Side(R),16-24 ft.,19,190,29,1,1,20211101,NYK,TOR,22100099149,|1627832|1628449|1629004|1630625|203920,1,REG,,,2022,1629004,10.0,SF,Chaser,-0.31,Burks 19' Pullup Jump Shot (2 PTS) (Gibson 1 AST),,,,NYK,1610612752.0,201959.0
Shot Chart Detail,22100099,153,0,Opponent,1610612761,Toronto Raptors,2,10,48,Missed Shot,Driving Layup Shot,,Restricted Area,Center(C),Less Than 8 ft.,1,-11,7,1,0,20211101,NYK,TOR,22100099153,|1627832|1628449|1629004|1630625|203920,0,REG,,,2022,1627832|203920,10.0,,,,,,,,NYK,1610612752.0,
Shot Chart Detail,22100099,160,0,Opponent,1610612761,Toronto Raptors,2,10,8,Missed Shot,Jump Shot,,Above the Break 3,Left Side Center(LC),24+ ft.,25,-203,148,1,0,20211101,NYK,TOR,22100099160,|1627832|1628449|1629004|1630625|203920,0,REG,,,2022,1630625,10.0,PG,Chaser,0.27,MISS Quickley 25' 3PT Jump Shot,,,,NYK,1610612752.0,
Shot Chart Detail,22100099,163,0,Opponent,1610612761,Toronto Raptors,2,9,44,Made Shot,Jump Shot,,Above the Break 3,Left Side Center(LC),24+ ft.,25,-127,216,1,1,20211101,NYK,TOR,22100099163,|1627832|1628449|1629004|1630625|203920,1,REG,,,2022,1630625,13.0,PG,Chaser,0.27,Burks 25' 3PT Jump Shot (5 PTS) (Quickley 1 AST),,,,NYK,1610612752.0,1630193.0
Shot Chart Detail,22100099,168,0,Opponent,1610612761,Toronto Raptors,2,9,12,Made Shot,Cutting Layup Shot,,Restricted Area,Center(C),Less Than 8 ft.,1,7,8,1,1,20211101,NYK,TOR,22100099168,|1627832|1628449|1629004|1630625|203920,1,REG,,,2022,203920,15.0,C,Mobile Big,0.63,Toppin 1' Cutting Layup Shot (2 PTS) (Quickley 2 AST),,,,NYK,1610612752.0,1630193.0
Shot Chart Detail,22100099,173,0,Opponent,1610612761,Toronto Raptors,2,8,36,Missed Shot,Driving Finger Roll Layup Shot,,Restricted Area,Center(C),Less Than 8 ft.,1,6,11,1,0,20211101,NYK,TOR,22100099173,|1627832|1628449|1629004|1630625|203920,0,REG,,,2022,203920,15.0,C,Mobile Big,0.63,MISS Burks 1' Driving Finger Roll Layup,,,,NYK,1610612752.0,
Shot Chart Detail,22100099,189,0,Opponent,1610612761,Toronto Raptors,2,7,44,Made Shot,Driving Floating Jump Shot,,In The Paint (Non-RA),Center(C),8-16 ft.,9,-28,95,1,1,20211101,NYK,TOR,22100099189,|1627832|1628384|1629004|1629018|1630173,1,REG,,,2022,1627832,13.0,PG,Point of Attack,0.9,Rose 10' Driving Floating Jump Shot (2 PTS) (Quickley 3 AST),,,,NYK,1610612752.0,1630193.0
Shot Chart Detail,22100099,203,0,Opponent,1610612761,Toronto Raptors,2,7,7,Missed Shot,Cutting Layup Shot,,Restricted Area,Center(C),Less Than 8 ft.,1,1,12,1,0,20211101,NYK,TOR,22100099203,|1627832|1628384|1629004|1629018|1630173,0,REG,,,2022,1628384,10.0,SF,Wing Stopper,1.03,MISS Toppin 1' Cutting Layup Shot,,,,NYK,1610612752.0,
Shot Chart Detail,22100099,219,0,Opponent,1610612761,Toronto Raptors,2,6,36,Made Shot,Alley Oop Dunk Shot,,Restricted Area,Center(C),Less Than 8 ft.,0,2,7,1,1,20211101,NYK,TOR,22100099219,|1627832|1628384|1629004|1629018|1630173,1,REG,,,2022,1629004,13.0,SF,Chaser,-0.31,Toppin 1' Alley Oop Dunk (5 PTS) (Walker 2 AST),,,,NYK,1610612752.0,202689.0
Shot Chart Detail,22100099,236,0,Opponent,1610612761,Toronto Raptors,2,5,19,Missed Shot,Jump Shot,,Left Corner 3,Left Side(L),24+ ft.,23,-232,0,1,0,20211101,NYK,TOR,22100099236,|1628384|1629004|1629018|1630173|1630201,0,REG,,,2022,1629004,11.0,SF,Chaser,-0.31,MISS Fournier 3PT Jump Shot,,,,NYK,1610612752.0,
Shot Chart Detail,22100099,241,0,Opponent,1610612761,Toronto Raptors,2,5,2,Made Shot,Cutting Layup Shot,,Restricted Area,Center(C),Less Than 8 ft.,1,-16,6,1,1,20211101,NYK,TOR,22100099241,|1628384|1629004|1629018|1630173|1630201,1,REG,,,2022,1630173,13.0,C,Mobile Big,0.24,Robinson 2' Cutting Layup Shot (4 PTS) (Randle 4 AST),,,,NYK,1610612752.0,203944.0
Shot Chart Detail,22100099,245,0,Opponent,1610612761,Toronto Raptors,2,4,32,Made Shot,Driving Finger Roll Layup Shot,,Restricted Area,Center(C),Less Than 8 ft.,2,-12,18,1,1,20211101,NYK,TOR,22100099245,|1628384|1629004|1629018|1630173|1630201,1,REG,,,2022,1630201|1630173,15.0,,,,,,,,NYK,1610612752.0,202689.0
Shot Chart Detail,22100099,252,0,Opponent,1610612761,Toronto Raptors,2,3,56,Missed Shot,Step Back Jump shot,,Mid-Range,Right Side(R),16-24 ft.,16,161,54,1,0,20211101,NYK,TOR,22100099252,|1628384|1629004|1629018|1630201|203920,0,REG,,,2022,1628384,15.0,SF,Wing Stopper,1.03,MISS Randle 17' Step Back Jump Shot,,,,NYK,1610612752.0,
Shot Chart Detail,22100099,256,0,Opponent,1610612761,Toronto Raptors,2,3,23,Missed Shot,Turnaround Fadeaway shot,,Mid-Range,Left Side Center(LC),16-24 ft.,18,-119,142,1,0,20211101,NYK,TOR,22100099256,|1628384|1629004|1629018|1630201|203920,0,REG,,,2022,1628384,12.0,SF,Wing Stopper,1.03,MISS Randle 19' Turnaround Fadeaway Shot,,,,NYK,1610612752.0,
Shot Chart Detail,22100099,270,0,Opponent,1610612761,Toronto Raptors,2,2,46,Made Shot,Cutting Layup Shot,,Restricted Area,Center(C),Less Than 8 ft.,0,2,-1,1,1,20211101,NYK,TOR,22100099270,|1628384|1629018|1630201|1630551|203920,1,REG,,,2022,1629018,12.0,SG,Chaser,0.19,Fournier Cutting Layup Shot (10 PTS) (Robinson 1 AST),,,,NYK,1610612752.0,1629011.0
Shot Chart Detail,22100099,281,0,Opponent,1610612761,Toronto Raptors,2,1,58,Missed Shot,Pullup Jump shot,,Above the Break 3,Center(C),24+ ft.,24,-49,242,1,0,20211101,NYK,TOR,22100099281,|1628384|1629018|1630201|1630551|203920,0,REG,,,2022,1630551,7.0,SF,Helper,-0.61,MISS Barrett 25' 3PT Pullup Jump Shot,,,,NYK,1610612752.0,
Shot Chart Detail,22100099,287,0,Opponent,1610612761,Toronto Raptors,2,1,33,Missed Shot,Pullup Jump shot,,Mid-Range,Right Side Center(RC),16-24 ft.,18,60,170,1,0,20211101,NYK,TOR,22100099287,|1628384|1629018|1630201|1630551|203920,0,REG,,,2022,1628384,7.0,SF,Wing Stopper,1.03,MISS Randle 18' Pullup Jump Shot,,,,NYK,1610612752.0,
Shot Chart Detail,22100099,289,0,Opponent,1610612761,Toronto Raptors,2,1,30,Missed Shot,Putback Dunk Shot,,Restricted Area,Center(C),Less Than 8 ft.,0,-4,2,1,0,20211101,NYK,TOR,22100099289,|1628384|1629018|1630201|1630551|203920,0,REG,,,2022,203920|1630201,7.0,,,,,,,,NYK,1610612752.0,
Shot Chart Detail,22100099,304,0,Opponent,1610612761,Toronto Raptors,2,0,33,Made Shot,Pullup Jump shot,,Above the Break 3,Right Side Center(RC),24+ ft.,24,161,189,1,1,20211101,NYK,TOR,22100099304,|1628384|1629018|1630201|1630551|203920,0,REG,,,2022,203920|1630201,7.0,,,,,,,,NYK,1610612752.0,
Shot Chart Detail,22100099,309,0,Opponent,1610612761,Toronto Raptors,2,0,2,Missed Shot,Pullup Jump shot,,Mid-Range,Left Side Center(LC),16-24 ft.,22,-120,193,1,0,20211101,NYK,TOR,22100099309,|1628384|1629018|1630201|1630551|203920,0,REG,,,2022,1629018|1630201|1628384,4.0,,,,,,,,NYK,1610612752.0,
Shot Chart Detail,22100099,327,0,Opponent,1610612761,Toronto Raptors,3,10,39,Missed Shot,Driving Floating Jump Shot,,In The Paint (Non-RA),Right Side(R),8-16 ft.,10,70,77,1,0,20211101,NYK,TOR,22100099327,|1627832|1628384|1629004|1629018|203920,0,REG,,,2022,203920,0.0,C,Mobile Big,0.63,MISS Walker 10' Driving Floating Jump Shot,,,,NYK,1610612752.0,
Shot Chart Detail,22100099,342,0,Opponent,1610612761,Toronto Raptors,3,10,8,Made Shot,Driving Layup Shot,,Restricted Area,Center(C),Less Than 8 ft.,0,2,8,1,1,20211101,NYK,TOR,22100099342,|1627832|1628384|1629004|1629018|203920,0,REG,,,2022,1629018,1.0,SG,Chaser,0.19,Barrett 1' Driving Layup (10 PTS),,,,NYK,1610612752.0,
Shot Chart Detail,22100099,348,0,Opponent,1610612761,Toronto Raptors,3,9,22,Made Shot,Driving Floating Jump Shot,,In The Paint (Non-RA),Center(C),Less Than 8 ft.,7,-10,74,1,1,20211101,NYK,TOR,22100099348,|1627832|1628384|1629004|1629018|203920,0,REG,,,2022,1627832,0.0,PG,Point of Attack,0.9,Fournier 7' Driving Floating Jump Shot (12 PTS),,,,NYK,1610612752.0,
Shot Chart Detail,22100099,354,0,Opponent,1610612761,Toronto Raptors,3,8,52,Missed Shot,Turnaround Fadeaway shot,,Mid-Range,Right Side(R),8-16 ft.,11,93,61,1,0,20211101,NYK,TOR,22100099354,|1627832|1628384|1629004|1629018|203920,0,REG,,,2022,1628384,0.0,SF,Wing Stopper,1.03,MISS Randle 11' Turnaround Fadeaway Shot,,,,NYK,1610612752.0,
Shot Chart Detail,22100099,357,0,Opponent,1610612761,Toronto Raptors,3,8,11,Missed Shot,Jump Shot,,Left Corner 3,Left Side(L),24+ ft.,23,-230,6,1,0,20211101,NYK,TOR,22100099357,|1627832|1628384|1629004|1629018|203920,0,REG,,,2022,1629004,-2.0,SF,Chaser,-0.31,MISS Fournier 3PT Jump Shot,,,,NYK,1610612752.0,
Shot Chart Detail,22100099,359,0,Opponent,1610612761,Toronto Raptors,3,8,7,Made Shot,Jump Shot,,Above the Break 3,Right Side Center(RC),24+ ft.,25,135,215,1,1,20211101,NYK,TOR,22100099359,|1627832|1628384|1629004|1629018|203920,1,REG,,,2022,1629018,1.0,SG,Chaser,0.19,Barrett 25' 3PT Jump Shot (13 PTS) (Robinson 2 AST),,,,NYK,1610612752.0,1629011.0
Shot Chart Detail,22100099,362,0,Opponent,1610612761,Toronto Raptors,3,7,42,Made Shot,Driving Layup Shot,,Restricted Area,Center(C),Less Than 8 ft.,1,-6,17,1,1,20211101,NYK,TOR,22100099362,|1627832|1628384|1629004|1629018|203920,1,REG,,,2022,1629018,1.0,SG,Chaser,0.19,Barrett 2' Driving Layup (15 PTS) (Randle 5 AST),,,,NYK,1610612752.0,203944.0
Shot Chart Detail,22100099,367,0,Opponent,1610612761,Toronto Raptors,3,7,0,Missed Shot,Pullup Jump shot,,Above the Break 3,Left Side Center(LC),24+ ft.,24,-110,224,1,0,20211101,NYK,TOR,22100099367,|1627832|1628384|1629004|1629018|203920,0,REG,,,2022,1628384,-2.0,SF,Wing Stopper,1.03,MISS Fournier 25' 3PT Pullup Jump Shot,,,,NYK,1610612752.0,
Shot Chart Detail,22100099,372,0,Opponent,1610612761,Toronto Raptors,3,6,39,Missed Shot,Driving Floating Jump Shot,,In The Paint (Non-RA),Center(C),8-16 ft.,10,5,100,1,0,20211101,NYK,TOR,22100099372,|1627832|1628384|1629004|1629018|203920,0,REG,,,2022,1629004,-2.0,SF,Chaser,-0.31,MISS Fournier 10' Driving Floating Jump Shot,,,,NYK,1610612752.0,
Shot Chart Detail,22100099,374,0,Opponent,1610612761,Toronto Raptors,3,6,36,Missed Shot,Putback Layup Shot,,Restricted Area,Center(C),Less Than 8 ft.,2,7,21,1,0,20211101,NYK,TOR,22100099374,|1627832|1628384|1629004|1629018|203920,0,REG,,,2022,1627832|1629004,-2.0,,,,,,,,NYK,1610612752.0,
Shot Chart Detail,22100099,378,0,Opponent,1610612761,Toronto Raptors,3,6,10,Made Shot,Jump Shot,,Above the Break 3,Left Side Center(LC),24+ ft.,24,-125,211,1,1,20211101,NYK,TOR,22100099378,|1627832|1628384|1629004|1629018|203920,1,REG,,,2022,1627832,-2.0,PG,Point of Attack,0.9,Walker 25' 3PT Jump Shot (8 PTS) (Robinson 3 AST),,,,NYK,1610612752.0,1629011.0
Shot Chart Detail,22100099,382,0,Opponent,1610612761,Toronto Raptors,3,5,36,Made Shot,Pullup Jump shot,,Above the Break 3,Right Side Center(RC),24+ ft.,26,121,232,1,1,20211101,NYK,TOR,22100099382,|1627832|1628384|1629004|1629018|203920,0,REG,,,2022,1627832|203920,-2.0,,,,,,,,NYK,1610612752.0,
Shot Chart Detail,22100099,384,0,Opponent,1610612761,Toronto Raptors,3,5,9,Missed Shot,Driving Layup Shot,,Restricted Area,Center(C),Less Than 8 ft.,1,10,10,1,0,20211101,NYK,TOR,22100099384,|1627832|1628384|1629004|1629018|203920,0,REG,,,2022,203920,-5.0,C,Mobile Big,0.63,MISS Walker 1' Driving Layup,,,,NYK,1610612752.0,
Shot Chart Detail,22100099,389,0,Opponent,1610612761,Toronto Raptors,3,11,33,Missed Shot,Jump Shot,,Above the Break 3,Center(C),24+ ft.,27,-38,269,1,0,20211101,NYK,TOR,22100099389,|1627832|1628384|1629004|1629018|203920,0,REG,,,2022,1628384,2.0,SF,Wing Stopper,1.03,MISS Randle 27' 3PT Jump Shot,,,,NYK,1610612752.0,
Shot Chart Detail,22100099,397,0,Opponent,1610612761,Toronto Raptors,3,4,40,Made Shot,Driving Layup Shot,,Restricted Area,Center(C),Less Than 8 ft.,1,-6,10,1,1,20211101,NYK,TOR,22100099397,|1627832|1628384|1629004|1629018|203920,0,REG,,,2022,1629004,-5.0,SF,Chaser,-0.31,Randle 1' Driving Layup (20 PTS),,,,NYK,1610612752.0,
Shot Chart Detail,22100099,414,0,Opponent,1610612761,Toronto Raptors,3,3,1,Missed Shot,Jump Shot,,Above the Break 3,Left Side Center(LC),24+ ft.,25,-83,237,1,0,20211101,NYK,TOR,22100099414,|1627832|1628384|1629004|1629018|203920,0,REG,,,2022,1627832,-11.0,PG,Point of Attack,0.9,MISS Fournier 25' 3PT Jump Shot,,,,NYK,1610612752.0,
Shot Chart Detail,22100099,429,0,Opponent,1610612761,Toronto Raptors,3,2,3,Made Shot,Driving Layup Shot,,Restricted Area,Center(C),Less Than 8 ft.,1,0,15,1,1,20211101,NYK,TOR,22100099429,|1627832|1628384|1629004|1629018|203920,0,REG,,,2022,203920,-10.0,C,Mobile Big,0.63,Barrett 2' Driving Layup (17 PTS),,,,NYK,1610612752.0,
Shot Chart Detail,22100099,434,0,Opponent,1610612761,Toronto Raptors,3,1,21,Missed Shot,Jump Shot,,Above the Break 3,Center(C),24+ ft.,24,-71,239,1,0,20211101,NYK,TOR,22100099434,|1627832|1628384|1629004|1629018|203920,0,REG,,,2022,203920,-12.0,C,Mobile Big,0.63,MISS Toppin 25' 3PT Jump Shot,,,,NYK,1610612752.0,
Shot Chart Detail,22100099,446,0,Opponent,1610612761,Toronto Raptors,3,0,45,Missed Shot,Driving Layup Shot,,Restricted Area,Center(C),Less Than 8 ft.,1,-17,0,1,0,20211101,NYK,TOR,22100099446,|1627832|1628384|1629004|1629018|203920,0,REG,,,2022,1628384,-14.0,SF,Wing Stopper,1.03,MISS Rose 2' Driving Layup,,,,NYK,1610612752.0,
Shot Chart Detail,22100099,472,0,Opponent,1610612761,Toronto Raptors,4,10,55,Missed Shot,Jump Shot,,Right Corner 3,Right Side(R),24+ ft.,23,239,21,1,0,20211101,NYK,TOR,22100099472,|1627832|1628449|1629018|1630173|1630201,0,REG,,,2022,1628449,-12.0,SF,Helper,0.4,MISS Rose 24' 3PT Jump Shot,,,,NYK,1610612752.0,
Shot Chart Detail,22100099,477,0,Opponent,1610612761,Toronto Raptors,4,10,37,Missed Shot,Pullup Jump shot,,Above the Break 3,Right Side Center(RC),24+ ft.,26,179,192,1,0,20211101,NYK,TOR,22100099477,|1627832|1628449|1629018|1630173|1630201,0,REG,,,2022,1628449,-12.0,SF,Helper,0.4,MISS Quickley 26' 3PT Pullup Jump Shot,,,,NYK,1610612752.0,
Shot Chart Detail,22100099,494,0,Opponent,1610612761,Toronto Raptors,4,9,22,Made Shot,Cutting Dunk Shot,,Restricted Area,Center(C),Less Than 8 ft.,0,0,6,1,1,20211101,NYK,TOR,22100099494,|1627832|1628449|1630173|1630201|1630551,1,REG,,,2022,1627832,-10.0,PG,Point of Attack,0.9,Barrett 1' Cutting Dunk Shot (19 PTS) (Quickley 4 AST),,,,NYK,1610612752.0,1630193.0
Shot Chart Detail,22100099,511,0,Opponent,1610612761,Toronto Raptors,4,8,12,Made Shot,Driving Finger Roll Layup Shot,,Restricted Area,Center(C),Less Than 8 ft.,1,-5,17,1,1,20211101,NYK,TOR,22100099511,|1628384|1629018|1630173|1630201|1630551,0,REG,,,2022,1630551,-10.0,SF,Helper,-0.61,Rose 2' Driving Finger Roll Layup (4 PTS),,,,NYK,1610612752.0,
Shot Chart Detail,22100099,513,0,Opponent,1610612761,Toronto Raptors,4,7,47,Made Shot,Jump Shot,,Above the Break 3,Right Side Center(RC),24+ ft.,25,98,231,1,1,20211101,NYK,TOR,22100099513,|1628384|1629018|1630173|1630201|1630551,0,REG,,,2022,1630201,-9.0,PG,Point of Attack,-0.52,Quickley 25' 3PT Jump Shot (7 PTS),,,,NYK,1610612752.0,
Shot Chart Detail,22100099,518,0,Opponent,1610612761,Toronto Raptors,4,7,17,Missed Shot,Jump Shot,,Above the Break 3,Center(C),24+ ft.,25,61,251,1,0,20211101,NYK,TOR,22100099518,|1628384|1629018|1630173|1630201|1630551,0,REG,,,2022,1628384,-11.0,SF,Wing Stopper,1.03,MISS Barrett 26' 3PT Jump Shot,,,,NYK,1610612752.0,
Shot Chart Detail,22100099,547,0,Opponent,1610612761,Toronto Raptors,4,5,49,Missed Shot,Jump Shot,,Left Corner 3,Left Side(L),24+ ft.,23,-225,59,1,0,20211101,NYK,TOR,22100099547,|1627832|1628384|1629004|1629018|203920,0,REG,,,2022,1628384,-9.0,SF,Wing Stopper,1.03,MISS Quickley 3PT Jump Shot,,,,NYK,1610612752.0,
Shot Chart Detail,22100099,551,0,Opponent,1610612761,Toronto Raptors,4,5,28,Missed Shot,Jump Shot,,Above the Break 3,Right Side Center(RC),24+ ft.,26,158,213,1,0,20211101,NYK,TOR,22100099551,|1627832|1628384|1629004|1629018|203920,0,REG,,,2022,1627832,-11.0,PG,Point of Attack,0.9,MISS Rose 27' 3PT Jump Shot,,,,NYK,1610612752.0,
Shot Chart Detail,22100099,563,0,Opponent,1610612761,Toronto Raptors,4,4,38,Missed Shot,Jump Shot,,Left Corner 3,Left Side(L),24+ ft.,22,-222,38,1,0,20211101,NYK,TOR,22100099563,|1627832|1628384|1629004|1629018|203920,0,REG,,,2022,1629004,-13.0,SF,Chaser,-0.31,MISS Quickley 3PT Jump Shot,,,,NYK,1610612752.0,
Shot Chart Detail,22100099,567,0,Opponent,1610612761,Toronto Raptors,4,4,14,Made Shot,Jump Shot,,Left Corner 3,Left Side(L),24+ ft.,23,-232,5,1,1,20211101,NYK,TOR,22100099567,|1627832|1628384|1629004|1629018|203920,1,REG,,,2022,1627832,-10.0,PG,Point of Attack,0.9,Barrett 3PT Jump Shot (23 PTS) (Quickley 5 AST),,,,NYK,1610612752.0,1630193.0
Shot Chart Detail,22100099,572,0,Opponent,1610612761,Toronto Raptors,4,3,33,Missed Shot,Jump Shot,,Mid-Range,Right Side(R),16-24 ft.,22,219,52,1,0,20211101,NYK,TOR,22100099572,|1627832|1628384|1629004|1629018|203920,0,REG,,,2022,1628384,-10.0,SF,Wing Stopper,1.03,MISS Walker 3PT Jump Shot,,,,NYK,1610612752.0,
Shot Chart Detail,22100099,575,0,Opponent,1610612761,Toronto Raptors,4,2,53,Missed Shot,Jump Shot,,Left Corner 3,Left Side(L),24+ ft.,23,-234,-10,1,0,20211101,NYK,TOR,22100099575,|1627832|1628384|1629004|1629018|203920,0,REG,,,2022,1628384,-13.0,SF,Wing Stopper,1.03,MISS Randle 3PT Jump Shot,,,,NYK,1610612752.0,
Shot Chart Detail,22100099,581,0,Opponent,1610612761,Toronto Raptors,4,2,14,Missed Shot,Layup Shot,,Restricted Area,Center(C),Less Than 8 ft.,1,-4,19,1,0,20211101,NYK,TOR,22100099581,|1627832|1628384|1629004|1629018|203920,0,REG,,,2022,203920,-13.0,C,Mobile Big,0.63,MISS Quickley 2' Layup,,,,NYK,1610612752.0,
Shot Chart Detail,22100099,586,0,Opponent,1610612761,Toronto Raptors,4,1,51,Made Shot,Driving Floating Jump Shot,,In The Paint (Non-RA),Right Side(R),8-16 ft.,12,70,104,1,1,20211101,NYK,TOR,22100099586,|1627832|1628384|1629004|1629018|203920,0,REG,,,2022,1627832,-13.0,PG,Point of Attack,0.9,Walker 13' Driving Floating Jump Shot (13 PTS),,,,NYK,1610612752.0,
Shot Chart Detail,22100099,600,0,Opponent,1610612761,Toronto Raptors,4,1,7,Made Shot,Jump Shot,,Above the Break 3,Right Side Center(RC),24+ ft.,27,194,189,1,1,20211101,NYK,TOR,22100099600,|1627832|1628384|1629004|1629018|203920,0,REG,,,2022,1627832,-9.0,PG,Point of Attack,0.9,Barrett 27' 3PT Jump Shot (27 PTS),,,,NYK,1610612752.0,
Shot Chart Detail,22100099,607,0,Opponent,1610612761,Toronto Raptors,4,0,38,Made Shot,Driving Floating Jump Shot,,In The Paint (Non-RA),Center(C),Less Than 8 ft.,4,-11,48,1,1,20211101,NYK,TOR,22100099607,|1627832|1628384|1629004|1629018|203920,0,REG,,,2022,1629004,-11.0,SF,Chaser,-0.31,Walker 5' Driving Floating Jump Shot (15 PTS),,,,NYK,1610612752.0,
Shot Chart Detail,22100099,612,0,Opponent,1610612761,Toronto Raptors,4,0,6,Made Shot,Driving Layup Shot,,Restricted Area,Center(C),Less Than 8 ft.,0,0,8,1,1,20211101,NYK,TOR,22100099612,|1627832|1628384|1629004|1629018|203920,0,REG,,,2022,1628384|1629004,-9.0,,,,,,,,NYK,1610612752.0,
Shot Chart Detail,22100112,9,0,Opponent,1610612761,Toronto Raptors,1,11,26,Missed Shot,Layup Shot,,Restricted Area,Center(C),Less Than 8 ft.,2,9,26,1,0,20211103,WAS,TOR,221001129,|1627832|1628384|1629004|1629018|1630173,0,REG,,,2022,,,,,,,,,,WAS,1610612764.0,
Shot Chart Detail,22100112,11,0,Opponent,1610612761,Toronto Raptors,1,11,24,Made Shot,Dunk Shot,,Restricted Area,Center(C),Less Than 8 ft.,1,-2,17,1,1,20211103,WAS,TOR,2210011211,|1627832|1628384|1629004|1629018|1630173,0,REG,,,2022,1629004,0.0,SF,Chaser,-0.31,Gafford 2' Dunk (2 PTS),,,,WAS,1610612764.0,
Shot Chart Detail,22100112,13,0,Opponent,1610612761,Toronto Raptors,1,10,53,Missed Shot,Step Back Jump shot,,Right Corner 3,Right Side(R),24+ ft.,25,245,81,1,0,20211103,WAS,TOR,2210011213,|1627832|1628384|1629004|1629018|1630173,0,REG,,,2022,1628384,-2.0,SF,Wing Stopper,1.03,MISS Kuzma 26' 3PT Step Back Jump Shot,,,,WAS,1610612764.0,
Shot Chart Detail,22100112,23,0,Opponent,1610612761,Toronto Raptors,1,9,59,Missed Shot,Jump Shot,,Above the Break 3,Left Side Center(LC),24+ ft.,24,-192,160,1,0,20211103,WAS,TOR,2210011223,|1627832|1628384|1629004|1629018|1630173,0,REG,,,2022,1629004,-4.0,SF,Chaser,-0.31,MISS Caldwell-Pope 25' 3PT Jump Shot,,,,WAS,1610612764.0,
Shot Chart Detail,22100112,27,0,Opponent,1610612761,Toronto Raptors,1,9,33,Missed Shot,Jump Shot,,Left Corner 3,Left Side(L),24+ ft.,23,-237,-16,1,0,20211103,WAS,TOR,2210011227,|1627832|1628384|1629004|1629018|1630173,0,REG,,,2022,1627832,-4.0,PG,Point of Attack,0.9,MISS Kuzma 24' 3PT Jump Shot,,,,WAS,1610612764.0,
Shot Chart Detail,22100112,34,0,Opponent,1610612761,Toronto Raptors,1,9,4,Missed Shot,Driving Floating Bank Jump Shot,,In The Paint (Non-RA),Left Side(L),8-16 ft.,10,-78,63,1,0,20211103,WAS,TOR,2210011234,|1627832|1628384|1629004|1629018|1630173,0,REG,,,2022,1629004,-5.0,SF,Chaser,-0.31,MISS Kuzma 10' Driving Floating Bank Jump Shot,,,,WAS,1610612764.0,
Shot Chart Detail,22100112,42,0,Opponent,1610612761,Toronto Raptors,1,8,35,Made Shot,Driving Finger Roll Layup Shot,,Restricted Area,Center(C),Less Than 8 ft.,3,-32,0,1,1,20211103,WAS,TOR,2210011242,|1627832|1628384|1629004|1629018|1630173,1,REG,,,2022,1627832,-3.0,PG,Point of Attack,0.9,Caldwell-Pope 3' Driving Finger Roll Layup (2 PTS) (Kuzma 1 AST),,,,WAS,1610612764.0,1628398.0
Shot Chart Detail,22100112,46,0,Opponent,1610612761,Toronto Raptors,1,8,6,Made Shot,Jump Shot,,Right Corner 3,Right Side(R),24+ ft.,24,238,50,1,1,20211103,WAS,TOR,2210011246,|1627832|1628384|1629004|1629018|1630173,1,REG,,,2022,1628384,0.0,SF,Wing Stopper,1.03,Dinwiddie 24' 3PT Jump Shot (3 PTS) (Beal 1 AST),,,,WAS,1610612764.0,203078.0
Shot Chart Detail,22100112,50,0,Opponent,1610612761,Toronto Raptors,1,7,23,Missed Shot,Jump Shot,,Right Corner 3,Right Side(R),24+ ft.,23,234,21,1,0,20211103,WAS,TOR,2210011250,|1627832|1628384|1629004|1629018|1630173,0,REG,,,2022,1628384,-3.0,SF,Wing Stopper,1.03,MISS Kuzma 3PT Jump Shot,,,,WAS,1610612764.0,
Shot Chart Detail,22100112,58,0,Opponent,1610612761,Toronto Raptors,1,6,51,Made Shot,Cutting Layup Shot,,Restricted Area,Center(C),Less Than 8 ft.,3,-34,2,1,1,20211103,WAS,TOR,2210011258,|1627832|1628384|1629004|1629018|1630173,1,REG,,,2022,1628384,-4.0,SF,Wing Stopper,1.03,Kuzma 3' Cutting Layup Shot (2 PTS) (Neto 1 AST),,,,WAS,1610612764.0,203526.0
Shot Chart Detail,22100112,65,0,Opponent,1610612761,Toronto Raptors,1,6,14,Made Shot,Driving Layup Shot,,Restricted Area,Center(C),Less Than 8 ft.,2,20,2,1,1,20211103,WAS,TOR,2210011265,|1627832|1628384|1629004|1629018|1630173,0,REG,,,2022,1630173,-2.0,C,Mobile Big,0.24,Beal 2' Driving Layup (2 PTS),,,,WAS,1610612764.0,
Shot Chart Detail,22100112,70,0,Opponent,1610612761,Toronto Raptors,1,5,43,Missed Shot,Driving Layup Shot,,Restricted Area,Center(C),Less Than 8 ft.,3,29,11,1,0,20211103,WAS,TOR,2210011270,|1627832|1628384|1629004|1629018|1630173,0,REG,,,2022,1629004,-2.0,SF,Chaser,-0.31,MISS Kuzma 3' Driving Layup,,,,WAS,1610612764.0,
Shot Chart Detail,22100112,78,0,Opponent,1610612761,Toronto Raptors,1,5,1,Missed Shot,Driving Layup Shot,,Restricted Area,Center(C),Less Than 8 ft.,2,-20,18,1,0,20211103,WAS,TOR,2210011278,|1627832|1628384|1629004|1629018|1630173,0,REG,,,2022,1630173,-4.0,C,Mobile Big,0.24,MISS Kuzma 3' Driving Layup,,,,WAS,1610612764.0,
Shot Chart Detail,22100112,85,0,Opponent,1610612761,Toronto Raptors,1,4,36,Made Shot,Running Layup Shot,,In The Paint (Non-RA),Center(C),Less Than 8 ft.,4,33,32,1,1,20211103,WAS,TOR,2210011285,|1627832|1628384|1629004|1629018|1630173,1,REG,,,2022,1628384,-2.0,SF,Wing Stopper,1.03,Neto 5' Running Layup (2 PTS) (Beal 2 AST),,,,WAS,1610612764.0,203078.0
Shot Chart Detail,22100112,89,0,Opponent,1610612761,Toronto Raptors,1,4,6,Missed Shot,Hook Shot,,In The Paint (Non-RA),Center(C),Less Than 8 ft.,4,26,38,1,0,20211103,WAS,TOR,2210011289,|1627832|1628384|1629004|1629018|1630173,0,REG,,,2022,1628384,-2.0,SF,Wing Stopper,1.03,MISS Harrell 5' Hook Shot,,,,WAS,1610612764.0,
Shot Chart Detail,22100112,91,0,Opponent,1610612761,Toronto Raptors,1,4,1,Made Shot,Jump Shot,,Right Corner 3,Right Side(R),24+ ft.,23,238,-16,1,1,20211103,WAS,TOR,2210011291,|1627832|1628384|1629004|1629018|1630173,1,REG,,,2022,,,,,,,,,,WAS,1610612764.0,1630166.0
Shot Chart Detail,22100112,95,0,Opponent,1610612761,Toronto Raptors,1,3,37,Made Shot,Alley Oop Layup shot,,In The Paint (Non-RA),Center(C),Less Than 8 ft.,4,-39,13,1,1,20211103,WAS,TOR,2210011295,|1627832|1628384|1629004|1629018|1630173,1,REG,,,2022,1630173,0.0,C,Mobile Big,0.24,Harrell 4' Alley Oop Layup (2 PTS) (Beal 3 AST),,,,WAS,1610612764.0,203078.0
Shot Chart Detail,22100112,109,0,Opponent,1610612761,Toronto Raptors,1,3,7,Made Shot,Jump Shot,,Above the Break 3,Right Side Center(RC),24+ ft.,25,165,189,1,1,20211103,WAS,TOR,22100112109,|1628449|1629004|1629018|1630625|203920,1,REG,,,2022,1629018,1.0,SG,Chaser,0.19,Neto 25' 3PT Jump Shot (5 PTS) (Beal 4 AST),,,,WAS,1610612764.0,203078.0
Shot Chart Detail,22100112,113,0,Opponent,1610612761,Toronto Raptors,1,2,43,Missed Shot,Driving Layup Shot,,In The Paint (Non-RA),Center(C),Less Than 8 ft.,5,54,0,1,0,20211103,WAS,TOR,22100112113,|1628449|1629004|1629018|1630625|203920,0,REG,,,2022,1629004,1.0,SF,Chaser,-0.31,MISS Beal 5' Driving Layup,,,,WAS,1610612764.0,
Shot Chart Detail,22100112,119,0,Opponent,1610612761,Toronto Raptors,1,2,19,Made Shot,Floating Jump shot,,In The Paint (Non-RA),Center(C),8-16 ft.,8,5,86,1,1,20211103,WAS,TOR,22100112119,|1628449|1629004|1629018|1630625|203920,0,REG,,,2022,1629018,1.0,SG,Chaser,0.19,Neto 9' Floating Jump Shot (7 PTS),,,,WAS,1610612764.0,
Shot Chart Detail,22100112,128,0,Opponent,1610612761,Toronto Raptors,1,1,57,Made Shot,Jump Shot,,Above the Break 3,Left Side Center(LC),24+ ft.,26,-190,190,1,1,20211103,WAS,TOR,22100112128,|1628384|1628449|1629018|1630625|203920,1,REG,,,2022,1628384,4.0,SF,Wing Stopper,1.03,Dinwiddie 27' 3PT Jump Shot (6 PTS) (Neto 2 AST),,,,WAS,1610612764.0,203526.0
Shot Chart Detail,22100112,135,0,Opponent,1610612761,Toronto Raptors,1,1,17,Missed Shot,Jump Shot,,Right Corner 3,Right Side(R),24+ ft.,24,240,-4,1,0,20211103,WAS,TOR,22100112135,|1628384|1628449|1629018|1630625|203920,0,REG,,,2022,1628449,4.0,SF,Helper,0.4,MISS Avdija 24' 3PT Jump Shot,,,,WAS,1610612764.0,
Shot Chart Detail,22100112,138,0,Opponent,1610612761,Toronto Raptors,1,1,0,Missed Shot,Pullup Jump shot,,Above the Break 3,Left Side Center(LC),24+ ft.,31,-164,270,1,0,20211103,WAS,TOR,22100112138,|1628384|1628449|1629018|1630625|203920,0,REG,,,2022,1628384,2.0,SF,Wing Stopper,1.03,MISS Dinwiddie 32' 3PT Pullup Jump Shot,,,,WAS,1610612764.0,
Shot Chart Detail,22100112,150,0,Opponent,1610612761,Toronto Raptors,1,0,13,Missed Shot,Floating Jump shot,,In The Paint (Non-RA),Center(C),8-16 ft.,9,49,86,1,0,20211103,WAS,TOR,22100112150,|1627832|1628384|1628449|1630625|203920,0,REG,,,2022,1630625|1627832,0.0,,,,,,,,WAS,1610612764.0,
Shot Chart Detail,22100112,152,0,Opponent,1610612761,Toronto Raptors,1,0,10,Made Shot,Jump Shot,,Above the Break 3,Right Side Center(RC),24+ ft.,25,211,138,1,1,20211103,WAS,TOR,22100112152,|1627832|1628384|1628449|1630625|203920,1,REG,,,2022,1630625,3.0,PG,Chaser,0.27,Kispert 25' 3PT Jump Shot (3 PTS) (Harrell 1 AST),,,,WAS,1610612764.0,1626149.0
Shot Chart Detail,22100112,167,0,Opponent,1610612761,Toronto Raptors,2,11,20,Missed Shot,Pullup Jump shot,,Mid-Range,Left Side Center(LC),16-24 ft.,17,-140,109,1,0,20211103,WAS,TOR,22100112167,|1627832|1628384|1628449|1630625|203920,0,REG,,,2022,1630625,-2.0,PG,Chaser,0.27,MISS Caldwell-Pope 18' Pullup Jump Shot,,,,WAS,1610612764.0,
Shot Chart Detail,22100112,176,0,Opponent,1610612761,Toronto Raptors,2,10,55,Missed Shot,Running Layup Shot,,In The Paint (Non-RA),Center(C),Less Than 8 ft.,4,34,23,1,0,20211103,WAS,TOR,22100112176,|1627832|1628384|1628449|1630625|203920,0,REG,,,2022,1630625,-1.0,PG,Chaser,0.27,MISS Avdija 4' Running Layup,,,,WAS,1610612764.0,
Shot Chart Detail,22100112,180,0,Opponent,1610612761,Toronto Raptors,2,10,22,Made Shot,Hook Shot,,Restricted Area,Center(C),Less Than 8 ft.,2,18,21,1,1,20211103,WAS,TOR,22100112180,|1627832|1628384|1628449|1630625|203920,1,REG,,,2022,1628449|1630625,1.0,,,,,,,,WAS,1610612764.0,203915.0
Shot Chart Detail,22100112,194,0,Opponent,1610612761,Toronto Raptors,2,9,5,Missed Shot,Step Back Jump shot,,Above the Break 3,Left Side Center(LC),24+ ft.,28,-172,223,1,0,20211103,WAS,TOR,22100112194,|1627832|1628384|1628449|1630625|203920,0,REG,,,2022,203920,-1.0,C,Mobile Big,0.63,MISS Caldwell-Pope 28' 3PT Step Back Jump Shot,,,,WAS,1610612764.0,
Shot Chart Detail,22100112,197,0,Opponent,1610612761,Toronto Raptors,2,8,32,Missed Shot,Jump Shot,,Above the Break 3,Left Side Center(LC),24+ ft.,26,-180,189,1,0,20211103,WAS,TOR,22100112197,|1627832|1628384|1628449|1630625|203920,0,REG,,,2022,1628449,-3.0,SF,Helper,0.4,MISS Holiday 26' 3PT Jump Shot,,,,WAS,1610612764.0,
Shot Chart Detail,22100112,210,0,Opponent,1610612761,Toronto Raptors,2,7,49,Missed Shot,Floating Jump shot,,In The Paint (Non-RA),Center(C),Less Than 8 ft.,7,-62,36,1,0,20211103,WAS,TOR,22100112210,|1627832|1628384|1628449|1630625|203920,0,REG,,,2022,1627832,-5.0,PG,Point of Attack,0.9,MISS Holiday 7' Floating Jump Shot,,,,WAS,1610612764.0,
Shot Chart Detail,22100112,212,0,Opponent,1610612761,Toronto Raptors,2,7,46,Made Shot,Putback Dunk Shot,,Restricted Area,Center(C),Less Than 8 ft.,0,0,0,1,1,20211103,WAS,TOR,22100112212,|1627832|1628384|1628449|1630625|203920,0,REG,,,2022,1628449,-3.0,SF,Helper,0.4,Gafford Putback Dunk (6 PTS),,,,WAS,1610612764.0,
Shot Chart Detail,22100112,227,0,Opponent,1610612761,Toronto Raptors,2,6,42,Missed Shot,Floating Jump shot,,Mid-Range,Right Side(R),8-16 ft.,15,130,75,1,0,20211103,WAS,TOR,22100112227,|1627832|1628449|1629004|1630625|203920,0,REG,,,2022,1627832|203920,-8.0,,,,,,,,WAS,1610612764.0,
Shot Chart Detail,22100112,232,0,Opponent,1610612761,Toronto Raptors,2,6,31,Missed Shot,Jump Shot,,Above the Break 3,Left Side Center(LC),24+ ft.,28,-159,235,1,0,20211103,WAS,TOR,22100112232,|1627832|1628449|1629004|1630625|203920,0,REG,,,2022,1629004,-8.0,SF,Chaser,-0.31,MISS Kuzma 28' 3PT Jump Shot,,,,WAS,1610612764.0,
Shot Chart Detail,22100112,242,0,Opponent,1610612761,Toronto Raptors,2,6,6,Missed Shot,Turnaround Jump Shot,,In The Paint (Non-RA),Center(C),8-16 ft.,15,74,131,1,0,20211103,WAS,TOR,22100112242,|1627832|1628449|1629004|1630173|1630625,0,REG,,,2022,1630625,-6.0,PG,Chaser,0.27,MISS Beal 15' Turnaround Jump Shot,,,,WAS,1610612764.0,
Shot Chart Detail,22100112,245,0,Opponent,1610612761,Toronto Raptors,2,5,29,Made Shot,Driving Layup Shot,,In The Paint (Non-RA),Center(C),Less Than 8 ft.,5,48,16,1,1,20211103,WAS,TOR,22100112245,|1627832|1628449|1629004|1630173|1630625,0,REG,,,2022,1628449,-6.0,SF,Helper,0.4,Neto 5' Driving Layup (9 PTS),,,,WAS,1610612764.0,
Shot Chart Detail,22100112,250,0,Opponent,1610612761,Toronto Raptors,2,4,56,Made Shot,Pullup Jump shot,,In The Paint (Non-RA),Center(C),Less Than 8 ft.,6,64,28,1,1,20211103,WAS,TOR,22100112250,|1627832|1628449|1629004|1630173|1630625,0,REG,,,2022,1630625|1630173,-4.0,,,,,,,,WAS,1610612764.0,
Shot Chart Detail,22100112,265,0,Opponent,1610612761,Toronto Raptors,2,3,44,Missed Shot,Jump Shot,,Right Corner 3,Right Side(R),24+ ft.,23,237,7,1,0,20211103,WAS,TOR,22100112265,|1627832|1629004|1629018|1630173|1630201,0,REG,,,2022,1630201,-9.0,PG,Point of Attack,-0.52,MISS Kispert 24' 3PT Jump Shot,,,,WAS,1610612764.0,
Shot Chart Detail,22100112,276,0,Opponent,1610612761,Toronto Raptors,2,3,11,Missed Shot,Step Back Bank Jump Shot,,Mid-Range,Left Side(L),16-24 ft.,16,-143,79,1,0,20211103,WAS,TOR,22100112276,|1628384|1629004|1629018|1630173|1630201,0,REG,,,2022,1628384,-11.0,SF,Wing Stopper,1.03,MISS Beal 16' Step Back Bank Jump Shot,,,,WAS,1610612764.0,
Shot Chart Detail,22100112,304,0,Opponent,1610612761,Toronto Raptors,2,1,19,Made Shot,Cutting Layup Shot,,Restricted Area,Center(C),Less Than 8 ft.,3,37,-5,1,1,20211103,WAS,TOR,22100112304,|1627832|1628384|1629004|1629018|1630173,1,REG,,,2022,1629018,-10.0,SG,Chaser,0.19,Harrell 4' Cutting Layup Shot (6 PTS) (Beal 5 AST),,,,WAS,1610612764.0,203078.0
Shot Chart Detail,22100112,309,0,Opponent,1610612761,Toronto Raptors,2,0,51,Made Shot,Turnaround Jump Shot,,Mid-Range,Center(C),16-24 ft.,17,27,169,1,1,20211103,WAS,TOR,22100112309,|1627832|1628384|1629004|1629018|1630173,0,REG,,,2022,1627832,-8.0,PG,Point of Attack,0.9,Beal 17' Turnaround Jump Shot (13 PTS),,,,WAS,1610612764.0,
Shot Chart Detail,22100112,312,0,Opponent,1610612761,Toronto Raptors,2,0,5,Missed Shot,Jump Shot,,Left Corner 3,Left Side(L),24+ ft.,23,-237,-3,1,0,20211103,WAS,TOR,22100112312,|1627832|1628384|1629004|1629018|1630173,0,REG,,,2022,1628384,-8.0,SF,Wing Stopper,1.03,MISS Caldwell-Pope 24' 3PT Jump Shot,,,,WAS,1610612764.0,
Shot Chart Detail,22100112,329,0,Opponent,1610612761,Toronto Raptors,3,11,21,Missed Shot,Layup Shot,,In The Paint (Non-RA),Center(C),8-16 ft.,8,-15,80,1,0,20211103,WAS,TOR,22100112329,|1627832|1628384|1629004|1629018|203920,0,REG,,,2022,1627832|203920,-11.0,,,,,,,,WAS,1610612764.0,
Shot Chart Detail,22100112,335,0,Opponent,1610612761,Toronto Raptors,3,11,12,Made Shot,Pullup Jump shot,,Mid-Range,Center(C),8-16 ft.,15,-16,157,1,1,20211103,WAS,TOR,22100112335,|1627832|1628384|1629004|1629018|203920,0,REG,,,2022,1627832,-9.0,PG,Point of Attack,0.9,Dinwiddie 16' Pullup Jump Shot (8 PTS),,,,WAS,1610612764.0,
Shot Chart Detail,22100112,340,0,Opponent,1610612761,Toronto Raptors,3,10,25,Missed Shot,Jump Shot,,Left Corner 3,Left Side(L),24+ ft.,23,-235,-6,1,0,20211103,WAS,TOR,22100112340,|1627832|1628384|1629004|1629018|203920,0,REG,,,2022,1629004,-12.0,SF,Chaser,-0.31,MISS Dinwiddie 24' 3PT Jump Shot,,,,WAS,1610612764.0,
Shot Chart Detail,22100112,344,0,Opponent,1610612761,Toronto Raptors,3,9,59,Missed Shot,Jump Shot,,Mid-Range,Center(C),16-24 ft.,20,7,203,1,0,20211103,WAS,TOR,22100112344,|1627832|1628384|1629004|1629018|203920,0,REG,,,2022,1629018,-14.0,SG,Chaser,0.19,MISS Caldwell-Pope 20' Jump Shot,,,,WAS,1610612764.0,
Shot Chart Detail,22100112,350,0,Opponent,1610612761,Toronto Raptors,3,9,41,Missed Shot,Pullup Jump shot,,In The Paint (Non-RA),Center(C),8-16 ft.,8,43,79,1,0,20211103,WAS,TOR,22100112350,|1627832|1628384|1629004|1629018|203920,0,REG,,,2022,1627832,-16.0,PG,Point of Attack,0.9,MISS Beal 9' Pullup Jump Shot,,,,WAS,1610612764.0,
Shot Chart Detail,22100112,352,0,Opponent,1610612761,Toronto Raptors,3,9,37,Made Shot,Pullup Jump shot,,Mid-Range,Left Side(L),8-16 ft.,11,-112,8,1,1,20211103,WAS,TOR,22100112352,|1627832|1628384|1629004|1629018|203920,0,REG,,,2022,203920|1628384,-14.0,,,,,,,,WAS,1610612764.0,
Shot Chart Detail,22100112,357,0,Opponent,1610612761,Toronto Raptors,3,9,1,Missed Shot,Jump Shot,,Right Corner 3,Right Side(R),24+ ft.,22,222,3,1,0,20211103,WAS,TOR,22100112357,|1627832|1628384|1629004|1629018|203920,0,REG,,,2022,203920,-14.0,C,Mobile Big,0.63,MISS Kuzma 3PT Jump Shot,,,,WAS,1610612764.0,
Shot Chart Detail,22100112,360,0,Opponent,1610612761,Toronto Raptors,3,8,33,Missed Shot,Pullup Jump shot,,Mid-Range,Left Side(L),8-16 ft.,13,-127,53,1,0,20211103,WAS,TOR,22100112360,|1627832|1628384|1629004|1629018|203920,0,REG,,,2022,1628384,-16.0,SF,Wing Stopper,1.03,MISS Caldwell-Pope 14' Pullup Jump Shot,,,,WAS,1610612764.0,
Shot Chart Detail,22100112,362,0,Opponent,1610612761,Toronto Raptors,3,8,30,Made Shot,Layup Shot,,In The Paint (Non-RA),Center(C),Less Than 8 ft.,4,-40,15,1,1,20211103,WAS,TOR,22100112362,|1627832|1628384|1629004|1629018|203920,0,REG,,,2022,203920|1628384,-14.0,,,,,,,,WAS,1610612764.0,
Shot Chart Detail,22100112,365,0,Opponent,1610612761,Toronto Raptors,3,7,51,Made Shot,Pullup Jump shot,,Mid-Range,Right Side Center(RC),16-24 ft.,16,69,151,1,1,20211103,WAS,TOR,22100112365,|1627832|1628384|1629004|1629018|203920,0,REG,,,2022,1629004,-14.0,SF,Chaser,-0.31,Beal 17' Pullup Jump Shot (17 PTS),,,,WAS,1610612764.0,
Shot Chart Detail,22100112,378,0,Opponent,1610612761,Toronto Raptors,3,7,13,Missed Shot,Jump Shot,,Above the Break 3,Right Side Center(RC),24+ ft.,26,107,241,1,0,20211103,WAS,TOR,22100112378,|1627832|1628384|1629004|1629018|1630173,0,REG,,,2022,1628384,-16.0,SF,Wing Stopper,1.03,MISS Beal 26' 3PT Jump Shot,,,,WAS,1610612764.0,
Shot Chart Detail,22100112,380,0,Opponent,1610612761,Toronto Raptors,3,7,7,Made Shot,Tip Layup Shot,,Restricted Area,Center(C),Less Than 8 ft.,0,0,0,1,1,20211103,WAS,TOR,22100112380,|1627832|1628384|1629004|1629018|1630173,0,REG,,,2022,1629004,-14.0,SF,Chaser,-0.31,Avdija Tip Layup Shot (3 PTS),,,,WAS,1610612764.0,
Shot Chart Detail,22100112,384,0,Opponent,1610612761,Toronto Raptors,3,6,50,Made Shot,Running Finger Roll Layup Shot,,Restricted Area,Center(C),Less Than 8 ft.,3,26,17,1,1,20211103,WAS,TOR,22100112384,|1627832|1628384|1629004|1629018|1630173,1,REG,,,2022,1627832,-12.0,PG,Point of Attack,0.9,Avdija 3' Running Finger Roll Layup (5 PTS) (Harrell 2 AST),,,,WAS,1610612764.0,1626149.0
Shot Chart Detail,22100112,387,0,Opponent,1610612761,Toronto Raptors,3,6,14,Made Shot,Cutting Layup Shot,,Restricted Area,Center(C),Less Than 8 ft.,2,-1,26,1,1,20211103,WAS,TOR,22100112387,|1627832|1628384|1629004|1629018|1630173,1,REG,,,2022,1627832,-12.0,PG,Point of Attack,0.9,Avdija 3' Cutting Layup Shot (7 PTS) (Harrell 3 AST),,,,WAS,1610612764.0,1626149.0
Shot Chart Detail,22100112,391,0,Opponent,1610612761,Toronto Raptors,3,5,48,Made Shot,Step Back Jump shot,,Mid-Range,Left Side(L),16-24 ft.,19,-196,38,1,1,20211103,WAS,TOR,22100112391,|1627832|1628384|1629004|1629018|1630173,0,REG,,,2022,1629004,-10.0,SF,Chaser,-0.31,Caldwell-Pope 20' Step Back Jump Shot (6 PTS),,,,WAS,1610612764.0,
Shot Chart Detail,22100112,405,0,Opponent,1610612761,Toronto Raptors,3,4,30,Made Shot,Jump Shot,,Above the Break 3,Right Side Center(RC),24+ ft.,27,143,231,1,1,20211103,WAS,TOR,22100112405,|1627832|1628384|1629004|1629018|1630173,1,REG,,,2022,1629018,-8.0,SG,Chaser,0.19,Avdija 27' 3PT Jump Shot (10 PTS) (Neto 3 AST),,,,WAS,1610612764.0,203526.0
Shot Chart Detail,22100112,412,0,Opponent,1610612761,Toronto Raptors,3,3,55,Missed Shot,Pullup Jump shot,,Above the Break 3,Center(C),24+ ft.,26,-60,255,1,0,20211103,WAS,TOR,22100112412,|1627832|1628384|1629004|1629018|1630173,0,REG,,,2022,1628384,-8.0,SF,Wing Stopper,1.03,MISS Avdija 26' 3PT Pullup Jump Shot,,,,WAS,1610612764.0,
Shot Chart Detail,22100112,421,0,Opponent,1610612761,Toronto Raptors,3,3,27,Made Shot,Jump Shot,,Right Corner 3,Right Side(R),24+ ft.,23,235,11,1,1,20211103,WAS,TOR,22100112421,|1628384|1628449|1629018|1630173|1630625,1,REG,,,2022,1630625,-5.0,PG,Chaser,0.27,Beal 24' 3PT Jump Shot (20 PTS) (Neto 4 AST),,,,WAS,1610612764.0,203526.0
Shot Chart Detail,22100112,438,0,Opponent,1610612761,Toronto Raptors,3,2,17,Missed Shot,Jump Shot,,Left Corner 3,Left Side(L),24+ ft.,22,-229,-2,1,0,20211103,WAS,TOR,22100112438,|1627832|1628449|1630173|1630551|1630625,0,REG,,,2022,1630625,-9.0,PG,Chaser,0.27,MISS Kispert 3PT Jump Shot,,,,WAS,1610612764.0,
Shot Chart Detail,22100112,452,0,Opponent,1610612761,Toronto Raptors,3,0,47,Missed Shot,Pullup Jump shot,,Above the Break 3,Right Side Center(RC),24+ ft.,26,186,194,1,0,20211103,WAS,TOR,22100112452,|1627832|1628449|1630173|1630551|1630625,0,REG,,,2022,1627832,-9.0,PG,Point of Attack,0.9,MISS Beal 27' 3PT Pullup Jump Shot,,,,WAS,1610612764.0,
Shot Chart Detail,22100112,456,0,Opponent,1610612761,Toronto Raptors,3,0,6,Missed Shot,Turnaround Jump Shot,,In The Paint (Non-RA),Center(C),Less Than 8 ft.,7,-7,75,1,0,20211103,WAS,TOR,22100112456,|1627832|1628449|1630173|1630551|1630625,0,REG,,,2022,1630625|1630551,-9.0,,,,,,,,WAS,1610612764.0,
Shot Chart Detail,22100112,472,0,Opponent,1610612761,Toronto Raptors,4,11,32,Made Shot,Dunk Shot,,Restricted Area,Center(C),Less Than 8 ft.,2,20,14,1,1,20211103,WAS,TOR,22100112472,|1627832|1628384|1628449|1630173|1630625,1,REG,,,2022,1628449,-7.0,SF,Helper,0.4,Gafford 2' Dunk (8 PTS) (Dinwiddie 2 AST),,,,WAS,1610612764.0,203915.0
Shot Chart Detail,22100112,478,0,Opponent,1610612761,Toronto Raptors,4,10,53,Missed Shot,Jump Shot,,Above the Break 3,Left Side Center(LC),24+ ft.,27,-206,183,1,0,20211103,WAS,TOR,22100112478,|1627832|1628384|1628449|1630173|1630625,0,REG,,,2022,1628384,-8.0,SF,Wing Stopper,1.03,MISS Caldwell-Pope 28' 3PT Jump Shot,,,,WAS,1610612764.0,
Shot Chart Detail,22100112,506,0,Opponent,1610612761,Toronto Raptors,4,9,9,Made Shot,Jump Shot,,Above the Break 3,Left Side Center(LC),24+ ft.,26,-189,184,1,1,20211103,WAS,TOR,22100112506,|1627832|1628384|1629004|1629018|1630173,1,REG,,,2022,1629004,-7.0,SF,Chaser,-0.31,Neto 26' 3PT Jump Shot (14 PTS) (Dinwiddie 3 AST),,,,WAS,1610612764.0,203915.0
Shot Chart Detail,22100112,510,0,Opponent,1610612761,Toronto Raptors,4,8,28,Missed Shot,Driving Layup Shot,,In The Paint (Non-RA),Center(C),Less Than 8 ft.,7,-50,52,1,0,20211103,WAS,TOR,22100112510,|1627832|1628384|1629004|1629018|1630173,0,REG,,,2022,1628384,-7.0,SF,Wing Stopper,1.03,MISS Dinwiddie 7' Driving Layup,,,,WAS,1610612764.0,
Shot Chart Detail,22100112,535,0,Opponent,1610612761,Toronto Raptors,4,7,27,Missed Shot,Jump Shot,,Above the Break 3,Right Side Center(RC),24+ ft.,26,176,197,1,0,20211103,WAS,TOR,22100112535,|1627832|1628384|1629004|1629018|203920,0,REG,,,2022,203920,-12.0,C,Mobile Big,0.63,MISS Neto 26' 3PT Jump Shot,,,,WAS,1610612764.0,
Shot Chart Detail,22100112,543,0,Opponent,1610612761,Toronto Raptors,4,6,33,Made Shot,Turnaround Fadeaway shot,,In The Paint (Non-RA),Right Side(R),8-16 ft.,11,76,84,1,1,20211103,WAS,TOR,22100112543,|1627832|1628384|1629004|1629018|203920,1,REG,,,2022,1629004,-13.0,SF,Chaser,-0.31,Caldwell-Pope 11' Turnaround Fadeaway (8 PTS) (Beal 6 AST),,,,WAS,1610612764.0,203078.0
Shot Chart Detail,22100112,555,0,Opponent,1610612761,Toronto Raptors,4,5,27,Missed Shot,Jump Shot,,Left Corner 3,Left Side(L),24+ ft.,24,-245,3,1,0,20211103,WAS,TOR,22100112555,|1627832|1628384|1629004|1629018|203920,0,REG,,,2022,1627832,-10.0,PG,Point of Attack,0.9,MISS Caldwell-Pope 25' 3PT Jump Shot,,,,WAS,1610612764.0,
Shot Chart Detail,22100112,567,0,Opponent,1610612761,Toronto Raptors,4,4,37,Made Shot,Pullup Jump shot,,Mid-Range,Right Side Center(RC),16-24 ft.,16,76,142,1,1,20211103,WAS,TOR,22100112567,|1627832|1628384|1629004|1629018|203920,0,REG,,,2022,1627832,-8.0,PG,Point of Attack,0.9,Beal 16' Pullup Jump Shot (25 PTS),,,,WAS,1610612764.0,
Shot Chart Detail,22100112,573,0,Opponent,1610612761,Toronto Raptors,4,3,53,Made Shot,Alley Oop Layup shot,,Restricted Area,Center(C),Less Than 8 ft.,3,-5,32,1,1,20211103,WAS,TOR,22100112573,|1627832|1628384|1629004|1629018|203920,1,REG,,,2022,203920,-6.0,C,Mobile Big,0.63,Harrell 3' Alley Oop Layup (15 PTS) (Beal 7 AST),,,,WAS,1610612764.0,203078.0
Shot Chart Detail,22100112,584,0,Opponent,1610612761,Toronto Raptors,4,2,35,Missed Shot,Pullup Jump shot,,Above the Break 3,Center(C),24+ ft.,25,-10,258,1,0,20211103,WAS,TOR,22100112584,|1627832|1628384|1629004|1629018|203920,0,REG,,,2022,1628384,-6.0,SF,Wing Stopper,1.03,MISS Beal 26' 3PT Pullup Jump Shot,,,,WAS,1610612764.0,
Shot Chart Detail,22100112,601,0,Opponent,1610612761,Toronto Raptors,4,1,17,Missed Shot,Floating Jump shot,,In The Paint (Non-RA),Center(C),Less Than 8 ft.,4,-36,34,1,0,20211103,WAS,TOR,22100112601,|1627832|1628384|1629004|1629018|203920,0,REG,,,2022,1628384,-7.0,SF,Wing Stopper,1.03,MISS Beal 5' Floating Jump Shot,,,,WAS,1610612764.0,
Shot Chart Detail,22100112,608,0,Opponent,1610612761,Toronto Raptors,4,1,4,Missed Shot,Pullup Jump shot,,Above the Break 3,Right Side Center(RC),24+ ft.,25,165,200,1,0,20211103,WAS,TOR,22100112608,|1627832|1628384|1629004|1629018|203920,0,REG,,,2022,1629018,-7.0,SG,Chaser,0.19,MISS Dinwiddie 26' 3PT Pullup Jump Shot,,,,WAS,1610612764.0,
Shot Chart Detail,22100112,622,0,Opponent,1610612761,Toronto Raptors,4,0,50,Missed Shot,Jump Shot,,Above the Break 3,Right Side Center(RC),24+ ft.,26,196,179,1,0,20211103,WAS,TOR,22100112622,|1627832|1628384|1629004|1629018|203920,0,REG,,,2022,1629018,-10.0,SG,Chaser,0.19,MISS Caldwell-Pope 27' 3PT Jump Shot,,,,WAS,1610612764.0,
Shot Chart Detail,22100112,629,0,Opponent,1610612761,Toronto Raptors,4,0,37,Missed Shot,Jump Shot,,Above the Break 3,Right Side Center(RC),24+ ft.,25,161,198,1,0,20211103,WAS,TOR,22100112629,|1627832|1628384|1629004|1629018|203920,0,REG,,,2022,1628384,-11.0,SF,Wing Stopper,1.03,MISS Neto 26' 3PT Jump Shot,,,,WAS,1610612764.0,
Shot Chart Detail,22100112,631,0,Opponent,1610612761,Toronto Raptors,4,0,32,Made Shot,Putback Layup Shot,,In The Paint (Non-RA),Center(C),Less Than 8 ft.,7,-61,36,1,1,20211103,WAS,TOR,22100112631,|1627832|1628384|1629004|1629018|203920,0,REG,,,2022,1629004,-9.0,SF,Chaser,-0.31,Dinwiddie 7' Putback Layup (12 PTS),,,,WAS,1610612764.0,
Shot Chart Detail,22100127,9,0,Opponent,1610612761,Toronto Raptors,1,11,11,Missed Shot,Driving Floating Jump Shot,,In The Paint (Non-RA),Center(C),8-16 ft.,10,34,101,1,0,20211105,TOR,CLE,221001279,|1627832|1628384|1629018|1630173|1630567,0,REG,,,2022,1630173|1627832,-3.0,,,,,,,,CLE,1610612739.0,
Shot Chart Detail,22100127,17,0,Opponent,1610612761,Toronto Raptors,1,10,22,Made Shot,Driving Finger Roll Layup Shot,,In The Paint (Non-RA),Center(C),Less Than 8 ft.,7,5,77,1,1,20211105,TOR,CLE,2210012717,|1627832|1628384|1629018|1630173|1630567,0,REG,,,2022,1630173|1630567|1629018,-3.0,,,,,,,,CLE,1610612739.0,
Shot Chart Detail,22100127,21,0,Opponent,1610612761,Toronto Raptors,1,10,3,Made Shot,Driving Layup Shot,,Restricted Area,Center(C),Less Than 8 ft.,3,-15,34,1,1,20211105,TOR,CLE,2210012721,|1627832|1628384|1629018|1630173|1630567,1,REG,,,2022,1628384,-1.0,SF,Wing Stopper,1.03,Mobley 4' Driving Layup (2 PTS) (Garland 1 AST),,,,CLE,1610612739.0,1629636.0
Shot Chart Detail,22100127,30,0,Opponent,1610612761,Toronto Raptors,1,9,10,Missed Shot,Pullup Jump shot,,In The Paint (Non-RA),Center(C),8-16 ft.,12,16,124,1,0,20211105,TOR,CLE,2210012730,|1627832|1628384|1629018|1630173|1630567,0,REG,,,2022,1630567,-2.0,PF,Helper,0.63,MISS Mobley 13' Pullup Jump Shot,,,,CLE,1610612739.0,
Shot Chart Detail,22100127,34,0,Opponent,1610612761,Toronto Raptors,1,8,41,Missed Shot,Jump Shot,,Right Corner 3,Right Side(R),24+ ft.,22,223,16,1,0,20211105,TOR,CLE,2210012734,|1627832|1628384|1629018|1630173|1630567,0,REG,,,2022,1627832,-4.0,PG,Point of Attack,0.9,MISS Wade 3PT Jump Shot,,,,CLE,1610612739.0,
Shot Chart Detail,22100127,40,0,Opponent,1610612761,Toronto Raptors,1,8,2,Made Shot,Turnaround Bank Hook Shot,,In The Paint (Non-RA),Center(C),Less Than 8 ft.,7,56,48,1,1,20211105,TOR,CLE,2210012740,|1627832|1628384|1629018|1630173|1630567,0,REG,,,2022,1630567,-5.0,PF,Helper,0.63,Mobley 7' Turnaround Bank Hook Shot (5 PTS),,,,CLE,1610612739.0,
Shot Chart Detail,22100127,43,0,Opponent,1610612761,Toronto Raptors,1,7,27,Missed Shot,Hook Shot,,In The Paint (Non-RA),Right Side(R),8-16 ft.,9,47,80,1,0,20211105,TOR,CLE,2210012743,|1627832|1628384|1629018|1630173|1630567,0,REG,,,2022,1630173|1627832,-5.0,,,,,,,,CLE,1610612739.0,
Shot Chart Detail,22100127,45,0,Opponent,1610612761,Toronto Raptors,1,7,22,Missed Shot,Hook Shot,,In The Paint (Non-RA),Center(C),8-16 ft.,9,34,84,1,0,20211105,TOR,CLE,2210012745,|1627832|1628384|1629018|1630173|1630567,0,REG,,,2022,1630173,-5.0,C,Mobile Big,0.24,MISS Mobley 9' Hook Shot,,,,CLE,1610612739.0,
Shot Chart Detail,22100127,47,0,Opponent,1610612761,Toronto Raptors,1,7,18,Made Shot,Tip Layup Shot,,Restricted Area,Center(C),Less Than 8 ft.,0,0,0,1,1,20211105,TOR,CLE,2210012747,|1627832|1628384|1629018|1630173|1630567,0,REG,,,2022,1627832,-3.0,PG,Point of Attack,0.9,Sexton Tip Layup Shot (2 PTS),,,,CLE,1610612739.0,
Shot Chart Detail,22100127,60,0,Opponent,1610612761,Toronto Raptors,1,6,12,Made Shot,Driving Finger Roll Layup Shot,,Restricted Area,Center(C),Less Than 8 ft.,3,2,38,1,1,20211105,TOR,CLE,2210012760,|1627832|1628384|1629018|1630173|1630567,1,REG,,,2022,1628384,0.0,SF,Wing Stopper,1.03,Wade 4' Driving Finger Roll Layup (2 PTS) (Rubio 1 AST),,,,CLE,1610612739.0,201937.0
Shot Chart Detail,22100127,64,0,Opponent,1610612761,Toronto Raptors,1,5,46,Missed Shot,Running Jump Shot,,Above the Break 3,Left Side Center(LC),24+ ft.,25,-189,169,1,0,20211105,TOR,CLE,2210012764,|1627832|1628384|1629018|1630173|1630567,0,REG,,,2022,1628384,0.0,SF,Wing Stopper,1.03,MISS Osman 25' 3PT Running Jump Shot,,,,CLE,1610612739.0,
Shot Chart Detail,22100127,68,0,Opponent,1610612761,Toronto Raptors,1,5,18,Missed Shot,Floating Jump shot,,In The Paint (Non-RA),Center(C),Less Than 8 ft.,7,-15,69,1,0,20211105,TOR,CLE,2210012768,|1627832|1628384|1629018|1630173|1630567,0,REG,,,2022,1627832|1629018,-3.0,,,,,,,,CLE,1610612739.0,
Shot Chart Detail,22100127,80,0,Opponent,1610612761,Toronto Raptors,1,4,49,Missed Shot,Jump Shot,,Left Corner 3,Left Side(L),24+ ft.,22,-225,17,1,0,20211105,TOR,CLE,2210012780,|1627832|1628384|1629004|1629018|203920,0,REG,,,2022,1627832,-3.0,PG,Point of Attack,0.9,MISS Sexton 3PT Jump Shot,,,,CLE,1610612739.0,
Shot Chart Detail,22100127,85,0,Opponent,1610612761,Toronto Raptors,1,4,39,Missed Shot,Cutting Layup Shot,,Restricted Area,Center(C),Less Than 8 ft.,2,-2,25,1,0,20211105,TOR,CLE,2210012785,|1627832|1628384|1629004|1629018|203920,0,REG,,,2022,1627832,-3.0,PG,Point of Attack,0.9,Birch BLOCK (1 BLK),,,,CLE,1610612739.0,
Shot Chart Detail,22100127,92,0,Opponent,1610612761,Toronto Raptors,1,3,56,Made Shot,Jump Shot,,Right Corner 3,Right Side(R),24+ ft.,22,228,17,1,1,20211105,TOR,CLE,2210012792,|1627832|1628384|1629004|1629018|203920,1,REG,,,2022,1628384,0.0,SF,Wing Stopper,1.03,Osman 3PT Jump Shot (3 PTS) (Windler 1 AST),,,,CLE,1610612739.0,1629685.0
Shot Chart Detail,22100127,95,0,Opponent,1610612761,Toronto Raptors,1,3,21,Missed Shot,Driving Floating Jump Shot,,In The Paint (Non-RA),Center(C),Less Than 8 ft.,7,-20,77,1,0,20211105,TOR,CLE,2210012795,|1627832|1628384|1629004|1629018|203920,0,REG,,,2022,1629004|1629018,-2.0,,,,,,,,CLE,1610612739.0,
Shot Chart Detail,22100127,111,0,Opponent,1610612761,Toronto Raptors,1,2,40,Missed Shot,Driving Reverse Layup Shot,,Restricted Area,Center(C),Less Than 8 ft.,2,-23,17,1,0,20211105,TOR,CLE,22100127111,|1629004|1629018|1630567|1630625|203920,0,REG,,,2022,1629004|203920,-2.0,,,,,,,,CLE,1610612739.0,
Shot Chart Detail,22100127,126,0,Opponent,1610612761,Toronto Raptors,1,1,46,Missed Shot,Jump Shot,,Restricted Area,Center(C),Less Than 8 ft.,1,-10,6,1,0,20211105,TOR,CLE,22100127126,|1629004|1629018|1630567|1630625|203920,0,REG,,,2022,1630625,-2.0,PG,Chaser,0.27,MISS Mobley 1' Jump Shot,,,,CLE,1610612739.0,
Shot Chart Detail,22100127,133,0,Opponent,1610612761,Toronto Raptors,1,1,19,Made Shot,Driving Finger Roll Layup Shot,,In The Paint (Non-RA),Center(C),Less Than 8 ft.,5,37,38,1,1,20211105,TOR,CLE,22100127133,|1629004|1629018|1630567|1630625|203920,0,REG,,,2022,1630625,0.0,PG,Chaser,0.27,Rubio 5' Driving Finger Roll Layup (4 PTS),,,,CLE,1610612739.0,
Shot Chart Detail,22100127,136,0,Opponent,1610612761,Toronto Raptors,1,0,50,Made Shot,Driving Finger Roll Layup Shot,,Restricted Area,Center(C),Less Than 8 ft.,2,-10,22,1,1,20211105,TOR,CLE,22100127136,|1629004|1629018|1630567|1630625|203920,1,REG,,,2022,1630625,0.0,PG,Chaser,0.27,Rubio 2' Driving Finger Roll Layup (6 PTS) (Osman 1 AST),,,,CLE,1610612739.0,1626224.0
Shot Chart Detail,22100127,144,0,Opponent,1610612761,Toronto Raptors,1,0,28,Missed Shot,Jump Shot,,Above the Break 3,Center(C),24+ ft.,25,26,255,1,0,20211105,TOR,CLE,22100127144,|1627832|1629004|1630567|1630625|203920,0,REG,,,2022,203920,-2.0,C,Mobile Big,0.63,MISS Mobley 26' 3PT Jump Shot,,,,CLE,1610612739.0,
Shot Chart Detail,22100127,147,0,Opponent,1610612761,Toronto Raptors,1,0,0,Made Shot,Running Jump Shot,,Above the Break 3,Left Side Center(LC),24+ ft.,25,-123,227,1,1,20211105,TOR,CLE,22100127147,|1627832|1629004|1630567|1630625|203920,1,REG,,,2022,1630567,-1.0,PF,Helper,0.63,Osman 26' 3PT Running Jump Shot (6 PTS) (Rubio 2 AST),,,,CLE,1610612739.0,201937.0
Shot Chart Detail,22100127,158,0,Opponent,1610612761,Toronto Raptors,2,11,15,Missed Shot,Jump Shot,,Right Corner 3,Right Side(R),24+ ft.,22,229,15,1,0,20211105,TOR,CLE,22100127158,|1627832|1629004|1630567|1630625|203920,0,REG,,,2022,1627832,-3.0,PG,Point of Attack,0.9,MISS Windler 3PT Jump Shot,,,,CLE,1610612739.0,
Shot Chart Detail,22100127,161,0,Opponent,1610612761,Toronto Raptors,2,10,57,Made Shot,Driving Layup Shot,,Restricted Area,Center(C),Less Than 8 ft.,2,-9,22,1,1,20211105,TOR,CLE,22100127161,|1627832|1629004|1630567|1630625|203920,0,REG,,,2022,1630625|1627832,-3.0,,,,,,,,CLE,1610612739.0,
Shot Chart Detail,22100127,169,0,Opponent,1610612761,Toronto Raptors,2,10,27,Missed Shot,Step Back Jump shot,,Above the Break 3,Right Side Center(RC),24+ ft.,25,178,183,1,0,20211105,TOR,CLE,22100127169,|1627832|1629004|1630567|1630625|203920,0,REG,,,2022,1630625,-4.0,PG,Chaser,0.27,MISS Osman 26' 3PT Step Back Jump Shot,,,,CLE,1610612739.0,
Shot Chart Detail,22100127,173,0,Opponent,1610612761,Toronto Raptors,2,9,51,Missed Shot,Driving Finger Roll Layup Shot,,Restricted Area,Center(C),Less Than 8 ft.,3,17,34,1,0,20211105,TOR,CLE,22100127173,|1627832|1629004|1630567|1630625|203920,0,REG,,,2022,1630567|1630625,-7.0,,,,,,,,CLE,1610612739.0,
Shot Chart Detail,22100127,192,0,Opponent,1610612761,Toronto Raptors,2,8,58,Missed Shot,Jump Shot,,Above the Break 3,Right Side Center(RC),24+ ft.,25,185,171,1,0,20211105,TOR,CLE,22100127192,|1627832|1628449|1629004|1630567|203920,0,REG,,,2022,,,,,,,,,,CLE,1610612739.0,
Shot Chart Detail,22100127,196,0,Opponent,1610612761,Toronto Raptors,2,8,19,Missed Shot,Jump Shot,,Above the Break 3,Right Side Center(RC),24+ ft.,26,92,246,1,0,20211105,TOR,CLE,22100127196,|1627832|1628449|1629004|1630567|203920,0,REG,,,2022,1630567,-10.0,PF,Helper,0.63,MISS Sexton 26' 3PT Jump Shot,,,,CLE,1610612739.0,
Shot Chart Detail,22100127,202,0,Opponent,1610612761,Toronto Raptors,2,7,44,Made Shot,Turnaround Hook Shot,,In The Paint (Non-RA),Center(C),Less Than 8 ft.,4,4,42,1,1,20211105,TOR,CLE,22100127202,|1627832|1628449|1629004|1630567|203920,1,REG,,,2022,1628449,-8.0,SF,Helper,0.4,Mobley 4' Turnaround Hook Shot (7 PTS) (Garland 2 AST),,,,CLE,1610612739.0,1629636.0
Shot Chart Detail,22100127,211,0,Opponent,1610612761,Toronto Raptors,2,7,14,Made Shot,Driving Finger Roll Layup Shot,,Restricted Area,Center(C),Less Than 8 ft.,3,2,35,1,1,20211105,TOR,CLE,22100127211,|1627832|1628449|1629004|1630567|203920,0,REG,,,2022,1627832,-5.0,PG,Point of Attack,0.9,Sexton 4' Driving Finger Roll Layup (4 PTS),,,,CLE,1610612739.0,
Shot Chart Detail,22100127,214,0,Opponent,1610612761,Toronto Raptors,2,8,50,Missed Shot,Jump Shot,,Above the Break 3,Left Side Center(LC),24+ ft.,26,-136,232,1,0,20211105,TOR,CLE,22100127214,|1627832|1628449|1629004|1630567|203920,0,REG,,,2022,1629004,-10.0,SF,Chaser,-0.31,MISS Garland 27' 3PT Jump Shot,,,,CLE,1610612739.0,
Shot Chart Detail,22100127,222,0,Opponent,1610612761,Toronto Raptors,2,6,28,Made Shot,Pullup Jump shot,,Mid-Range,Left Side(L),8-16 ft.,11,-105,53,1,1,20211105,TOR,CLE,22100127222,|1627832|1628384|1628449|1629018|203920,1,REG,,,2022,1628449,-6.0,SF,Helper,0.4,Wade 12' Pullup Jump Shot (4 PTS) (Mobley 1 AST),,,,CLE,1610612739.0,1630596.0
Shot Chart Detail,22100127,227,0,Opponent,1610612761,Toronto Raptors,2,5,46,Missed Shot,Floating Jump shot,,In The Paint (Non-RA),Center(C),8-16 ft.,13,6,135,1,0,20211105,TOR,CLE,22100127227,|1627832|1628384|1628449|1629018|1630173,0,REG,,,2022,1630173,-6.0,C,Mobile Big,0.24,MISS Garland 14' Floating Jump Shot,,,,CLE,1610612739.0,
Shot Chart Detail,22100127,229,0,Opponent,1610612761,Toronto Raptors,2,5,39,Missed Shot,Turnaround Hook Shot,,In The Paint (Non-RA),Center(C),Less Than 8 ft.,6,45,48,1,0,20211105,TOR,CLE,22100127229,|1627832|1628384|1628449|1629018|1630173,0,REG,,,2022,1630173,-6.0,C,Mobile Big,0.24,MISS Allen 7' Turnaround Hook Shot,,,,CLE,1610612739.0,
Shot Chart Detail,22100127,237,0,Opponent,1610612761,Toronto Raptors,2,4,49,Made Shot,Alley Oop Dunk Shot,,Restricted Area,Center(C),Less Than 8 ft.,1,11,15,1,1,20211105,TOR,CLE,22100127237,|1627832|1628384|1628449|1629018|1630173,1,REG,,,2022,,,,,,,,,,CLE,1610612739.0,1629012.0
Shot Chart Detail,22100127,250,0,Opponent,1610612761,Toronto Raptors,2,4,11,Missed Shot,Jump Shot,,In The Paint (Non-RA),Center(C),Less Than 8 ft.,6,17,64,1,0,20211105,TOR,CLE,22100127250,|1628384|1628449|1629018|1630173|1630201,0,REG,,,2022,1630201|1630173|1629018,-5.0,,,,,,,,CLE,1610612739.0,
Shot Chart Detail,22100127,256,0,Opponent,1610612761,Toronto Raptors,2,3,47,Made Shot,Jump Shot,,Above the Break 3,Left Side Center(LC),24+ ft.,25,-135,220,1,1,20211105,TOR,CLE,22100127256,|1628384|1628449|1629018|1630173|1630201,1,REG,,,2022,1629018,-4.0,SG,Chaser,0.19,Rubio 26' 3PT Jump Shot (9 PTS) (Sexton 2 AST),,,,CLE,1610612739.0,1629012.0
Shot Chart Detail,22100127,262,0,Opponent,1610612761,Toronto Raptors,2,3,5,Missed Shot,Jump Shot,,Above the Break 3,Right Side Center(RC),24+ ft.,26,94,245,1,0,20211105,TOR,CLE,22100127262,|1628384|1628449|1629018|1630173|1630201,0,REG,,,2022,1628384,-4.0,SF,Wing Stopper,1.03,MISS Sexton 26' 3PT Jump Shot,,,,CLE,1610612739.0,
Shot Chart Detail,22100127,276,0,Opponent,1610612761,Toronto Raptors,2,2,9,Missed Shot,Driving Layup Shot,,In The Paint (Non-RA),Center(C),Less Than 8 ft.,4,-31,32,1,0,20211105,TOR,CLE,22100127276,|1628384|1629018|1630173|1630201|1630567,0,REG,,,2022,1630567,-5.0,PF,Helper,0.63,Barnes BLOCK (2 BLK),,,,CLE,1610612739.0,
Shot Chart Detail,22100127,279,0,Opponent,1610612761,Toronto Raptors,2,2,3,Made Shot,Putback Dunk Shot,,Restricted Area,Center(C),Less Than 8 ft.,2,-1,24,1,1,20211105,TOR,CLE,22100127279,|1628384|1629018|1630173|1630201|1630567,0,REG,,,2022,1628384|1630173,-3.0,,,,,,,,CLE,1610612739.0,
Shot Chart Detail,22100127,296,0,Opponent,1610612761,Toronto Raptors,2,0,13,Made Shot,Jump Shot,,Right Corner 3,Right Side(R),24+ ft.,22,227,25,1,1,20211105,TOR,CLE,22100127296,|1628384|1629018|1630173|1630201|1630567,1,REG,,,2022,,,,,,,,,,CLE,1610612739.0,1629636.0
Shot Chart Detail,22100127,325,0,Opponent,1610612761,Toronto Raptors,3,11,11,Missed Shot,Jump Shot,,Right Corner 3,Right Side(R),24+ ft.,23,230,11,1,0,20211105,TOR,CLE,22100127325,|1627832|1628384|1629018|1630173|1630567,0,REG,,,2022,1628384,-14.0,SF,Wing Stopper,1.03,MISS Wade 3PT Jump Shot,,,,CLE,1610612739.0,
Shot Chart Detail,22100127,333,0,Opponent,1610612761,Toronto Raptors,3,10,34,Missed Shot,Jump Shot,,Right Corner 3,Right Side(R),24+ ft.,22,227,23,1,0,20211105,TOR,CLE,22100127333,|1627832|1628384|1629018|1630173|1630567,0,REG,,,2022,1630567,-14.0,PF,Helper,0.63,MISS Mobley 3PT Jump Shot,,,,CLE,1610612739.0,
Shot Chart Detail,22100127,337,0,Opponent,1610612761,Toronto Raptors,3,10,1,Missed Shot,Pullup Jump shot,,Mid-Range,Right Side Center(RC),16-24 ft.,16,70,151,1,0,20211105,TOR,CLE,22100127337,|1627832|1628384|1629018|1630173|1630567,0,REG,,,2022,1630173,-14.0,C,Mobile Big,0.24,MISS Sexton 17' Pullup Jump Shot,,,,CLE,1610612739.0,
Shot Chart Detail,22100127,344,0,Opponent,1610612761,Toronto Raptors,3,9,35,Missed Shot,Jump Shot,,Above the Break 3,Right Side Center(RC),24+ ft.,24,197,141,1,0,20211105,TOR,CLE,22100127344,|1627832|1628384|1629018|1630173|1630567,0,REG,,,2022,1628384|1629018,-15.0,,,,,,,,CLE,1610612739.0,
Shot Chart Detail,22100127,349,0,Opponent,1610612761,Toronto Raptors,3,9,5,Missed Shot,Driving Floating Jump Shot,,Restricted Area,Center(C),Less Than 8 ft.,3,32,12,1,0,20211105,TOR,CLE,22100127349,|1627832|1628384|1629018|1630173|1630567,0,REG,,,2022,1630173|1630567|1629018,-15.0,,,,,,,,CLE,1610612739.0,
Shot Chart Detail,22100127,351,0,Opponent,1610612761,Toronto Raptors,3,9,1,Made Shot,Tip Layup Shot,,Restricted Area,Center(C),Less Than 8 ft.,0,0,0,1,1,20211105,TOR,CLE,22100127351,|1627832|1628384|1629018|1630173|1630567,0,REG,,,2022,1630173,-13.0,C,Mobile Big,0.24,Wade Tip Layup Shot (6 PTS),,,,CLE,1610612739.0,
Shot Chart Detail,22100127,353,0,Opponent,1610612761,Toronto Raptors,3,8,42,Made Shot,Cutting Dunk Shot,,Restricted Area,Center(C),Less Than 8 ft.,0,4,4,1,1,20211105,TOR,CLE,22100127353,|1627832|1628384|1629018|1630173|1630567,1,REG,,,2022,1630567,-13.0,PF,Helper,0.63,Mobley 1' Cutting Dunk Shot (10 PTS) (Garland 4 AST),,,,CLE,1610612739.0,1629636.0
Shot Chart Detail,22100127,357,0,Opponent,1610612761,Toronto Raptors,3,8,18,Made Shot,Running Alley Oop Dunk Shot,,Restricted Area,Center(C),Less Than 8 ft.,0,-4,0,1,1,20211105,TOR,CLE,22100127357,|1627832|1628384|1629018|1630173|1630567,1,REG,,,2022,1630567,-11.0,PF,Helper,0.63,Mobley Running Alley Oop Dunk Shot (12 PTS) (Garland 5 AST),,,,CLE,1610612739.0,1629636.0
Shot Chart Detail,22100127,367,0,Opponent,1610612761,Toronto Raptors,3,7,45,Made Shot,Driving Finger Roll Layup Shot,,Restricted Area,Center(C),Less Than 8 ft.,1,12,13,1,1,20211105,TOR,CLE,22100127367,|1627832|1628384|1629018|1630173|1630567,0,REG,,,2022,1628384,-11.0,SF,Wing Stopper,1.03,Garland 2' Driving Finger Roll Layup (6 PTS),,,,CLE,1610612739.0,
Shot Chart Detail,22100127,370,0,Opponent,1610612761,Toronto Raptors,3,7,18,Made Shot,Step Back Jump shot,,Above the Break 3,Right Side Center(RC),24+ ft.,24,94,231,1,1,20211105,TOR,CLE,22100127370,|1627832|1628384|1629018|1630173|1630567,0,REG,,,2022,1630567,-8.0,PF,Helper,0.63,Garland 25' 3PT Step Back Jump Shot (9 PTS),,,,CLE,1610612739.0,
Shot Chart Detail,22100127,373,0,Opponent,1610612761,Toronto Raptors,3,6,36,Missed Shot,Jump Shot,,Above the Break 3,Left Side Center(LC),24+ ft.,25,-191,165,1,0,20211105,TOR,CLE,22100127373,|1627832|1628384|1629018|1630173|1630567,0,REG,,,2022,1630567,-10.0,PF,Helper,0.63,MISS Mobley 25' 3PT Jump Shot,,,,CLE,1610612739.0,
Shot Chart Detail,22100127,391,0,Opponent,1610612761,Toronto Raptors,3,6,4,Missed Shot,Driving Floating Jump Shot,,In The Paint (Non-RA),Center(C),8-16 ft.,9,10,90,1,0,20211105,TOR,CLE,22100127391,|1627832|1628384|1629004|1629018|203920,0,REG,,,2022,203920,-10.0,C,Mobile Big,0.63,MISS Garland 9' Driving Floating Jump Shot,,,,CLE,1610612739.0,
Shot Chart Detail,22100127,405,0,Opponent,1610612761,Toronto Raptors,3,4,57,Made Shot,Cutting Layup Shot,,Restricted Area,Center(C),Less Than 8 ft.,1,-10,12,1,1,20211105,TOR,CLE,22100127405,|1627832|1628384|1629004|1629018|203920,1,REG,,,2022,203920,-11.0,C,Mobile Big,0.63,Stevens 2' Cutting Layup Shot (2 PTS) (Garland 6 AST),,,,CLE,1610612739.0,1629636.0
Shot Chart Detail,22100127,409,0,Opponent,1610612761,Toronto Raptors,3,4,22,Made Shot,Jump Shot,,Above the Break 3,Center(C),24+ ft.,24,-22,248,1,1,20211105,TOR,CLE,22100127409,|1627832|1628384|1629004|1629018|203920,0,REG,,,2022,1629018,-8.0,SG,Chaser,0.19,Osman 25' 3PT Jump Shot (13 PTS),,,,CLE,1610612739.0,
Shot Chart Detail,22100127,417,0,Opponent,1610612761,Toronto Raptors,3,3,38,Made Shot,Pullup Jump shot,,Above the Break 3,Left Side Center(LC),24+ ft.,25,-98,237,1,1,20211105,TOR,CLE,22100127417,|1628384|1629004|1629018|1630625|203920,0,REG,,,2022,203920,-7.0,C,Mobile Big,0.63,Osman 26' 3PT Pullup Jump Shot (16 PTS),,,,CLE,1610612739.0,
Shot Chart Detail,22100127,420,0,Opponent,1610612761,Toronto Raptors,3,3,2,Missed Shot,Jump Shot,,Left Corner 3,Left Side(L),24+ ft.,22,-221,-3,1,0,20211105,TOR,CLE,22100127420,|1628384|1629004|1629018|1630625|203920,0,REG,,,2022,203920,-7.0,C,Mobile Big,0.63,Birch BLOCK (2 BLK),,,,CLE,1610612739.0,
Shot Chart Detail,22100127,428,0,Opponent,1610612761,Toronto Raptors,3,2,49,Made Shot,Turnaround Jump Shot,,Mid-Range,Right Side(R),8-16 ft.,10,107,0,1,1,20211105,TOR,CLE,22100127428,|1629004|1629018|1630567|1630625|203920,1,REG,,,2022,203920,-5.0,C,Mobile Big,0.63,Mobley 11' Turnaround Jump Shot (14 PTS) (Windler 2 AST),,,,CLE,1610612739.0,1629685.0
Shot Chart Detail,22100127,446,0,Opponent,1610612761,Toronto Raptors,3,1,47,Missed Shot,Jump Shot,,Above the Break 3,Center(C),24+ ft.,25,-40,254,1,0,20211105,TOR,CLE,22100127446,|1629004|1629018|1630567|1630625|203920,0,REG,,,2022,1629004,-7.0,SF,Chaser,-0.31,MISS Osman 26' 3PT Jump Shot,,,,CLE,1610612739.0,
Shot Chart Detail,22100127,460,0,Opponent,1610612761,Toronto Raptors,3,1,11,Made Shot,Alley Oop Dunk Shot,,Restricted Area,Center(C),Less Than 8 ft.,1,13,-4,1,1,20211105,TOR,CLE,22100127460,|1629004|1629018|1630567|1630625|203920,1,REG,,,2022,,,,,,,,,,CLE,1610612739.0,201937.0
Shot Chart Detail,22100127,466,0,Opponent,1610612761,Toronto Raptors,3,0,39,Made Shot,Driving Layup Shot,,Restricted Area,Center(C),Less Than 8 ft.,1,-7,11,1,1,20211105,TOR,CLE,22100127466,|1629004|1629018|1630567|1630625|203920,0,REG,,,2022,1630625,-4.0,PG,Chaser,0.27,Rubio 1' Driving Layup (11 PTS),,,,CLE,1610612739.0,
Shot Chart Detail,22100127,496,0,Opponent,1610612761,Toronto Raptors,4,10,52,Missed Shot,Driving Hook Shot,,In The Paint (Non-RA),Center(C),8-16 ft.,11,-22,115,1,0,20211105,TOR,CLE,22100127496,|1627832|1628384|1629004|1630567|203920,0,REG,,,2022,1628384,-6.0,SF,Wing Stopper,1.03,MISS Osman 12' Driving Hook Shot,,,,CLE,1610612739.0,
Shot Chart Detail,22100127,509,0,Opponent,1610612761,Toronto Raptors,4,10,17,Made Shot,Jump Shot,,Above the Break 3,Right Side Center(RC),24+ ft.,24,142,199,1,1,20211105,TOR,CLE,22100127509,|1627832|1628384|1629004|1630567|203920,1,REG,,,2022,,,,,,,,,,CLE,1610612739.0,1626224.0
Shot Chart Detail,22100127,513,0,Opponent,1610612761,Toronto Raptors,4,9,41,Missed Shot,Jump Shot,,Above the Break 3,Left Side Center(LC),24+ ft.,24,-223,97,1,0,20211105,TOR,CLE,22100127513,|1627832|1628384|1629004|1630567|203920,0,REG,,,2022,1630567,-5.0,PF,Helper,0.63,MISS Osman 24' 3PT Jump Shot,,,,CLE,1610612739.0,
Shot Chart Detail,22100127,525,0,Opponent,1610612761,Toronto Raptors,4,9,0,Made Shot,Driving Floating Jump Shot,,In The Paint (Non-RA),Center(C),8-16 ft.,14,66,126,1,1,20211105,TOR,CLE,22100127525,|1627832|1628384|1630201|1630567|203920,0,REG,,,2022,1630201|203920,-6.0,,,,,,,,CLE,1610612739.0,
Shot Chart Detail,22100127,536,0,Opponent,1610612761,Toronto Raptors,4,8,7,Made Shot,Jump Shot,,Above the Break 3,Right Side Center(RC),24+ ft.,24,96,230,1,1,20211105,TOR,CLE,22100127536,|1627832|1628384|1630201|1630567|203920,1,REG,,,2022,1628384,-5.0,SF,Wing Stopper,1.03,Garland 25' 3PT Jump Shot (14 PTS) (Wade 1 AST),,,,CLE,1610612739.0,1629731.0
Shot Chart Detail,22100127,540,0,Opponent,1610612761,Toronto Raptors,4,7,19,Made Shot,Driving Finger Roll Layup Shot,,Restricted Area,Center(C),Less Than 8 ft.,2,22,11,1,1,20211105,TOR,CLE,22100127540,|1627832|1628384|1630201|1630567|203920,1,REG,,,2022,1630201,-3.0,PG,Point of Attack,-0.52,Garland 2' Driving Finger Roll Layup (16 PTS) (Wade 2 AST),,,,CLE,1610612739.0,1629731.0
Shot Chart Detail,22100127,549,0,Opponent,1610612761,Toronto Raptors,4,6,43,Missed Shot,Floating Jump shot,,In The Paint (Non-RA),Center(C),8-16 ft.,9,2,96,1,0,20211105,TOR,CLE,22100127549,|1627832|1628384|1630201|1630567|203920,0,REG,,,2022,1630567,-5.0,PF,Helper,0.63,MISS Sexton 10' Floating Jump Shot,,,,CLE,1610612739.0,
Shot Chart Detail,22100127,556,0,Opponent,1610612761,Toronto Raptors,4,6,33,Missed Shot,Driving Layup Shot,,Restricted Area,Center(C),Less Than 8 ft.,2,13,27,1,0,20211105,TOR,CLE,22100127556,|1627832|1628384|1629018|1630567|203920,0,REG,,,2022,1627832,-5.0,PG,Point of Attack,0.9,MISS Sexton 3' Driving Layup,,,,CLE,1610612739.0,
Shot Chart Detail,22100127,558,0,Opponent,1610612761,Toronto Raptors,4,6,28,Made Shot,Tip Layup Shot,,Restricted Area,Center(C),Less Than 8 ft.,0,0,0,1,1,20211105,TOR,CLE,22100127558,|1627832|1628384|1629018|1630567|203920,0,REG,,,2022,1627832|203920,-3.0,,,,,,,,CLE,1610612739.0,
Shot Chart Detail,22100127,561,0,Opponent,1610612761,Toronto Raptors,4,5,57,Made Shot,Driving Floating Jump Shot,,Restricted Area,Center(C),Less Than 8 ft.,2,17,17,1,1,20211105,TOR,CLE,22100127561,|1627832|1628384|1629018|1630567|203920,1,REG,,,2022,1630567,-1.0,PF,Helper,0.63,Wade 2' Driving Floating Jump Shot (8 PTS) (Garland 7 AST),,,,CLE,1610612739.0,1629636.0
Shot Chart Detail,22100127,563,0,Opponent,1610612761,Toronto Raptors,4,5,14,Missed Shot,Pullup Jump shot,,Mid-Range,Right Side(R),8-16 ft.,11,102,54,1,0,20211105,TOR,CLE,22100127563,|1627832|1628384|1629018|1630567|203920,0,REG,,,2022,203920,-3.0,C,Mobile Big,0.63,MISS Garland 12' Pullup Jump Shot,,,,CLE,1610612739.0,
Shot Chart Detail,22100127,571,0,Opponent,1610612761,Toronto Raptors,4,4,46,Missed Shot,Jump Shot,,Left Corner 3,Left Side(L),24+ ft.,22,-225,10,1,0,20211105,TOR,CLE,22100127571,|1627832|1628384|1629018|1630567|203920,0,REG,,,2022,1628384,-3.0,SF,Wing Stopper,1.03,Anunoby BLOCK (1 BLK),,,,CLE,1610612739.0,
Shot Chart Detail,22100127,575,0,Opponent,1610612761,Toronto Raptors,4,4,42,Made Shot,Pullup Jump shot,,Above the Break 3,Left Side Center(LC),24+ ft.,24,-81,236,1,1,20211105,TOR,CLE,22100127575,|1627832|1628384|1629018|1630567|203920,0,REG,,,2022,203920,0.0,C,Mobile Big,0.63,Allen 25' 3PT Pullup Jump Shot (12 PTS),,,,CLE,1610612739.0,
Shot Chart Detail,22100127,586,0,Opponent,1610612761,Toronto Raptors,4,3,52,Missed Shot,Driving Hook Shot,,Restricted Area,Center(C),Less Than 8 ft.,2,23,1,1,0,20211105,TOR,CLE,22100127586,|1627832|1628384|1629018|1630567|203920,0,REG,,,2022,1627832|203920,0.0,,,,,,,,CLE,1610612739.0,
Shot Chart Detail,22100127,589,0,Opponent,1610612761,Toronto Raptors,4,3,26,Missed Shot,Jump Shot,,Above the Break 3,Left Side Center(LC),24+ ft.,24,-188,162,1,0,20211105,TOR,CLE,22100127589,|1627832|1628384|1629018|1630567|203920,0,REG,,,2022,1629018,-2.0,SG,Chaser,0.19,MISS Sexton 25' 3PT Jump Shot,,,,CLE,1610612739.0,
Shot Chart Detail,22100127,616,0,Opponent,1610612761,Toronto Raptors,4,2,4,Made Shot,Driving Floating Jump Shot,,In The Paint (Non-RA),Center(C),8-16 ft.,15,65,136,1,1,20211105,TOR,CLE,22100127616,|1627832|1628384|1629018|1630567|203920,1,REG,,,2022,1627832,-2.0,PG,Point of Attack,0.9,Garland 15' Driving Floating Jump Shot (19 PTS) (Rubio 4 AST),,,,CLE,1610612739.0,201937.0
Shot Chart Detail,22100127,619,0,Opponent,1610612761,Toronto Raptors,4,1,32,Missed Shot,Jump Shot,,Above the Break 3,Left Side Center(LC),24+ ft.,24,-186,165,1,0,20211105,TOR,CLE,22100127619,|1627832|1628384|1629018|1630567|203920,0,REG,,,2022,1628384,-5.0,SF,Wing Stopper,1.03,MISS Osman 25' 3PT Jump Shot,,,,CLE,1610612739.0,
Shot Chart Detail,22100127,621,0,Opponent,1610612761,Toronto Raptors,4,1,23,Missed Shot,Layup Shot,,Restricted Area,Center(C),Less Than 8 ft.,2,29,4,1,0,20211105,TOR,CLE,22100127621,|1627832|1628384|1629018|1630567|203920,0,REG,,,2022,,,,,,,,,,CLE,1610612739.0,
Shot Chart Detail,22100127,626,0,Opponent,1610612761,Toronto Raptors,4,1,14,Made Shot,Cutting Dunk Shot,,Restricted Area,Center(C),Less Than 8 ft.,0,0,8,1,1,20211105,TOR,CLE,22100127626,|1627832|1628384|1629018|1630567|203920,1,REG,,,2022,203920,-3.0,C,Mobile Big,0.63,Allen 1' Cutting Dunk Shot (14 PTS) (Mobley 2 AST),,,,CLE,1610612739.0,1630596.0
Shot Chart Detail,22100127,630,0,Opponent,1610612761,Toronto Raptors,4,0,42,Made Shot,Driving Finger Roll Layup Shot,,Restricted Area,Center(C),Less Than 8 ft.,1,16,6,1,1,20211105,TOR,CLE,22100127630,|1627832|1628384|1629018|1630567|203920,1,REG,,,2022,203920,-1.0,C,Mobile Big,0.63,Allen 2' Driving Finger Roll Layup (16 PTS) (Garland 8 AST),,,,CLE,1610612739.0,1629636.0
Shot Chart Detail,22100127,642,0,Opponent,1610612761,Toronto Raptors,4,0,13,Missed Shot,Driving Layup Shot,,In The Paint (Non-RA),Center(C),Less Than 8 ft.,5,-49,17,1,0,20211105,TOR,CLE,22100127642,|1627832|1628384|1629018|1630567|203920,0,REG,,,2022,1629018,-1.0,SG,Chaser,0.19,Trent Jr. BLOCK (2 BLK),,,,CLE,1610612739.0,
Shot Chart Detail,22100127,667,0,Opponent,1610612761,Toronto Raptors,2,1,42,Missed Shot,Driving Layup Shot,,In The Paint (Non-RA),Center(C),Less Than 8 ft.,7,2,77,1,0,20211105,TOR,CLE,22100127667,|1628384|1629018|1630173|1630201|1630567,0,REG,,,2022,1630201,,PG,Point of Attack,-0.52,Flynn BLOCK (1 BLK),,,,CLE,1610612739.0,
Shot Chart Detail,22100139,7,0,Opponent,1610612761,Toronto Raptors,1,11,43,Missed Shot,Jump Shot,,Left Corner 3,Left Side(L),24+ ft.,22,-221,5,1,0,20211107,TOR,BKN,221001397,|1627783|1627832|1628384|1629018|1630567,0,REG,,,2022,1627832,0.0,PG,Point of Attack,0.9,MISS Brown 3PT Jump Shot,,,,BKN,1610612751.0,
Shot Chart Detail,22100139,11,0,Opponent,1610612761,Toronto Raptors,1,11,17,Made Shot,Running Layup Shot,,Restricted Area,Center(C),Less Than 8 ft.,1,-5,16,1,1,20211107,TOR,BKN,2210013911,|1627783|1627832|1628384|1629018|1630567,1,REG,,,2022,1627832,2.0,PG,Point of Attack,0.9,Brown 2' Running Layup (2 PTS) (Harden 1 AST),,,,BKN,1610612751.0,201935.0
Shot Chart Detail,22100139,23,0,Opponent,1610612761,Toronto Raptors,1,10,7,Missed Shot,Jump Shot,,Above the Break 3,Left Side Center(LC),24+ ft.,25,-200,166,1,0,20211107,TOR,BKN,2210013923,|1627783|1627832|1628384|1629018|1630567,0,REG,,,2022,1627832,0.0,PG,Point of Attack,0.9,MISS Harden 26' 3PT Jump Shot,,,,BKN,1610612751.0,
Shot Chart Detail,22100139,27,0,Opponent,1610612761,Toronto Raptors,1,9,27,Missed Shot,Step Back Jump shot,,Left Corner 3,Left Side(L),24+ ft.,22,-228,17,1,0,20211107,TOR,BKN,2210013927,|1627783|1627832|1628384|1629018|1630567,0,REG,,,2022,1628384,-3.0,SF,Wing Stopper,1.03,MISS Harden 3PT Step Back Jump Shot,,,,BKN,1610612751.0,
Shot Chart Detail,22100139,29,0,Opponent,1610612761,Toronto Raptors,1,9,22,Made Shot,Jump Shot,,Above the Break 3,Center(C),24+ ft.,26,-11,260,1,1,20211107,TOR,BKN,2210013929,|1627783|1627832|1628384|1629018|1630567,1,REG,,,2022,1629018,0.0,SG,Chaser,0.19,Harris 26' 3PT Jump Shot (3 PTS) (Harden 2 AST),,,,BKN,1610612751.0,201935.0
Shot Chart Detail,22100139,38,0,Opponent,1610612761,Toronto Raptors,1,8,32,Missed Shot,Driving Floating Jump Shot,,In The Paint (Non-RA),Center(C),8-16 ft.,12,-53,113,1,0,20211107,TOR,BKN,2210013938,|1627783|1627832|1628384|1629018|1630567,0,REG,,,2022,1628384,-1.0,SF,Wing Stopper,1.03,MISS Durant 12' Driving Floating Jump Shot,,,,BKN,1610612751.0,
Shot Chart Detail,22100139,44,0,Opponent,1610612761,Toronto Raptors,1,8,4,Missed Shot,Pullup Jump shot,,Above the Break 3,Center(C),24+ ft.,25,-44,256,1,0,20211107,TOR,BKN,2210013944,|1627783|1627832|1628384|1629018|1630567,0,REG,,,2022,1628384,-4.0,SF,Wing Stopper,1.03,MISS Durant 26' 3PT Pullup Jump Shot,,,,BKN,1610612751.0,
Shot Chart Detail,22100139,48,0,Opponent,1610612761,Toronto Raptors,1,7,43,Missed Shot,Driving Floating Jump Shot,,Mid-Range,Center(C),8-16 ft.,14,-49,140,1,0,20211107,TOR,BKN,2210013948,|1627783|1627832|1628384|1629018|1630567,0,REG,,,2022,1629018|1628384,-4.0,,,,,,,,BKN,1610612751.0,
Shot Chart Detail,22100139,53,0,Opponent,1610612761,Toronto Raptors,1,7,18,Made Shot,Jump Shot,,Mid-Range,Left Side(L),8-16 ft.,14,-99,100,1,1,20211107,TOR,BKN,2210013953,|1627783|1627832|1628384|1629018|1630567,0,REG,,,2022,1630567,-4.0,PF,Helper,0.63,Durant 14' Jump Shot (3 PTS),,,,BKN,1610612751.0,
Shot Chart Detail,22100139,61,0,Opponent,1610612761,Toronto Raptors,1,6,43,Made Shot,Jump Shot,,Above the Break 3,Center(C),24+ ft.,26,-69,251,1,1,20211107,TOR,BKN,2210013961,|1627832|1628384|1629018|1630173|1630567,1,REG,,,2022,1630567,-1.0,PF,Helper,0.63,Durant 26' 3PT Jump Shot (6 PTS) (Griffin 1 AST),,,,BKN,1610612751.0,201933.0
Shot Chart Detail,22100139,71,0,Opponent,1610612761,Toronto Raptors,1,5,42,Made Shot,Driving Floating Jump Shot,,In The Paint (Non-RA),Center(C),Less Than 8 ft.,7,7,75,1,1,20211107,TOR,BKN,2210013971,|1627832|1628384|1629018|1630173|1630567,1,REG,,,2022,1630567,1.0,PF,Helper,0.63,Harden 8' Driving Floating Jump Shot (2 PTS) (Durant 1 AST),,,,BKN,1610612751.0,201142.0
Shot Chart Detail,22100139,77,0,Opponent,1610612761,Toronto Raptors,1,5,14,Made Shot,Jump Shot,,Above the Break 3,Right Side Center(RC),24+ ft.,25,158,204,1,1,20211107,TOR,BKN,2210013977,|1627832|1628384|1629018|1630173|1630567,1,REG,,,2022,1630173,4.0,C,Mobile Big,0.24,Griffin 26' 3PT Jump Shot (3 PTS) (Harden 3 AST),,,,BKN,1610612751.0,201935.0
Shot Chart Detail,22100139,82,0,Opponent,1610612761,Toronto Raptors,1,4,45,Missed Shot,Jump Shot,,Above the Break 3,Left Side Center(LC),24+ ft.,25,-165,194,1,0,20211107,TOR,BKN,2210013982,|1627832|1628384|1629018|1630173|1630567,0,REG,,,2022,1630173,2.0,C,Mobile Big,0.24,MISS Griffin 25' 3PT Jump Shot,,,,BKN,1610612751.0,
Shot Chart Detail,22100139,86,0,Opponent,1610612761,Toronto Raptors,1,4,17,Missed Shot,Driving Floating Jump Shot,,In The Paint (Non-RA),Center(C),8-16 ft.,8,2,82,1,0,20211107,TOR,BKN,2210013986,|1627832|1628384|1629018|1630173|1630567,0,REG,,,2022,1630567,2.0,PF,Helper,0.63,MISS Brown 8' Driving Floating Jump Shot,,,,BKN,1610612751.0,
Shot Chart Detail,22100139,89,0,Opponent,1610612761,Toronto Raptors,1,4,12,Missed Shot,Jump Shot,,Left Corner 3,Left Side(L),24+ ft.,22,-225,-1,1,0,20211107,TOR,BKN,2210013989,|1627832|1628384|1629018|1630173|1630567,0,REG,,,2022,1628384,2.0,SF,Wing Stopper,1.03,MISS Durant 3PT Jump Shot,,,,BKN,1610612751.0,
Shot Chart Detail,22100139,97,0,Opponent,1610612761,Toronto Raptors,1,3,43,Made Shot,Pullup Jump shot,,Mid-Range,Center(C),16-24 ft.,16,-9,164,1,1,20211107,TOR,BKN,2210013997,|1627832|1628384|1629018|1630173|1630567,1,REG,,,2022,1628384|1630173,4.0,,,,,,,,BKN,1610612751.0,201933.0
Shot Chart Detail,22100139,109,0,Opponent,1610612761,Toronto Raptors,1,3,1,Missed Shot,Step Back Jump shot,,Above the Break 3,Left Side Center(LC),24+ ft.,25,-137,220,1,0,20211107,TOR,BKN,22100139109,|1628384|1629004|1630173|1630567|1630625,0,REG,,,2022,1630625,2.0,PG,Chaser,0.27,MISS Harden 26' 3PT Step Back Jump Shot,,,,BKN,1610612751.0,
Shot Chart Detail,22100139,113,0,Opponent,1610612761,Toronto Raptors,1,2,25,Made Shot,Jump Shot,,Left Corner 3,Left Side(L),24+ ft.,22,-221,20,1,1,20211107,TOR,BKN,22100139113,|1628384|1629004|1630173|1630567|1630625,1,REG,,,2022,1630173,3.0,C,Mobile Big,0.24,Griffin 3PT Jump Shot (6 PTS) (Durant 2 AST),,,,BKN,1610612751.0,201142.0
Shot Chart Detail,22100139,116,0,Opponent,1610612761,Toronto Raptors,1,1,58,Made Shot,Cutting Layup Shot,,Restricted Area,Center(C),Less Than 8 ft.,3,13,34,1,1,20211107,TOR,BKN,22100139116,|1628384|1629004|1630173|1630567|1630625,1,REG,,,2022,1630173|1630567,3.0,,,,,,,,BKN,1610612751.0,201142.0
Shot Chart Detail,22100139,119,0,Opponent,1610612761,Toronto Raptors,1,1,29,Made Shot,Driving Layup Shot,,Restricted Area,Center(C),Less Than 8 ft.,3,25,17,1,1,20211107,TOR,BKN,22100139119,|1628384|1629004|1630173|1630567|1630625,0,REG,,,2022,1630567,3.0,PF,Helper,0.63,Harden 3' Driving Layup (4 PTS),,,,BKN,1610612751.0,
Shot Chart Detail,22100139,121,0,Opponent,1610612761,Toronto Raptors,1,0,54,Missed Shot,Driving Layup Shot,,Restricted Area,Center(C),Less Than 8 ft.,3,-29,27,1,0,20211107,TOR,BKN,22100139121,|1628384|1629004|1630173|1630567|1630625,0,REG,,,2022,1630173,1.0,C,Mobile Big,0.24,Achiuwa BLOCK (1 BLK),,,,BKN,1610612751.0,
Shot Chart Detail,22100139,124,0,Opponent,1610612761,Toronto Raptors,1,0,44,Made Shot,Pullup Jump shot,,Mid-Range,Center(C),8-16 ft.,15,-50,143,1,1,20211107,TOR,BKN,22100139124,|1628384|1629004|1630173|1630567|1630625,0,REG,,,2022,1630173,3.0,C,Mobile Big,0.24,Durant 15' Pullup Jump Shot (12 PTS),,,,BKN,1610612751.0,
Shot Chart Detail,22100139,127,0,Opponent,1610612761,Toronto Raptors,1,0,7,Missed Shot,Pullup Jump shot,,Above the Break 3,Left Side Center(LC),24+ ft.,27,-119,250,1,0,20211107,TOR,BKN,22100139127,|1628384|1629004|1630173|1630567|1630625,0,REG,,,2022,1630567,3.0,PF,Helper,0.63,MISS Harden 28' 3PT Pullup Jump Shot,,,,BKN,1610612751.0,
Shot Chart Detail,22100139,151,0,Opponent,1610612761,Toronto Raptors,2,11,25,Missed Shot,Jump Shot,,Above the Break 3,Left Side Center(LC),24+ ft.,25,-162,200,1,0,20211107,TOR,BKN,22100139151,|1627783|1627832|1629004|1630173|1630625,0,REG,,,2022,1629004,3.0,SF,Chaser,-0.31,MISS Harris 26' 3PT Jump Shot,,,,BKN,1610612751.0,
Shot Chart Detail,22100139,155,0,Opponent,1610612761,Toronto Raptors,2,11,8,Made Shot,Running Layup Shot,,Restricted Area,Center(C),Less Than 8 ft.,2,-12,17,1,1,20211107,TOR,BKN,22100139155,|1627783|1627832|1629004|1630173|1630625,1,REG,,,2022,1627832|1630173,5.0,,,,,,,,BKN,1610612751.0,200794.0
Shot Chart Detail,22100139,159,0,Opponent,1610612761,Toronto Raptors,2,10,45,Missed Shot,Layup Shot,,Restricted Area,Center(C),Less Than 8 ft.,3,28,21,1,0,20211107,TOR,BKN,22100139159,|1627783|1627832|1629004|1630173|1630625,0,REG,,,2022,1630625,5.0,PG,Chaser,0.27,MISS Bembry 4' Layup,,,,BKN,1610612751.0,
Shot Chart Detail,22100139,168,0,Opponent,1610612761,Toronto Raptors,2,9,59,Made Shot,Pullup Jump shot,,Above the Break 3,Center(C),24+ ft.,25,-9,251,1,1,20211107,TOR,BKN,22100139168,|1627783|1627832|1629004|1630173|1630625,1,REG,,,2022,1630173|1629004,5.0,,,,,,,,BKN,1610612751.0,200746.0
Shot Chart Detail,22100139,190,0,Opponent,1610612761,Toronto Raptors,2,8,24,Missed Shot,Jump Shot,,Above the Break 3,Right Side Center(RC),24+ ft.,25,92,241,1,0,20211107,TOR,BKN,22100139190,|1627783|1627832|1629018|1630173|1630625,0,REG,,,2022,1630625,3.0,PG,Chaser,0.27,MISS Mills 26' 3PT Jump Shot,,,,BKN,1610612751.0,
Shot Chart Detail,22100139,193,0,Opponent,1610612761,Toronto Raptors,2,7,57,Missed Shot,Jump Shot,,Mid-Range,Right Side Center(RC),16-24 ft.,18,124,141,1,0,20211107,TOR,BKN,22100139193,|1627783|1627832|1629018|1630173|1630625,0,REG,,,2022,1630173,1.0,C,Mobile Big,0.24,MISS Aldridge 19' Jump Shot,,,,BKN,1610612751.0,
Shot Chart Detail,22100139,197,0,Opponent,1610612761,Toronto Raptors,2,7,18,Made Shot,Jump Shot,,Left Corner 3,Left Side(L),24+ ft.,23,-233,24,1,1,20211107,TOR,BKN,22100139197,|1627783|1627832|1629018|1630173|1630625,1,REG,,,2022,1629018,4.0,SG,Chaser,0.19,Bembry 3PT Jump Shot (3 PTS) (Aldridge 2 AST),,,,BKN,1610612751.0,200746.0
Shot Chart Detail,22100139,209,0,Opponent,1610612761,Toronto Raptors,2,6,49,Missed Shot,Jump Shot,,Above the Break 3,Right Side Center(RC),24+ ft.,24,170,173,1,0,20211107,TOR,BKN,22100139209,|1627832|1628384|1629018|1630173|1630567,0,REG,,,2022,1627832|1629018,1.0,,,,,,,,BKN,1610612751.0,
Shot Chart Detail,22100139,218,0,Opponent,1610612761,Toronto Raptors,2,6,1,Missed Shot,Pullup Jump shot,,Mid-Range,Right Side(R),8-16 ft.,13,120,64,1,0,20211107,TOR,BKN,22100139218,|1627832|1628384|1629018|1630173|1630567,0,REG,,,2022,1627832|1630567,0.0,,,,,,,,BKN,1610612751.0,
Shot Chart Detail,22100139,220,0,Opponent,1610612761,Toronto Raptors,2,5,55,Made Shot,Jump Shot,,Above the Break 3,Left Side Center(LC),24+ ft.,24,-167,180,1,1,20211107,TOR,BKN,22100139220,|1627832|1628384|1629018|1630173|1630567,1,REG,,,2022,1628384,3.0,SF,Wing Stopper,1.03,Mills 25' 3PT Jump Shot (4 PTS) (Brown 1 AST),,,,BKN,1610612751.0,1628971.0
Shot Chart Detail,22100139,224,0,Opponent,1610612761,Toronto Raptors,2,5,14,Missed Shot,Turnaround Hook Shot,,In The Paint (Non-RA),Center(C),Less Than 8 ft.,4,42,27,1,0,20211107,TOR,BKN,22100139224,|1627832|1628384|1629018|1630173|1630567,0,REG,,,2022,1630173,0.0,C,Mobile Big,0.24,MISS Aldridge 5' Turnaround Hook Shot,,,,BKN,1610612751.0,
Shot Chart Detail,22100139,241,0,Opponent,1610612761,Toronto Raptors,2,4,17,Missed Shot,Driving Floating Jump Shot,,In The Paint (Non-RA),Right Side(R),8-16 ft.,9,67,67,1,0,20211107,TOR,BKN,22100139241,|1627832|1628384|1628449|1629018|1630567,0,REG,,,2022,1628449,-4.0,SF,Helper,0.4,Boucher BLOCK (1 BLK),,,,BKN,1610612751.0,
Shot Chart Detail,22100139,244,0,Opponent,1610612761,Toronto Raptors,2,4,12,Made Shot,Layup Shot,,Restricted Area,Center(C),Less Than 8 ft.,3,4,34,1,1,20211107,TOR,BKN,22100139244,|1627832|1628384|1628449|1629018|1630567,0,REG,,,2022,1628449,-2.0,SF,Helper,0.4,Harden 3' Layup (6 PTS),,,,BKN,1610612751.0,
Shot Chart Detail,22100139,248,0,Opponent,1610612761,Toronto Raptors,2,3,42,Made Shot,Pullup Jump shot,,Mid-Range,Left Side Center(LC),16-24 ft.,16,-64,147,1,1,20211107,TOR,BKN,22100139248,|1627832|1628384|1628449|1629018|1630567,1,REG,,,2022,1628449,-2.0,SF,Helper,0.4,Durant 16' Pullup Jump Shot (14 PTS) (Harden 4 AST),,,,BKN,1610612751.0,201935.0
Shot Chart Detail,22100139,252,0,Opponent,1610612761,Toronto Raptors,2,3,1,Missed Shot,Step Back Jump shot,,Above the Break 3,Left Side Center(LC),24+ ft.,25,-92,243,1,0,20211107,TOR,BKN,22100139252,|1627832|1628384|1628449|1629018|1630567,0,REG,,,2022,1628449|1628384,-2.0,,,,,,,,BKN,1610612751.0,
Shot Chart Detail,22100139,274,0,Opponent,1610612761,Toronto Raptors,2,1,53,Missed Shot,Pullup Jump shot,,Above the Break 3,Left Side Center(LC),24+ ft.,25,-121,225,1,0,20211107,TOR,BKN,22100139274,|1627832|1628384|1628449|1629018|1630567,0,REG,,,2022,1628449,-3.0,SF,Helper,0.4,MISS Durant 26' 3PT Pullup Jump Shot,,,,BKN,1610612751.0,
Shot Chart Detail,22100139,278,0,Opponent,1610612761,Toronto Raptors,2,1,17,Made Shot,Driving Layup Shot,,Restricted Area,Center(C),Less Than 8 ft.,1,-7,15,1,1,20211107,TOR,BKN,22100139278,|1627832|1628384|1628449|1629018|1630567,0,REG,,,2022,1628449,-3.0,SF,Helper,0.4,Harden 2' Driving Layup (10 PTS),,,,BKN,1610612751.0,
Shot Chart Detail,22100139,288,0,Opponent,1610612761,Toronto Raptors,2,0,10,Made Shot,Driving Layup Shot,,Restricted Area,Center(C),Less Than 8 ft.,3,26,22,1,1,20211107,TOR,BKN,22100139288,|1627832|1628384|1628449|1629018|1630567,0,REG,,,2022,1628449|1630567,-5.0,,,,,,,,BKN,1610612751.0,
Shot Chart Detail,22100139,308,0,Opponent,1610612761,Toronto Raptors,3,11,29,Missed Shot,Jump Shot,,Left Corner 3,Left Side(L),24+ ft.,22,-222,-5,1,0,20211107,TOR,BKN,22100139308,|1627783|1627832|1628384|1629018|1630567,0,REG,,,2022,1627783,-7.0,PF,Helper,0.72,Siakam BLOCK (1 BLK),,,,BKN,1610612751.0,
Shot Chart Detail,22100139,313,0,Opponent,1610612761,Toronto Raptors,3,11,15,Made Shot,Hook Shot,,In The Paint (Non-RA),Center(C),Less Than 8 ft.,4,43,16,1,1,20211107,TOR,BKN,22100139313,|1627783|1627832|1628384|1629018|1630567,1,REG,,,2022,1627783,-5.0,PF,Helper,0.72,Brown 5' Hook Shot (6 PTS) (Harris 1 AST),,,,BKN,1610612751.0,203925.0
Shot Chart Detail,22100139,317,0,Opponent,1610612761,Toronto Raptors,3,10,30,Made Shot,Driving Finger Roll Layup Shot,,Restricted Area,Center(C),Less Than 8 ft.,2,20,4,1,1,20211107,TOR,BKN,22100139317,|1627783|1627832|1628384|1629018|1630567,1,REG,,,2022,1627783,-3.0,PF,Helper,0.72,Griffin 2' Driving Finger Roll Layup (8 PTS) (Durant 4 AST),,,,BKN,1610612751.0,201142.0
Shot Chart Detail,22100139,321,0,Opponent,1610612761,Toronto Raptors,3,10,15,Made Shot,Running Dunk Shot,,Restricted Area,Center(C),Less Than 8 ft.,1,1,10,1,1,20211107,TOR,BKN,22100139321,|1627783|1627832|1628384|1629018|1630567,1,REG,,,2022,1627832,-1.0,PG,Point of Attack,0.9,Durant 1' Running Dunk (18 PTS) (Harden 5 AST),,,,BKN,1610612751.0,201935.0
Shot Chart Detail,22100139,327,0,Opponent,1610612761,Toronto Raptors,3,9,33,Made Shot,Jump Shot,,Right Corner 3,Right Side(R),24+ ft.,22,229,8,1,1,20211107,TOR,BKN,22100139327,|1627783|1627832|1628384|1629018|1630567,1,REG,,,2022,1627783,2.0,PF,Helper,0.72,Griffin 3PT Jump Shot (11 PTS) (Harden 6 AST),,,,BKN,1610612751.0,201935.0
Shot Chart Detail,22100139,342,0,Opponent,1610612761,Toronto Raptors,3,8,27,Missed Shot,Floating Jump shot,,In The Paint (Non-RA),Center(C),Less Than 8 ft.,7,-2,79,1,0,20211107,TOR,BKN,22100139342,|1627783|1627832|1628384|1629018|1630173,0,REG,,,2022,1627783,2.0,PF,Helper,0.72,MISS Brown 8' Floating Jump Shot,,,,BKN,1610612751.0,
Shot Chart Detail,22100139,349,0,Opponent,1610612761,Toronto Raptors,3,7,51,Made Shot,Layup Shot,,Restricted Area,Center(C),Less Than 8 ft.,2,25,15,1,1,20211107,TOR,BKN,22100139349,|1627783|1627832|1628384|1629018|1630173,1,REG,,,2022,1628384,2.0,SF,Wing Stopper,1.03,Brown 3' Layup (8 PTS) (Durant 5 AST),,,,BKN,1610612751.0,201142.0
Shot Chart Detail,22100139,353,0,Opponent,1610612761,Toronto Raptors,3,7,24,Made Shot,Running Jump Shot,,Above the Break 3,Center(C),24+ ft.,24,-38,247,1,1,20211107,TOR,BKN,22100139353,|1627783|1627832|1628384|1629018|1630173,1,REG,,,2022,1630173,5.0,C,Mobile Big,0.24,Harris 25' 3PT Running Jump Shot (11 PTS) (Brown 2 AST),,,,BKN,1610612751.0,1628971.0
Shot Chart Detail,22100139,361,0,Opponent,1610612761,Toronto Raptors,3,6,43,Missed Shot,Jump Shot,,Above the Break 3,Right Side Center(RC),24+ ft.,24,121,218,1,0,20211107,TOR,BKN,22100139361,|1627783|1627832|1628384|1629018|1630173,0,REG,,,2022,1629018,5.0,SG,Chaser,0.19,MISS Harris 25' 3PT Jump Shot,,,,BKN,1610612751.0,
Shot Chart Detail,22100139,368,0,Opponent,1610612761,Toronto Raptors,3,6,24,Missed Shot,Floating Jump shot,,In The Paint (Non-RA),Center(C),8-16 ft.,8,-27,83,1,0,20211107,TOR,BKN,22100139368,|1627783|1627832|1628384|1629018|1630173,0,REG,,,2022,1627832,4.0,PG,Point of Attack,0.9,MISS Brown 9' Floating Jump Shot,,,,BKN,1610612751.0,
Shot Chart Detail,22100139,374,0,Opponent,1610612761,Toronto Raptors,3,5,52,Missed Shot,Driving Reverse Layup Shot,,Restricted Area,Center(C),Less Than 8 ft.,1,-10,2,1,0,20211107,TOR,BKN,22100139374,|1627783|1627832|1628384|1629018|1630173,0,REG,,,2022,1627832|1630173,4.0,,,,,,,,BKN,1610612751.0,
Shot Chart Detail,22100139,388,0,Opponent,1610612761,Toronto Raptors,3,5,5,Missed Shot,Pullup Jump shot,,Mid-Range,Center(C),8-16 ft.,15,-1,153,1,0,20211107,TOR,BKN,22100139388,|1627832|1628384|1629004|1629018|1630173,0,REG,,,2022,1627832|1628384,6.0,,,,,,,,BKN,1610612751.0,
Shot Chart Detail,22100139,391,0,Opponent,1610612761,Toronto Raptors,3,4,30,Made Shot,Jump Shot,,Right Corner 3,Right Side(R),24+ ft.,23,227,74,1,1,20211107,TOR,BKN,22100139391,|1627832|1628384|1629004|1629018|1630173,1,REG,,,2022,1629004,7.0,SF,Chaser,-0.31,Griffin 24' 3PT Jump Shot (14 PTS) (Durant 6 AST),,,,BKN,1610612751.0,201142.0
Shot Chart Detail,22100139,395,0,Opponent,1610612761,Toronto Raptors,3,3,57,Made Shot,Jump Shot,,Above the Break 3,Right Side Center(RC),24+ ft.,24,140,205,1,1,20211107,TOR,BKN,22100139395,|1627832|1628384|1629004|1629018|1630173,1,REG,,,2022,1628384,10.0,SF,Wing Stopper,1.03,Durant 25' 3PT Jump Shot (23 PTS) (Harden 7 AST),,,,BKN,1610612751.0,201935.0
Shot Chart Detail,22100139,406,0,Opponent,1610612761,Toronto Raptors,3,3,2,Missed Shot,Step Back Jump shot,,Above the Break 3,Right Side Center(RC),24+ ft.,24,143,202,1,0,20211107,TOR,BKN,22100139406,|1628384|1629004|1629018|1630173|1630625,0,REG,,,2022,1629018,6.0,SG,Chaser,0.19,MISS Harden 25' 3PT Step Back Jump Shot,,,,BKN,1610612751.0,
Shot Chart Detail,22100139,415,0,Opponent,1610612761,Toronto Raptors,3,6,18,Missed Shot,Pullup Jump shot,,In The Paint (Non-RA),Left Side(L),8-16 ft.,10,-64,77,1,0,20211107,TOR,BKN,22100139415,|1627783|1627832|1628384|1629018|1630173,0,REG,,,2022,1627783,4.0,PF,Helper,0.72,MISS Durant 10' Pullup Jump Shot,,,,BKN,1610612751.0,
Shot Chart Detail,22100139,418,0,Opponent,1610612761,Toronto Raptors,3,1,47,Made Shot,Pullup Jump shot,,Above the Break 3,Left Side Center(LC),24+ ft.,25,-161,201,1,1,20211107,TOR,BKN,22100139418,|1628384|1629004|1629018|1630173|1630625,0,REG,,,2022,1629018,5.0,SG,Chaser,0.19,Durant 26' 3PT Pullup Jump Shot (26 PTS),,,,BKN,1610612751.0,
Shot Chart Detail,22100139,425,0,Opponent,1610612761,Toronto Raptors,3,1,12,Made Shot,Driving Dunk Shot,,Restricted Area,Center(C),Less Than 8 ft.,1,7,15,1,1,20211107,TOR,BKN,22100139425,|1628384|1629004|1629018|1630173|1630625,1,REG,,,2022,1630625,5.0,PG,Chaser,0.27,Bembry 2' Driving Dunk (5 PTS) (Durant 7 AST),,,,BKN,1610612751.0,201142.0
Shot Chart Detail,22100139,429,0,Opponent,1610612761,Toronto Raptors,3,0,40,Made Shot,Jump Shot,,Right Corner 3,Right Side(R),24+ ft.,22,229,-4,1,1,20211107,TOR,BKN,22100139429,|1628384|1629004|1629018|1630173|1630625,1,REG,,,2022,1629018,8.0,SG,Chaser,0.19,Mills 3PT Jump Shot (7 PTS) (Aldridge 3 AST),,,,BKN,1610612751.0,200746.0
Shot Chart Detail,22100139,433,0,Opponent,1610612761,Toronto Raptors,3,0,18,Made Shot,Cutting Layup Shot,,Restricted Area,Center(C),Less Than 8 ft.,2,-4,26,1,1,20211107,TOR,BKN,22100139433,|1628384|1629004|1629018|1630173|1630625,1,REG,,,2022,,,,,,,,,,BKN,1610612751.0,200746.0
Shot Chart Detail,22100139,456,0,Opponent,1610612761,Toronto Raptors,4,11,9,Made Shot,Cutting Finger Roll Layup Shot,,Restricted Area,Center(C),Less Than 8 ft.,2,18,10,1,1,20211107,TOR,BKN,22100139456,|1627783|1627832|1629004|1630173|1630567,1,REG,,,2022,1627783|1630567,11.0,,,,,,,,BKN,1610612751.0,201935.0
Shot Chart Detail,22100139,466,0,Opponent,1610612761,Toronto Raptors,4,10,1,Missed Shot,Jump Shot,,Above the Break 3,Left Side Center(LC),24+ ft.,24,-195,155,1,0,20211107,TOR,BKN,22100139466,|1627783|1627832|1629004|1630173|1630567,0,REG,,,2022,1630173,9.0,C,Mobile Big,0.24,MISS Mills 25' 3PT Jump Shot,,,,BKN,1610612751.0,
Shot Chart Detail,22100139,472,0,Opponent,1610612761,Toronto Raptors,4,9,28,Missed Shot,Cutting Layup Shot,,In The Paint (Non-RA),Center(C),Less Than 8 ft.,5,-36,36,1,0,20211107,TOR,BKN,22100139472,|1627783|1627832|1629004|1630173|1630567,0,REG,,,2022,1629004,9.0,SF,Chaser,-0.31,Siakam BLOCK (2 BLK),,,,BKN,1610612751.0,
Shot Chart Detail,22100139,477,0,Opponent,1610612761,Toronto Raptors,4,9,4,Made Shot,Floating Jump shot,,Mid-Range,Left Side(L),8-16 ft.,8,-86,5,1,1,20211107,TOR,BKN,22100139477,|1627783|1627832|1629004|1630173|1630567,1,REG,,,2022,1627832,11.0,PG,Point of Attack,0.9,Brown 9' Floating Jump Shot (12 PTS) (Bembry 1 AST),,,,BKN,1610612751.0,1627761.0
Shot Chart Detail,22100139,482,0,Opponent,1610612761,Toronto Raptors,4,8,26,Missed Shot,Step Back Jump shot,,Above the Break 3,Right Side Center(RC),24+ ft.,24,197,139,1,0,20211107,TOR,BKN,22100139482,|1627783|1627832|1629004|1630173|1630567,0,REG,,,2022,1630567,9.0,PF,Helper,0.63,MISS Harden 24' 3PT Step Back Jump Shot,,,,BKN,1610612751.0,
Shot Chart Detail,22100139,488,0,Opponent,1610612761,Toronto Raptors,4,7,44,Made Shot,Jump Shot,,Right Corner 3,Right Side(R),24+ ft.,23,237,1,1,1,20211107,TOR,BKN,22100139488,|1627783|1627832|1629004|1630173|1630567,1,REG,,,2022,1627783,10.0,PF,Helper,0.72,Mills 24' 3PT Jump Shot (10 PTS) (Aldridge 5 AST),,,,BKN,1610612751.0,200746.0
Shot Chart Detail,22100139,505,0,Opponent,1610612761,Toronto Raptors,4,6,51,Missed Shot,Fadeaway Jump Shot,,Mid-Range,Right Side Center(RC),16-24 ft.,16,76,152,1,0,20211107,TOR,BKN,22100139505,|1627783|1627832|1628384|1629004|1629018,0,REG,,,2022,1629004,11.0,SF,Chaser,-0.31,MISS Mills 17' Fadeaway Jumper,,,,BKN,1610612751.0,
Shot Chart Detail,22100139,509,0,Opponent,1610612761,Toronto Raptors,4,6,21,Missed Shot,Jump Shot,,Left Corner 3,Left Side(L),24+ ft.,22,-223,8,1,0,20211107,TOR,BKN,22100139509,|1627783|1627832|1628384|1629004|1629018,0,REG,,,2022,1629018,11.0,SG,Chaser,0.19,MISS Brown 3PT Jump Shot,,,,BKN,1610612751.0,
Shot Chart Detail,22100139,521,0,Opponent,1610612761,Toronto Raptors,4,5,35,Made Shot,Step Back Jump shot,,Mid-Range,Right Side Center(RC),16-24 ft.,17,94,151,1,1,20211107,TOR,BKN,22100139521,|1627783|1627832|1628384|1629004|1629018,0,REG,,,2022,1629018,11.0,SG,Chaser,0.19,Harden 18' Step Back Jump Shot (15 PTS),,,,BKN,1610612751.0,
Shot Chart Detail,22100139,528,0,Opponent,1610612761,Toronto Raptors,4,5,3,Missed Shot,Jump Shot,,Right Corner 3,Right Side(R),24+ ft.,23,225,79,1,0,20211107,TOR,BKN,22100139528,|1627783|1627832|1628384|1629004|1629018,0,REG,,,2022,1629004,8.0,SF,Chaser,-0.31,MISS Harris 24' 3PT Jump Shot,,,,BKN,1610612751.0,
Shot Chart Detail,22100139,530,0,Opponent,1610612761,Toronto Raptors,4,5,1,Made Shot,Floating Jump shot,,Restricted Area,Center(C),Less Than 8 ft.,1,6,18,1,1,20211107,TOR,BKN,22100139530,|1627783|1627832|1628384|1629004|1629018,0,REG,,,2022,1627783,10.0,PF,Helper,0.72,Harden 2' Floating Jump Shot (17 PTS),,,,BKN,1610612751.0,
Shot Chart Detail,22100139,532,0,Opponent,1610612761,Toronto Raptors,4,4,34,Made Shot,Jump Shot,,Above the Break 3,Right Side Center(RC),24+ ft.,24,206,127,1,1,20211107,TOR,BKN,22100139532,|1627783|1627832|1628384|1629004|1629018,1,REG,,,2022,1629004,10.0,SF,Chaser,-0.31,Harden 24' 3PT Jump Shot (20 PTS) (Harris 2 AST),,,,BKN,1610612751.0,203925.0
Shot Chart Detail,22100139,537,0,Opponent,1610612761,Toronto Raptors,4,3,59,Made Shot,Driving Floating Jump Shot,,In The Paint (Non-RA),Center(C),Less Than 8 ft.,5,-7,53,1,1,20211107,TOR,BKN,22100139537,|1627783|1627832|1628384|1629004|1629018,0,REG,,,2022,1628384|1627783,12.0,,,,,,,,BKN,1610612751.0,
Shot Chart Detail,22100139,549,0,Opponent,1610612761,Toronto Raptors,4,3,17,Made Shot,Jump Shot,,Above the Break 3,Center(C),24+ ft.,25,6,250,1,1,20211107,TOR,BKN,22100139549,|1627832|1628384|1628449|1629018|1630567,0,REG,,,2022,1628449,15.0,SF,Helper,0.4,Harden 25' 3PT Jump Shot (23 PTS),,,,BKN,1610612751.0,
Shot Chart Detail,22100139,560,0,Opponent,1610612761,Toronto Raptors,4,1,44,Missed Shot,Jump Shot,,Left Corner 3,Left Side(L),24+ ft.,22,-227,4,1,0,20211107,TOR,BKN,22100139560,|1627832|1628384|1628449|1629018|1630567,0,REG,,,2022,1628449,8.0,SF,Helper,0.4,MISS Harris 3PT Jump Shot,,,,BKN,1610612751.0,
Shot Chart Detail,22100139,568,0,Opponent,1610612761,Toronto Raptors,4,1,8,Missed Shot,Driving Floating Jump Shot,,In The Paint (Non-RA),Center(C),Less Than 8 ft.,5,43,36,1,0,20211107,TOR,BKN,22100139568,|1627832|1628384|1628449|1629018|1630567,0,REG,,,2022,1629018,8.0,SG,Chaser,0.19,MISS Harden 6' Driving Floating Jump Shot,,,,BKN,1610612751.0,
Shot Chart Detail,22100139,570,0,Opponent,1610612761,Toronto Raptors,4,1,7,Made Shot,Tip Layup Shot,,Restricted Area,Center(C),Less Than 8 ft.,0,0,0,1,1,20211107,TOR,BKN,22100139570,|1627832|1628384|1628449|1629018|1630567,0,REG,,,2022,1628449,10.0,SF,Helper,0.4,Harden Tip Layup Shot (25 PTS),,,,BKN,1610612751.0,
Shot Chart Detail,22100139,577,0,Opponent,1610612761,Toronto Raptors,4,0,32,Made Shot,Jump Shot,,Above the Break 3,Center(C),24+ ft.,26,-76,257,1,1,20211107,TOR,BKN,22100139577,|1627832|1628384|1628449|1629018|1630567,1,REG,,,2022,1628384,13.0,SF,Wing Stopper,1.03,Harden 27' 3PT Jump Shot (28 PTS) (Griffin 3 AST),,,,BKN,1610612751.0,201933.0
Shot Chart Detail,22100139,593,0,Opponent,1610612761,Toronto Raptors,2,4,59,Missed Shot,Running Layup Shot,,In The Paint (Non-RA),Center(C),8-16 ft.,10,-20,101,1,0,20211107,TOR,BKN,22100139593,|1627832|1628384|1629018|1630173|1630567,0,REG,,,2022,,,,,,,,,,BKN,1610612751.0,
Shot Chart Detail,22100160,9,0,Opponent,1610612761,Toronto Raptors,1,11,25,Made Shot,Turnaround Fadeaway shot,,In The Paint (Non-RA),Right Side(R),8-16 ft.,9,60,74,1,1,20211110,BOS,TOR,221001609,|1627783|1627832|1628384|1629018|1630567,0,REG,,,2022,1627783,2.0,PF,Helper,0.72,Horford 10' Turnaround Fadeaway (2 PTS),,,,BOS,1610612738.0,
Shot Chart Detail,22100160,12,0,Opponent,1610612761,Toronto Raptors,1,10,45,Missed Shot,Driving Hook Shot,,Mid-Range,Right Side(R),8-16 ft.,9,88,20,1,0,20211110,BOS,TOR,2210016012,|1627783|1627832|1628384|1629018|1630567,0,REG,,,2022,1628384,0.0,SF,Wing Stopper,1.03,MISS Horford 9' Driving Hook Shot,,,,BOS,1610612738.0,
Shot Chart Detail,22100160,14,0,Opponent,1610612761,Toronto Raptors,1,10,41,Made Shot,Tip Dunk Shot,,Restricted Area,Center(C),Less Than 8 ft.,0,0,0,1,1,20211110,BOS,TOR,2210016014,|1627783|1627832|1628384|1629018|1630567,0,REG,,,2022,1630567,2.0,PF,Helper,0.63,Williams III Tip Dunk Shot (2 PTS),,,,BOS,1610612738.0,
Shot Chart Detail,22100160,17,0,Opponent,1610612761,Toronto Raptors,1,10,12,Made Shot,Jump Shot,,Right Corner 3,Right Side(R),24+ ft.,23,227,44,1,1,20211110,BOS,TOR,2210016017,|1627783|1627832|1628384|1629018|1630567,1,REG,,,2022,1630567,5.0,PF,Helper,0.63,Tatum 3PT Jump Shot (3 PTS) (Schroder 1 AST),,,,BOS,1610612738.0,203471.0
Shot Chart Detail,22100160,21,0,Opponent,1610612761,Toronto Raptors,1,9,46,Missed Shot,Driving Finger Roll Layup Shot,,Mid-Range,Right Side(R),8-16 ft.,11,110,34,1,0,20211110,BOS,TOR,2210016021,|1627783|1627832|1628384|1629018|1630567,0,REG,,,2022,1629018|1630567,3.0,,,,,,,,BOS,1610612738.0,
Shot Chart Detail,22100160,25,0,Opponent,1610612761,Toronto Raptors,1,9,24,Missed Shot,Step Back Jump shot,,Mid-Range,Right Side Center(RC),16-24 ft.,21,161,148,1,0,20211110,BOS,TOR,2210016025,|1627783|1627832|1628384|1629018|1630567,0,REG,,,2022,1628384,3.0,SF,Wing Stopper,1.03,MISS Tatum 22' Step Back Jump Shot,,,,BOS,1610612738.0,
Shot Chart Detail,22100160,30,0,Opponent,1610612761,Toronto Raptors,1,8,48,Missed Shot,Jump Shot,,Above the Break 3,Left Side Center(LC),24+ ft.,26,-120,235,1,0,20211110,BOS,TOR,2210016030,|1627783|1627832|1628384|1629018|1630567,0,REG,,,2022,1627832,3.0,PG,Point of Attack,0.9,MISS Smart 26' 3PT Jump Shot,,,,BOS,1610612738.0,
Shot Chart Detail,22100160,32,0,Opponent,1610612761,Toronto Raptors,1,8,41,Made Shot,Tip Layup Shot,,Restricted Area,Center(C),Less Than 8 ft.,0,0,0,1,1,20211110,BOS,TOR,2210016032,|1627783|1627832|1628384|1629018|1630567,0,REG,,,2022,1627783,5.0,PF,Helper,0.72,Williams III Tip Layup Shot (4 PTS),,,,BOS,1610612738.0,
Shot Chart Detail,22100160,35,0,Opponent,1610612761,Toronto Raptors,1,8,19,Missed Shot,Jump Shot,,Left Corner 3,Left Side(L),24+ ft.,24,-232,65,1,0,20211110,BOS,TOR,2210016035,|1627783|1627832|1628384|1629018|1630567,0,REG,,,2022,1627783,3.0,PF,Helper,0.72,MISS Horford 24' 3PT Jump Shot,,,,BOS,1610612738.0,
Shot Chart Detail,22100160,38,0,Opponent,1610612761,Toronto Raptors,1,8,0,Missed Shot,Driving Layup Shot,,In The Paint (Non-RA),Center(C),8-16 ft.,8,-29,81,1,0,20211110,BOS,TOR,2210016038,|1627783|1627832|1628384|1629018|1630567,0,REG,,,2022,1628384,3.0,SF,Wing Stopper,1.03,MISS Schroder 9' Driving Layup,,,,BOS,1610612738.0,
Shot Chart Detail,22100160,41,0,Opponent,1610612761,Toronto Raptors,1,7,50,Missed Shot,Jump Shot,,Left Corner 3,Left Side(L),24+ ft.,22,-227,5,1,0,20211110,BOS,TOR,2210016041,|1627783|1627832|1628384|1629018|1630567,0,REG,,,2022,1630567,3.0,PF,Helper,0.63,MISS Smart 3PT Jump Shot,,,,BOS,1610612738.0,
Shot Chart Detail,22100160,45,0,Opponent,1610612761,Toronto Raptors,1,7,31,Missed Shot,Driving Floating Jump Shot,,In The Paint (Non-RA),Center(C),Less Than 8 ft.,6,-1,67,1,0,20211110,BOS,TOR,2210016045,|1627783|1627832|1628384|1629018|1630567,0,REG,,,2022,1627783,3.0,PF,Helper,0.72,MISS Smart 7' Driving Floating Jump Shot,,,,BOS,1610612738.0,
Shot Chart Detail,22100160,47,0,Opponent,1610612761,Toronto Raptors,1,7,29,Made Shot,Hook Shot,,In The Paint (Non-RA),Center(C),Less Than 8 ft.,6,-5,67,1,1,20211110,BOS,TOR,2210016047,|1627783|1627832|1628384|1629018|1630567,0,REG,,,2022,1627832,5.0,PG,Point of Attack,0.9,Horford 7' Hook Shot (4 PTS),,,,BOS,1610612738.0,
Shot Chart Detail,22100160,50,0,Opponent,1610612761,Toronto Raptors,1,6,52,Missed Shot,Pullup Jump shot,,In The Paint (Non-RA),Center(C),8-16 ft.,14,65,133,1,0,20211110,BOS,TOR,2210016050,|1627783|1627832|1628384|1629018|1630567,0,REG,,,2022,1627832,5.0,PG,Point of Attack,0.9,MISS Tatum 15' Pullup Jump Shot,,,,BOS,1610612738.0,
Shot Chart Detail,22100160,61,0,Opponent,1610612761,Toronto Raptors,1,6,28,Made Shot,Jump Shot,,Above the Break 3,Right Side Center(RC),24+ ft.,24,227,96,1,1,20211110,BOS,TOR,2210016061,|1627783|1627832|1628384|1629018|1630173,1,REG,,,2022,1627832,6.0,PG,Point of Attack,0.9,Schroder 25' 3PT Jump Shot (3 PTS) (Tatum 1 AST),,,,BOS,1610612738.0,1628369.0
Shot Chart Detail,22100160,65,0,Opponent,1610612761,Toronto Raptors,1,6,5,Missed Shot,Driving Layup Shot,,Mid-Range,Right Side(R),8-16 ft.,9,89,22,1,0,20211110,BOS,TOR,2210016065,|1627783|1627832|1628384|1629018|1630173,0,REG,,,2022,1627783,4.0,PF,Helper,0.72,MISS Smart 9' Driving Layup,,,,BOS,1610612738.0,
Shot Chart Detail,22100160,69,0,Opponent,1610612761,Toronto Raptors,1,5,46,Made Shot,Pullup Jump shot,,Mid-Range,Right Side Center(RC),16-24 ft.,21,110,180,1,1,20211110,BOS,TOR,2210016069,|1627783|1627832|1628384|1629018|1630173,0,REG,,,2022,1630173,4.0,C,Mobile Big,0.24,Smart 21' Pullup Jump Shot (2 PTS),,,,BOS,1610612738.0,
Shot Chart Detail,22100160,80,0,Opponent,1610612761,Toronto Raptors,1,4,47,Made Shot,Jump Shot,,Right Corner 3,Right Side(R),24+ ft.,24,228,76,1,1,20211110,BOS,TOR,2210016080,|1627783|1627832|1628384|1629018|1630173,1,REG,,,2022,,,,,,,,,,BOS,1610612738.0,1628369.0
Shot Chart Detail,22100160,88,0,Opponent,1610612761,Toronto Raptors,1,3,58,Missed Shot,Cutting Layup Shot,,Restricted Area,Center(C),Less Than 8 ft.,3,-25,21,1,0,20211110,BOS,TOR,2210016088,|1627832|1628384|1629004|1629018|1630173,0,REG,,,2022,1629018,2.0,SG,Chaser,0.19,MISS Tatum 3' Cutting Layup Shot,,,,BOS,1610612738.0,
Shot Chart Detail,22100160,94,0,Opponent,1610612761,Toronto Raptors,1,3,47,Missed Shot,Running Layup Shot,,Restricted Area,Center(C),Less Than 8 ft.,2,-16,23,1,0,20211110,BOS,TOR,2210016094,|1627832|1628384|1629004|1629018|1630173,0,REG,,,2022,1630173,2.0,C,Mobile Big,0.24,MISS Langford 3' Running Layup,,,,BOS,1610612738.0,
Shot Chart Detail,22100160,96,0,Opponent,1610612761,Toronto Raptors,1,3,44,Made Shot,Tip Layup Shot,,Restricted Area,Center(C),Less Than 8 ft.,1,-1,17,1,1,20211110,BOS,TOR,2210016096,|1627832|1628384|1629004|1629018|1630173,0,REG,,,2022,1627832,4.0,PG,Point of Attack,0.9,Williams III 2' Tip Layup Shot (6 PTS),,,,BOS,1610612738.0,
Shot Chart Detail,22100160,102,0,Opponent,1610612761,Toronto Raptors,1,3,18,Made Shot,Jump Shot,,Right Corner 3,Right Side(R),24+ ft.,23,232,25,1,1,20211110,BOS,TOR,22100160102,|1628384|1629004|1629018|1630173|1630625,1,REG,,,2022,1630625,7.0,PG,Chaser,0.27,Langford 3PT Jump Shot (6 PTS) (Tatum 3 AST),,,,BOS,1610612738.0,1628369.0
Shot Chart Detail,22100160,118,0,Opponent,1610612761,Toronto Raptors,1,2,25,Missed Shot,Jump Shot,,Right Corner 3,Right Side(R),24+ ft.,22,223,28,1,0,20211110,BOS,TOR,22100160118,|1628384|1629004|1630173|1630567|1630625,0,REG,,,2022,1630625,7.0,PG,Chaser,0.27,MISS Langford 3PT Jump Shot,,,,BOS,1610612738.0,
Shot Chart Detail,22100160,122,0,Opponent,1610612761,Toronto Raptors,1,2,20,Missed Shot,Pullup Jump shot,,Mid-Range,Right Side Center(RC),16-24 ft.,21,172,126,1,0,20211110,BOS,TOR,22100160122,|1628384|1629004|1630173|1630567|1630625,0,REG,,,2022,1628384,7.0,SF,Wing Stopper,1.03,MISS Tatum 21' Pullup Jump Shot,,,,BOS,1610612738.0,
Shot Chart Detail,22100160,134,0,Opponent,1610612761,Toronto Raptors,1,1,42,Made Shot,Pullup Jump shot,,Mid-Range,Left Side Center(LC),16-24 ft.,20,-152,142,1,1,20211110,BOS,TOR,22100160134,|1628384|1629004|1630173|1630567|1630625,0,REG,,,2022,1630567,7.0,PF,Helper,0.63,Richardson 21' Pullup Jump Shot (2 PTS),,,,BOS,1610612738.0,
Shot Chart Detail,22100160,137,0,Opponent,1610612761,Toronto Raptors,1,0,59,Made Shot,Jump Shot,,Above the Break 3,Left Side Center(LC),24+ ft.,26,-147,225,1,1,20211110,BOS,TOR,22100160137,|1628384|1629004|1630173|1630567|1630625,1,REG,,,2022,1630625,8.0,PG,Chaser,0.27,Schroder 27' 3PT Jump Shot (6 PTS) (Horford 1 AST),,,,BOS,1610612738.0,201143.0
Shot Chart Detail,22100160,141,0,Opponent,1610612761,Toronto Raptors,1,0,22,Made Shot,Driving Layup Shot,,Restricted Area,Center(C),Less Than 8 ft.,2,27,13,1,1,20211110,BOS,TOR,22100160141,|1628384|1629004|1630173|1630567|1630625,0,REG,,,2022,1630173,10.0,C,Mobile Big,0.24,Schroder 3' Driving Layup (8 PTS),,,,BOS,1610612738.0,
Shot Chart Detail,22100160,166,0,Opponent,1610612761,Toronto Raptors,2,10,17,Missed Shot,Jump Shot,,Above the Break 3,Center(C),24+ ft.,27,-40,269,1,0,20211110,BOS,TOR,22100160166,|1627832|1629004|1630173|1630567|1630625,0,REG,,,2022,1630173,2.0,C,Mobile Big,0.24,MISS Horford 27' 3PT Jump Shot,,,,BOS,1610612738.0,
Shot Chart Detail,22100160,170,0,Opponent,1610612761,Toronto Raptors,2,9,54,Made Shot,Turnaround Hook Shot,,In The Paint (Non-RA),Center(C),8-16 ft.,10,-7,105,1,1,20211110,BOS,TOR,22100160170,|1627832|1629004|1630173|1630567|1630625,0,REG,,,2022,1630173,4.0,C,Mobile Big,0.24,Horford 11' Turnaround Hook Shot (6 PTS),,,,BOS,1610612738.0,
Shot Chart Detail,22100160,173,0,Opponent,1610612761,Toronto Raptors,2,9,10,Missed Shot,Driving Layup Shot,,Restricted Area,Center(C),Less Than 8 ft.,2,26,10,1,0,20211110,BOS,TOR,22100160173,|1627832|1629004|1630173|1630567|1630625,0,REG,,,2022,1627832|1630173,4.0,,,,,,,,BOS,1610612738.0,
Shot Chart Detail,22100160,178,0,Opponent,1610612761,Toronto Raptors,2,8,50,Missed Shot,Driving Layup Shot,,In The Paint (Non-RA),Right Side(R),8-16 ft.,8,75,33,1,0,20211110,BOS,TOR,22100160178,|1627832|1629004|1630173|1630567|1630625,0,REG,,,2022,1630173,4.0,C,Mobile Big,0.24,MISS Horford 8' Driving Layup,,,,BOS,1610612738.0,
Shot Chart Detail,22100160,184,0,Opponent,1610612761,Toronto Raptors,2,8,45,Made Shot,Jump Shot,,Mid-Range,Right Side(R),8-16 ft.,15,140,70,1,1,20211110,BOS,TOR,22100160184,|1627832|1629004|1630173|1630201|1630567,1,REG,,,2022,1630173,6.0,C,Mobile Big,0.24,Horford 16' Jump Shot (8 PTS) (Schroder 2 AST),,,,BOS,1610612738.0,203471.0
Shot Chart Detail,22100160,199,0,Opponent,1610612761,Toronto Raptors,2,8,9,Made Shot,Cutting Layup Shot,,In The Paint (Non-RA),Center(C),Less Than 8 ft.,4,36,29,1,1,20211110,BOS,TOR,22100160199,|1627832|1628449|1629004|1630201|1630567,1,REG,,,2022,1627832|1630201,7.0,,,,,,,,BOS,1610612738.0,1628369.0
Shot Chart Detail,22100160,203,0,Opponent,1610612761,Toronto Raptors,2,7,44,Made Shot,Turnaround Jump Shot,,In The Paint (Non-RA),Center(C),Less Than 8 ft.,6,-49,39,1,1,20211110,BOS,TOR,22100160203,|1627832|1628449|1629004|1630201|1630567,1,REG,,,2022,1627832,9.0,PG,Point of Attack,0.9,Williams 6' Turnaround Jump Shot (2 PTS) (Smart 1 AST),,,,BOS,1610612738.0,203935.0
Shot Chart Detail,22100160,215,0,Opponent,1610612761,Toronto Raptors,2,7,20,Missed Shot,Jump Shot,,Right Corner 3,Right Side(R),24+ ft.,23,227,38,1,0,20211110,BOS,TOR,22100160215,|1627783|1627832|1628449|1630201|1630567,0,REG,,,2022,1627783,10.0,PF,Helper,0.72,MISS Williams 3PT Jump Shot,,,,BOS,1610612738.0,
Shot Chart Detail,22100160,219,0,Opponent,1610612761,Toronto Raptors,2,6,53,Missed Shot,Cutting Layup Shot,,Restricted Area,Center(C),Less Than 8 ft.,2,16,22,1,0,20211110,BOS,TOR,22100160219,|1627783|1627832|1628449|1630201|1630567,0,REG,,,2022,1628449,10.0,SF,Helper,0.4,MISS Langford 3' Cutting Layup Shot,,,,BOS,1610612738.0,
Shot Chart Detail,22100160,221,0,Opponent,1610612761,Toronto Raptors,2,6,48,Made Shot,Tip Dunk Shot,,Restricted Area,Center(C),Less Than 8 ft.,0,0,0,1,1,20211110,BOS,TOR,22100160221,|1627783|1627832|1628449|1630201|1630567,0,REG,,,2022,1627832,12.0,PG,Point of Attack,0.9,Williams III Tip Dunk Shot (8 PTS),,,,BOS,1610612738.0,
Shot Chart Detail,22100160,224,0,Opponent,1610612761,Toronto Raptors,2,6,20,Missed Shot,Pullup Jump shot,,Above the Break 3,Right Side Center(RC),24+ ft.,27,158,220,1,0,20211110,BOS,TOR,22100160224,|1627783|1627832|1628449|1630201|1630567,0,REG,,,2022,1627783,9.0,PF,Helper,0.72,MISS Tatum 27' 3PT Pullup Jump Shot,,,,BOS,1610612738.0,
Shot Chart Detail,22100160,226,0,Opponent,1610612761,Toronto Raptors,2,6,17,Missed Shot,Jump Shot,,In The Paint (Non-RA),Center(C),Less Than 8 ft.,6,62,12,1,0,20211110,BOS,TOR,22100160226,|1627783|1627832|1628449|1630201|1630567,0,REG,,,2022,1628449|1630567,9.0,,,,,,,,BOS,1610612738.0,
Shot Chart Detail,22100160,235,0,Opponent,1610612761,Toronto Raptors,2,6,14,Missed Shot,Jump Shot,,Above the Break 3,Left Side Center(LC),24+ ft.,26,-135,225,1,0,20211110,BOS,TOR,22100160235,|1627783|1628384|1628449|1629018|1630201,0,REG,,,2022,1628449,9.0,SF,Helper,0.4,MISS Tatum 26' 3PT Jump Shot,,,,BOS,1610612738.0,
Shot Chart Detail,22100160,242,0,Opponent,1610612761,Toronto Raptors,2,5,54,Made Shot,Running Dunk Shot,,Restricted Area,Center(C),Less Than 8 ft.,1,-6,16,1,1,20211110,BOS,TOR,22100160242,|1627783|1628384|1628449|1629018|1630201,1,REG,,,2022,1628384,11.0,SF,Wing Stopper,1.03,Williams III 2' Running Dunk (10 PTS) (Tatum 5 AST),,,,BOS,1610612738.0,1628369.0
Shot Chart Detail,22100160,249,0,Opponent,1610612761,Toronto Raptors,2,5,7,Missed Shot,Turnaround Fadeaway shot,,Mid-Range,Left Side(L),8-16 ft.,12,-120,36,1,0,20211110,BOS,TOR,22100160249,|1627783|1628384|1628449|1629018|1630201,0,REG,,,2022,1629018,11.0,SG,Chaser,0.19,MISS Tatum 13' Turnaround Fadeaway Shot,,,,BOS,1610612738.0,
Shot Chart Detail,22100160,253,0,Opponent,1610612761,Toronto Raptors,2,4,37,Made Shot,Pullup Jump shot,,Mid-Range,Left Side(L),16-24 ft.,19,-157,111,1,1,20211110,BOS,TOR,22100160253,|1627783|1628384|1628449|1629018|1630201,1,REG,,,2022,1628384,13.0,SF,Wing Stopper,1.03,Richardson 19' Pullup Jump Shot (4 PTS) (Smart 2 AST),,,,BOS,1610612738.0,203935.0
Shot Chart Detail,22100160,261,0,Opponent,1610612761,Toronto Raptors,2,4,16,Made Shot,Alley Oop Dunk Shot,,Restricted Area,Center(C),Less Than 8 ft.,3,-7,32,1,1,20211110,BOS,TOR,22100160261,|1627783|1627832|1628384|1629018|1630567,1,REG,,,2022,1630567,13.0,PF,Helper,0.63,Williams III 3' Alley Oop Dunk (12 PTS) (Smart 3 AST),,,,BOS,1610612738.0,203935.0
Shot Chart Detail,22100160,275,0,Opponent,1610612761,Toronto Raptors,2,3,27,Missed Shot,Jump Shot,,Right Corner 3,Right Side(R),24+ ft.,23,229,36,1,0,20211110,BOS,TOR,22100160275,|1627783|1627832|1628384|1629018|1630567,0,REG,,,2022,1627783,10.0,PF,Helper,0.72,MISS Williams 3PT Jump Shot,,,,BOS,1610612738.0,
Shot Chart Detail,22100160,277,0,Opponent,1610612761,Toronto Raptors,2,3,21,Missed Shot,Driving Layup Shot,,Restricted Area,Center(C),Less Than 8 ft.,3,26,23,1,0,20211110,BOS,TOR,22100160277,|1627783|1627832|1628384|1629018|1630567,0,REG,,,2022,1627783|1630567,10.0,,,,,,,,BOS,1610612738.0,
Shot Chart Detail,22100160,280,0,Opponent,1610612761,Toronto Raptors,2,3,16,Made Shot,Putback Layup Shot,,Restricted Area,Center(C),Less Than 8 ft.,1,-12,15,1,1,20211110,BOS,TOR,22100160280,|1627783|1627832|1628384|1629018|1630567,0,REG,,,2022,1629018,12.0,SG,Chaser,0.19,Williams III 2' Putback Layup (14 PTS),,,,BOS,1610612738.0,
Shot Chart Detail,22100160,282,0,Opponent,1610612761,Toronto Raptors,2,2,42,Missed Shot,Jump Shot,,Right Corner 3,Right Side(R),24+ ft.,22,227,23,1,0,20211110,BOS,TOR,22100160282,|1627783|1627832|1628384|1629018|1630567,0,REG,,,2022,1627783,10.0,PF,Helper,0.72,MISS Williams 3PT Jump Shot,,,,BOS,1610612738.0,
Shot Chart Detail,22100160,284,0,Opponent,1610612761,Toronto Raptors,2,2,35,Made Shot,Driving Finger Roll Layup Shot,,Restricted Area,Center(C),Less Than 8 ft.,2,-4,21,1,1,20211110,BOS,TOR,22100160284,|1627783|1627832|1628384|1629018|1630567,0,REG,,,2022,1629018|1630567,12.0,,,,,,,,BOS,1610612738.0,
Shot Chart Detail,22100160,290,0,Opponent,1610612761,Toronto Raptors,2,2,13,Made Shot,Jump Shot,,Left Corner 3,Left Side(L),24+ ft.,23,-229,68,1,1,20211110,BOS,TOR,22100160290,|1627783|1627832|1628384|1629018|1630567,1,REG,,,2022,1627783,15.0,PF,Helper,0.72,Richardson 24' 3PT Jump Shot (7 PTS) (Schroder 3 AST),,,,BOS,1610612738.0,203471.0
Shot Chart Detail,22100160,299,0,Opponent,1610612761,Toronto Raptors,2,1,35,Made Shot,Fadeaway Jump Shot,,Mid-Range,Left Side(L),8-16 ft.,15,-134,75,1,1,20211110,BOS,TOR,22100160299,|1627783|1627832|1628384|1629018|1630173,0,REG,,,2022,1628384,15.0,SF,Wing Stopper,1.03,Tatum 15' Fadeaway Jumper (9 PTS),,,,BOS,1610612738.0,
Shot Chart Detail,22100160,302,0,Opponent,1610612761,Toronto Raptors,2,1,16,Made Shot,Driving Layup Shot,,Restricted Area,Center(C),Less Than 8 ft.,2,13,17,1,1,20211110,BOS,TOR,22100160302,|1627783|1627832|1628384|1629018|1630173,0,REG,,,2022,1627832|1629018,17.0,,,,,,,,BOS,1610612738.0,
Shot Chart Detail,22100160,312,0,Opponent,1610612761,Toronto Raptors,2,0,39,Missed Shot,Jump Shot,,Mid-Range,Right Side Center(RC),16-24 ft.,21,131,175,1,0,20211110,BOS,TOR,22100160312,|1627783|1627832|1628384|1629018|1630173,0,REG,,,2022,1630173,18.0,C,Mobile Big,0.24,MISS Richardson 22' Jump Shot,,,,BOS,1610612738.0,
Shot Chart Detail,22100160,315,0,Opponent,1610612761,Toronto Raptors,2,0,7,Missed Shot,Jump Shot,,Mid-Range,Left Side Center(LC),16-24 ft.,19,-105,159,1,0,20211110,BOS,TOR,22100160315,|1627783|1627832|1628384|1629018|1630173,0,REG,,,2022,1627832,16.0,PG,Point of Attack,0.9,MISS Tatum 19' Jump Shot,,,,BOS,1610612738.0,
Shot Chart Detail,22100160,331,0,Opponent,1610612761,Toronto Raptors,3,11,7,Missed Shot,Jump Shot,,Above the Break 3,Right Side Center(RC),24+ ft.,24,87,229,1,0,20211110,BOS,TOR,22100160331,|1627783|1627832|1628384|1629018|1630567,0,REG,,,2022,1629018,14.0,SG,Chaser,0.19,MISS Schroder 24' 3PT Jump Shot,,,,BOS,1610612738.0,
Shot Chart Detail,22100160,335,0,Opponent,1610612761,Toronto Raptors,3,10,53,Made Shot,Running Layup Shot,,Restricted Area,Center(C),Less Than 8 ft.,1,12,11,1,1,20211110,BOS,TOR,22100160335,|1627783|1627832|1628384|1629018|1630567,1,REG,,,2022,1628384,16.0,SF,Wing Stopper,1.03,Schroder 2' Running Layup (10 PTS) (Smart 4 AST),,,,BOS,1610612738.0,203935.0
Shot Chart Detail,22100160,338,0,Opponent,1610612761,Toronto Raptors,3,10,28,Missed Shot,Driving Finger Roll Layup Shot,,In The Paint (Non-RA),Center(C),Less Than 8 ft.,7,54,51,1,0,20211110,BOS,TOR,22100160338,|1627783|1627832|1628384|1629018|1630567,0,REG,,,2022,1629018,16.0,SG,Chaser,0.19,MISS Smart 7' Driving Finger Roll Layup,,,,BOS,1610612738.0,
Shot Chart Detail,22100160,343,0,Opponent,1610612761,Toronto Raptors,3,9,43,Missed Shot,Jump Shot,,Above the Break 3,Right Side Center(RC),24+ ft.,25,119,221,1,0,20211110,BOS,TOR,22100160343,|1627783|1627832|1628384|1629018|1630567,0,REG,,,2022,1629018,13.0,SG,Chaser,0.19,MISS Tatum 25' 3PT Jump Shot,,,,BOS,1610612738.0,
Shot Chart Detail,22100160,347,0,Opponent,1610612761,Toronto Raptors,3,9,30,Missed Shot,Running Layup Shot,,Restricted Area,Center(C),Less Than 8 ft.,2,-4,29,1,0,20211110,BOS,TOR,22100160347,|1627783|1627832|1628384|1629018|1630567,0,REG,,,2022,1627783,13.0,PF,Helper,0.72,MISS Williams III 3' Running Layup,,,,BOS,1610612738.0,
Shot Chart Detail,22100160,351,0,Opponent,1610612761,Toronto Raptors,3,8,56,Made Shot,Turnaround Jump Shot,,In The Paint (Non-RA),Center(C),8-16 ft.,11,-58,103,1,1,20211110,BOS,TOR,22100160351,|1627783|1627832|1628384|1629018|1630567,0,REG,,,2022,1627832,15.0,PG,Point of Attack,0.9,Smart 12' Turnaround Jump Shot (8 PTS),,,,BOS,1610612738.0,
Shot Chart Detail,22100160,354,0,Opponent,1610612761,Toronto Raptors,3,8,30,Missed Shot,Driving Layup Shot,,In The Paint (Non-RA),Center(C),Less Than 8 ft.,6,-38,50,1,0,20211110,BOS,TOR,22100160354,|1627783|1627832|1628384|1629018|1630567,0,REG,,,2022,1628384|1627783,15.0,,,,,,,,BOS,1610612738.0,
Shot Chart Detail,22100160,357,0,Opponent,1610612761,Toronto Raptors,3,8,17,Missed Shot,Pullup Jump shot,,Mid-Range,Right Side Center(RC),16-24 ft.,20,152,130,1,0,20211110,BOS,TOR,22100160357,|1627783|1627832|1628384|1629018|1630567,0,REG,,,2022,1627783,15.0,PF,Helper,0.72,MISS Tatum 20' Pullup Jump Shot,,,,BOS,1610612738.0,
Shot Chart Detail,22100160,376,0,Opponent,1610612761,Toronto Raptors,3,6,48,Missed Shot,Driving Layup Shot,,In The Paint (Non-RA),Center(C),Less Than 8 ft.,5,26,52,1,0,20211110,BOS,TOR,22100160376,|1627783|1627832|1628384|1629018|1630567,0,REG,,,2022,1630567,11.0,PF,Helper,0.63,MISS Smart 6' Driving Layup,,,,BOS,1610612738.0,
Shot Chart Detail,22100160,384,0,Opponent,1610612761,Toronto Raptors,3,6,22,Made Shot,Jump Shot,,Right Corner 3,Right Side(R),24+ ft.,23,230,24,1,1,20211110,BOS,TOR,22100160384,|1627783|1627832|1628384|1629018|1630567,1,REG,,,2022,1630567,14.0,PF,Helper,0.63,Tatum 3PT Jump Shot (14 PTS) (Williams III 1 AST),,,,BOS,1610612738.0,1629057.0
Shot Chart Detail,22100160,388,0,Opponent,1610612761,Toronto Raptors,3,5,55,Made Shot,Driving Floating Jump Shot,,In The Paint (Non-RA),Center(C),Less Than 8 ft.,6,28,55,1,1,20211110,BOS,TOR,22100160388,|1627783|1627832|1628384|1629018|1630567,0,REG,,,2022,1630567,16.0,PF,Helper,0.63,Schroder 6' Driving Floating Jump Shot (12 PTS),,,,BOS,1610612738.0,
Shot Chart Detail,22100160,391,0,Opponent,1610612761,Toronto Raptors,3,5,10,Missed Shot,Jump Shot,,Left Corner 3,Left Side(L),24+ ft.,23,-233,38,1,0,20211110,BOS,TOR,22100160391,|1627783|1627832|1628384|1629018|1630567,0,REG,,,2022,1629018,14.0,SG,Chaser,0.19,MISS Smart 24' 3PT Jump Shot,,,,BOS,1610612738.0,
Shot Chart Detail,22100160,394,0,Opponent,1610612761,Toronto Raptors,3,4,36,Made Shot,Driving Layup Shot,,In The Paint (Non-RA),Center(C),Less Than 8 ft.,4,-36,27,1,1,20211110,BOS,TOR,22100160394,|1627783|1627832|1628384|1629018|1630567,0,REG,,,2022,1630567,14.0,PF,Helper,0.63,Smart 5' Driving Layup (10 PTS),,,,BOS,1610612738.0,
Shot Chart Detail,22100160,405,0,Opponent,1610612761,Toronto Raptors,3,4,13,Missed Shot,Jump Shot,,In The Paint (Non-RA),Right Side(R),8-16 ft.,8,56,63,1,0,20211110,BOS,TOR,22100160405,|1627832|1628384|1629018|1630173|1630567,0,REG,,,2022,1629018,12.0,SG,Chaser,0.19,MISS Tatum 8' Jump Shot,,,,BOS,1610612738.0,
Shot Chart Detail,22100160,412,0,Opponent,1610612761,Toronto Raptors,3,3,24,Made Shot,Turnaround Jump Shot,,In The Paint (Non-RA),Center(C),8-16 ft.,15,66,135,1,1,20211110,BOS,TOR,22100160412,|1627832|1628384|1629018|1630173|1630567,1,REG,,,2022,1630173,11.0,C,Mobile Big,0.24,Tatum 15' Turnaround Jump Shot (16 PTS) (Smart 5 AST),,,,BOS,1610612738.0,203935.0
Shot Chart Detail,22100160,423,0,Opponent,1610612761,Toronto Raptors,3,2,40,Made Shot,Jump Shot,,Mid-Range,Right Side(R),16-24 ft.,17,145,105,1,1,20211110,BOS,TOR,22100160423,|1627832|1628384|1629004|1630173|1630567,1,REG,,,2022,1630173,13.0,C,Mobile Big,0.24,Horford 18' Jump Shot (10 PTS) (Schroder 4 AST),,,,BOS,1610612738.0,203471.0
Shot Chart Detail,22100160,426,0,Opponent,1610612761,Toronto Raptors,3,1,54,Missed Shot,Turnaround Fadeaway shot,,In The Paint (Non-RA),Right Side(R),8-16 ft.,12,66,109,1,0,20211110,BOS,TOR,22100160426,|1627832|1628384|1629004|1630173|1630567,0,REG,,,2022,1628384,11.0,SF,Wing Stopper,1.03,MISS Horford 13' Turnaround Fadeaway Shot,,,,BOS,1610612738.0,
Shot Chart Detail,22100160,448,0,Opponent,1610612761,Toronto Raptors,3,1,19,Missed Shot,Jump Shot,,Above the Break 3,Left Side Center(LC),24+ ft.,25,-164,192,1,0,20211110,BOS,TOR,22100160448,|1628384|1628449|1629004|1630173|1630625,0,REG,,,2022,1629004,12.0,SF,Chaser,-0.31,MISS Horford 25' 3PT Jump Shot,,,,BOS,1610612738.0,
Shot Chart Detail,22100160,450,0,Opponent,1610612761,Toronto Raptors,3,1,2,Missed Shot,Driving Finger Roll Layup Shot,,In The Paint (Non-RA),Center(C),Less Than 8 ft.,5,43,27,1,0,20211110,BOS,TOR,22100160450,|1628384|1628449|1629004|1630173|1630625,0,REG,,,2022,1628384,12.0,SF,Wing Stopper,1.03,MISS Langford 5' Driving Finger Roll Layup,,,,BOS,1610612738.0,
Shot Chart Detail,22100160,454,0,Opponent,1610612761,Toronto Raptors,3,0,31,Missed Shot,Pullup Jump shot,,Mid-Range,Right Side Center(RC),16-24 ft.,18,88,167,1,0,20211110,BOS,TOR,22100160454,|1628384|1628449|1629004|1630173|1630625,0,REG,,,2022,1628384|1629004,12.0,,,,,,,,BOS,1610612738.0,
Shot Chart Detail,22100160,457,0,Opponent,1610612761,Toronto Raptors,3,0,7,Missed Shot,Jump Shot,,In The Paint (Non-RA),Center(C),8-16 ft.,14,-71,127,1,0,20211110,BOS,TOR,22100160457,|1628384|1628449|1629004|1630173|1630625,0,REG,,,2022,1628449,12.0,SF,Helper,0.4,MISS Richardson 15' Jump Shot,,,,BOS,1610612738.0,
Shot Chart Detail,22100160,461,0,Opponent,1610612761,Toronto Raptors,3,0,0,Made Shot,Running Finger Roll Layup Shot,,Restricted Area,Center(C),Less Than 8 ft.,3,-29,11,1,1,20211110,BOS,TOR,22100160461,|1628384|1628449|1629004|1630173|1630625,0,REG,,,2022,1630625,12.0,PG,Chaser,0.27,Richardson 3' Running Finger Roll Layup (10 PTS),,,,BOS,1610612738.0,
Shot Chart Detail,22100160,468,0,Opponent,1610612761,Toronto Raptors,4,11,48,Missed Shot,Jump Shot,,Left Corner 3,Left Side(L),24+ ft.,23,-233,20,1,0,20211110,BOS,TOR,22100160468,|1627783|1629004|1629018|1630173|1630625,0,REG,,,2022,1629004,12.0,SF,Chaser,-0.31,MISS Richardson 3PT Jump Shot,,,,BOS,1610612738.0,
Shot Chart Detail,22100160,484,0,Opponent,1610612761,Toronto Raptors,4,10,17,Made Shot,Jump Shot,,Above the Break 3,Left Side Center(LC),24+ ft.,25,-167,189,1,1,20211110,BOS,TOR,22100160484,|1627783|1629004|1629018|1630173|1630625,1,REG,,,2022,1629004,13.0,SF,Chaser,-0.31,Richardson 25' 3PT Jump Shot (13 PTS) (Horford 2 AST),,,,BOS,1610612738.0,201143.0
Shot Chart Detail,22100160,488,0,Opponent,1610612761,Toronto Raptors,4,9,48,Missed Shot,Driving Finger Roll Layup Shot,,Restricted Area,Center(C),Less Than 8 ft.,3,23,22,1,0,20211110,BOS,TOR,22100160488,|1627783|1629004|1629018|1630173|1630625,0,REG,,,2022,1630173,11.0,C,Mobile Big,0.24,MISS Schroder 3' Driving Finger Roll Layup,,,,BOS,1610612738.0,
Shot Chart Detail,22100160,510,0,Opponent,1610612761,Toronto Raptors,4,9,4,Missed Shot,Turnaround Jump Shot,,In The Paint (Non-RA),Center(C),Less Than 8 ft.,5,-23,45,1,0,20211110,BOS,TOR,22100160510,|1627783|1629004|1629018|1630173|1630625,0,REG,,,2022,1627783,10.0,PF,Helper,0.72,MISS Williams III 5' Turnaround Jump Shot,,,,BOS,1610612738.0,
Shot Chart Detail,22100160,514,0,Opponent,1610612761,Toronto Raptors,4,8,28,Missed Shot,Jump Shot,,Above the Break 3,Left Side Center(LC),24+ ft.,25,-207,146,1,0,20211110,BOS,TOR,22100160514,|1627783|1629004|1629018|1630173|1630625,0,REG,,,2022,1629004,10.0,SF,Chaser,-0.31,MISS Richardson 25' 3PT Jump Shot,,,,BOS,1610612738.0,
Shot Chart Detail,22100160,517,0,Opponent,1610612761,Toronto Raptors,4,8,19,Made Shot,Pullup Jump shot,,Above the Break 3,Center(C),24+ ft.,25,9,257,1,1,20211110,BOS,TOR,22100160517,|1627783|1629004|1629018|1630173|1630625,0,REG,,,2022,1630173,13.0,C,Mobile Big,0.24,Tatum 26' 3PT Pullup Jump Shot (19 PTS),,,,BOS,1610612738.0,
Shot Chart Detail,22100160,523,0,Opponent,1610612761,Toronto Raptors,4,7,42,Missed Shot,Jump Shot,,Above the Break 3,Right Side Center(RC),24+ ft.,26,178,195,1,0,20211110,BOS,TOR,22100160523,|1627783|1627832|1629004|1629018|1630173,0,REG,,,2022,1627783,11.0,PF,Helper,0.72,MISS Tatum 26' 3PT Jump Shot,,,,BOS,1610612738.0,
Shot Chart Detail,22100160,542,0,Opponent,1610612761,Toronto Raptors,4,6,35,Missed Shot,Turnaround Fadeaway shot,,Mid-Range,Right Side(R),8-16 ft.,15,147,41,1,0,20211110,BOS,TOR,22100160542,|1627832|1628384|1629004|1629018|1630173,0,REG,,,2022,1628384,8.0,SF,Wing Stopper,1.03,MISS Tatum 15' Turnaround Fadeaway Shot,,,,BOS,1610612738.0,
Shot Chart Detail,22100160,553,0,Opponent,1610612761,Toronto Raptors,4,6,4,Made Shot,Cutting Dunk Shot,,Restricted Area,Center(C),Less Than 8 ft.,1,-9,14,1,1,20211110,BOS,TOR,22100160553,|1627832|1628384|1629004|1629018|1630173,1,REG,,,2022,1627832|1629004,12.0,,,,,,,,BOS,1610612738.0,1628369.0
Shot Chart Detail,22100160,560,0,Opponent,1610612761,Toronto Raptors,4,5,54,Made Shot,Driving Finger Roll Layup Shot,,Restricted Area,Center(C),Less Than 8 ft.,2,16,20,1,1,20211110,BOS,TOR,22100160560,|1627832|1628384|1629018|1630173|1630567,1,REG,,,2022,,,,,,,,,,BOS,1610612738.0,203935.0
Shot Chart Detail,22100160,564,0,Opponent,1610612761,Toronto Raptors,4,5,35,Made Shot,Running Layup Shot,,Restricted Area,Center(C),Less Than 8 ft.,1,-12,11,1,1,20211110,BOS,TOR,22100160564,|1627832|1628384|1629018|1630173|1630567,1,REG,,,2022,1630567,16.0,PF,Helper,0.63,Schroder 2' Running Layup (14 PTS) (Tatum 7 AST),,,,BOS,1610612738.0,1628369.0
Shot Chart Detail,22100160,574,0,Opponent,1610612761,Toronto Raptors,4,4,29,Made Shot,Turnaround Jump Shot,,In The Paint (Non-RA),Right Side(R),8-16 ft.,12,69,109,1,1,20211110,BOS,TOR,22100160574,|1627832|1628384|1629018|1630173|1630567,0,REG,,,2022,1628384,15.0,SF,Wing Stopper,1.03,Schroder 13' Turnaround Jump Shot (16 PTS),,,,BOS,1610612738.0,
Shot Chart Detail,22100160,582,0,Opponent,1610612761,Toronto Raptors,4,3,27,Made Shot,Jump Shot,,Above the Break 3,Right Side Center(RC),24+ ft.,25,164,189,1,1,20211110,BOS,TOR,22100160582,|1627783|1627832|1628384|1629018|1630567,1,REG,,,2022,,,,,,,,,,BOS,1610612738.0,1626196.0
Shot Chart Detail,22100160,586,0,Opponent,1610612761,Toronto Raptors,4,2,50,Missed Shot,Driving Layup Shot,,In The Paint (Non-RA),Center(C),8-16 ft.,13,48,126,1,0,20211110,BOS,TOR,22100160586,|1627783|1627832|1628384|1629018|1630567,0,REG,,,2022,1628384,16.0,SF,Wing Stopper,1.03,MISS Tatum 13' Driving Layup,,,,BOS,1610612738.0,
Shot Chart Detail,22100160,591,0,Opponent,1610612761,Toronto Raptors,4,2,19,Made Shot,Pullup Jump shot,,Mid-Range,Left Side(L),8-16 ft.,15,-119,101,1,1,20211110,BOS,TOR,22100160591,|1627783|1627832|1628384|1629018|1630567,0,REG,,,2022,1627832|1629018,16.0,,,,,,,,BOS,1610612738.0,
Shot Chart Detail,22100160,596,0,Opponent,1610612761,Toronto Raptors,4,1,50,Missed Shot,Driving Floating Jump Shot,,In The Paint (Non-RA),Center(C),8-16 ft.,8,-38,71,1,0,20211110,BOS,TOR,22100160596,|1627783|1627832|1628384|1629018|1630567,0,REG,,,2022,1629018,14.0,SG,Chaser,0.19,MISS Schroder 8' Driving Floating Jump Shot,,,,BOS,1610612738.0,
Shot Chart Detail,22100160,628,0,Opponent,1610612761,Toronto Raptors,4,0,50,Missed Shot,Jump Shot,,Above the Break 3,Left Side Center(LC),24+ ft.,26,-147,222,1,0,20211110,BOS,TOR,22100160628,|1628449|1629004|1630201|1630551|1630625,0,REG,,,2022,1630201,16.0,PG,Point of Attack,-0.52,MISS Nesmith 27' 3PT Jump Shot,,,,BOS,1610612738.0,
Shot Chart Detail,22100160,632,0,Opponent,1610612761,Toronto Raptors,4,0,22,Missed Shot,Jump Shot,,Right Corner 3,Right Side(R),24+ ft.,23,239,21,1,0,20211110,BOS,TOR,22100160632,|1628449|1629004|1630201|1630551|1630625,0,REG,,,2022,1630551,16.0,SF,Helper,-0.61,MISS Williams 24' 3PT Jump Shot,,,,BOS,1610612738.0,
Shot Chart Detail,22100171,9,0,Opponent,1610612761,Toronto Raptors,1,11,22,Made Shot,Driving Layup Shot,,Restricted Area,Center(C),Less Than 8 ft.,2,11,17,1,1,20211111,PHI,TOR,221001719,|1627832|1628384|1629018|1630173|1630567,1,REG,,,2022,1628384,0.0,SF,Wing Stopper,1.03,Harris 2' Driving Layup (2 PTS) (Drummond 1 AST),,,,PHI,1610612755.0,203083.0
Shot Chart Detail,22100171,13,0,Opponent,1610612761,Toronto Raptors,1,10,51,Missed Shot,Pullup Jump shot,,Mid-Range,Right Side(R),16-24 ft.,16,163,-27,1,0,20211111,PHI,TOR,2210017113,|1627832|1628384|1629018|1630173|1630567,0,REG,,,2022,1627832,0.0,PG,Point of Attack,0.9,MISS Curry 17' Pullup Jump Shot,,,,PHI,1610612755.0,
Shot Chart Detail,22100171,16,0,Opponent,1610612761,Toronto Raptors,1,10,32,Missed Shot,Driving Finger Roll Layup Shot,,In The Paint (Non-RA),Center(C),Less Than 8 ft.,5,-47,21,1,0,20211111,PHI,TOR,2210017116,|1627832|1628384|1629018|1630173|1630567,0,REG,,,2022,1627832,-2.0,PG,Point of Attack,0.9,MISS Maxey 5' Driving Finger Roll Layup,,,,PHI,1610612755.0,
Shot Chart Detail,22100171,19,0,Opponent,1610612761,Toronto Raptors,1,9,55,Made Shot,Jump Shot,,Above the Break 3,Right Side Center(RC),24+ ft.,26,167,201,1,1,20211111,PHI,TOR,2210017119,|1627832|1628384|1629018|1630173|1630567,1,REG,,,2022,1629018,-2.0,SG,Chaser,0.19,Green 26' 3PT Jump Shot (3 PTS) (Harris 1 AST),,,,PHI,1610612755.0,202699.0
Shot Chart Detail,22100171,25,0,Opponent,1610612761,Toronto Raptors,1,9,16,Made Shot,Driving Floating Jump Shot,,Restricted Area,Center(C),Less Than 8 ft.,1,11,-5,1,1,20211111,PHI,TOR,2210017125,|1627832|1628384|1629018|1630173|1630567,0,REG,,,2022,1630567,-2.0,PF,Helper,0.63,Harris 1' Driving Floating Jump Shot (4 PTS),,,,PHI,1610612755.0,
Shot Chart Detail,22100171,28,0,Opponent,1610612761,Toronto Raptors,1,8,52,Missed Shot,Jump Shot,,Left Corner 3,Left Side(L),24+ ft.,24,-245,-4,1,0,20211111,PHI,TOR,2210017128,|1627832|1628384|1629018|1630173|1630567,0,REG,,,2022,1629018,-2.0,SG,Chaser,0.19,MISS Green 25' 3PT Jump Shot,,,,PHI,1610612755.0,
Shot Chart Detail,22100171,34,0,Opponent,1610612761,Toronto Raptors,1,8,23,Missed Shot,Pullup Jump shot,,Above the Break 3,Right Side Center(RC),24+ ft.,25,146,210,1,0,20211111,PHI,TOR,2210017134,|1627832|1628384|1629018|1630173|1630567,0,REG,,,2022,1628384,-2.0,SF,Wing Stopper,1.03,MISS Harris 26' 3PT Pullup Jump Shot,,,,PHI,1610612755.0,
Shot Chart Detail,22100171,42,0,Opponent,1610612761,Toronto Raptors,1,7,50,Made Shot,Jump Shot,,Right Corner 3,Right Side(R),24+ ft.,22,224,15,1,1,20211111,PHI,TOR,2210017142,|1627832|1628384|1629018|1630173|1630567,1,REG,,,2022,1628384,1.0,SF,Wing Stopper,1.03,Green 3PT Jump Shot (6 PTS) (Harris 2 AST),,,,PHI,1610612755.0,202699.0
Shot Chart Detail,22100171,46,0,Opponent,1610612761,Toronto Raptors,1,7,19,Missed Shot,Driving Layup Shot,,Restricted Area,Center(C),Less Than 8 ft.,2,27,-2,1,0,20211111,PHI,TOR,2210017146,|1627832|1628384|1629018|1630173|1630567,0,REG,,,2022,1627832,-1.0,PG,Point of Attack,0.9,MISS Harris 3' Driving Layup,,,,PHI,1610612755.0,
Shot Chart Detail,22100171,66,0,Opponent,1610612761,Toronto Raptors,1,6,21,Missed Shot,Jump Shot,,Above the Break 3,Right Side Center(RC),24+ ft.,24,153,197,1,0,20211111,PHI,TOR,2210017166,|1627832|1628449|1630173|1630567|1630625,0,REG,,,2022,1630625,-5.0,PG,Chaser,0.27,MISS Niang 25' 3PT Jump Shot,,,,PHI,1610612755.0,
Shot Chart Detail,22100171,73,0,Opponent,1610612761,Toronto Raptors,1,5,32,Made Shot,Pullup Jump shot,,Mid-Range,Left Side(L),8-16 ft.,14,-146,24,1,1,20211111,PHI,TOR,2210017173,|1627832|1628449|1630173|1630567|1630625,1,REG,,,2022,1630173,-3.0,C,Mobile Big,0.24,Maxey 15' Pullup Jump Shot (2 PTS) (Niang 1 AST),,,,PHI,1610612755.0,1627777.0
Shot Chart Detail,22100171,77,0,Opponent,1610612761,Toronto Raptors,1,4,56,Missed Shot,Driving Floating Jump Shot,,In The Paint (Non-RA),Center(C),Less Than 8 ft.,7,65,37,1,0,20211111,PHI,TOR,2210017177,|1627832|1628449|1630173|1630567|1630625,0,REG,,,2022,1628449,-6.0,SF,Helper,0.4,MISS Curry 7' Driving Floating Jump Shot,,,,PHI,1610612755.0,
Shot Chart Detail,22100171,88,0,Opponent,1610612761,Toronto Raptors,1,4,27,Made Shot,Jump Shot,,Above the Break 3,Right Side Center(RC),24+ ft.,30,165,253,1,1,20211111,PHI,TOR,2210017188,|1628384|1628449|1629018|1630173|1630625,1,REG,,,2022,1628449,-3.0,SF,Helper,0.4,Curry 30' 3PT Jump Shot (3 PTS) (Drummond 2 AST),,,,PHI,1610612755.0,203083.0
Shot Chart Detail,22100171,95,0,Opponent,1610612761,Toronto Raptors,1,3,54,Made Shot,Jump Shot,,Above the Break 3,Right Side Center(RC),24+ ft.,24,179,171,1,1,20211111,PHI,TOR,2210017195,|1628384|1628449|1629018|1630173|1630625,1,REG,,,2022,1628384,0.0,SF,Wing Stopper,1.03,Korkmaz 25' 3PT Jump Shot (3 PTS) (Curry 1 AST),,,,PHI,1610612755.0,203552.0
Shot Chart Detail,22100171,99,0,Opponent,1610612761,Toronto Raptors,1,3,31,Made Shot,Driving Hook Shot,,In The Paint (Non-RA),Center(C),Less Than 8 ft.,6,39,53,1,1,20211111,PHI,TOR,2210017199,|1628384|1628449|1629018|1630173|1630625,0,REG,,,2022,1630173,2.0,C,Mobile Big,0.24,Maxey 7' Driving Hook Shot (4 PTS),,,,PHI,1610612755.0,
Shot Chart Detail,22100171,108,0,Opponent,1610612761,Toronto Raptors,1,3,17,Made Shot,Jump Shot,,Right Corner 3,Right Side(R),24+ ft.,23,225,59,1,1,20211111,PHI,TOR,22100171108,|1628384|1628449|1629004|1629018|1630625,1,REG,,,2022,1630625,3.0,PG,Chaser,0.27,Korkmaz 3PT Jump Shot (6 PTS) (Maxey 1 AST),,,,PHI,1610612755.0,1630178.0
Shot Chart Detail,22100171,112,0,Opponent,1610612761,Toronto Raptors,1,2,52,Missed Shot,Step Back Jump shot,,Above the Break 3,Right Side Center(RC),24+ ft.,27,179,206,1,0,20211111,PHI,TOR,22100171112,|1628384|1628449|1629004|1629018|1630625,0,REG,,,2022,1629004,3.0,SF,Chaser,-0.31,MISS Curry 27' 3PT Step Back Jump Shot,,,,PHI,1610612755.0,
Shot Chart Detail,22100171,117,0,Opponent,1610612761,Toronto Raptors,1,2,37,Made Shot,Running Dunk Shot,,Restricted Area,Center(C),Less Than 8 ft.,0,-4,-2,1,1,20211111,PHI,TOR,22100171117,|1628384|1628449|1629004|1629018|1630625,1,REG,,,2022,1629018,5.0,SG,Chaser,0.19,Reed Running Dunk (2 PTS) (Maxey 2 AST),,,,PHI,1610612755.0,1630178.0
Shot Chart Detail,22100171,127,0,Opponent,1610612761,Toronto Raptors,1,1,49,Missed Shot,Driving Floating Jump Shot,,Mid-Range,Left Side(L),8-16 ft.,10,-107,-2,1,0,20211111,PHI,TOR,22100171127,|1627832|1628384|1628449|1629004|1629018,0,REG,,,2022,1627832,2.0,PG,Point of Attack,0.9,MISS Maxey 11' Driving Floating Jump Shot,,,,PHI,1610612755.0,
Shot Chart Detail,22100171,134,0,Opponent,1610612761,Toronto Raptors,1,1,11,Missed Shot,Turnaround Fadeaway shot,,Mid-Range,Left Side(L),8-16 ft.,10,-104,-7,1,0,20211111,PHI,TOR,22100171134,|1627832|1628384|1628449|1629004|1629018,0,REG,,,2022,1628384,0.0,SF,Wing Stopper,1.03,MISS Harris 10' Turnaround Fadeaway Shot,,,,PHI,1610612755.0,
Shot Chart Detail,22100171,137,0,Opponent,1610612761,Toronto Raptors,1,1,6,Missed Shot,Pullup Jump shot,,Left Corner 3,Left Side(L),24+ ft.,25,-244,87,1,0,20211111,PHI,TOR,22100171137,|1627832|1628384|1628449|1629004|1629018,0,REG,,,2022,1629004,0.0,SF,Chaser,-0.31,MISS Korkmaz 26' 3PT Pullup Jump Shot,,,,PHI,1610612755.0,
Shot Chart Detail,22100171,139,0,Opponent,1610612761,Toronto Raptors,1,0,59,Made Shot,Tip Layup Shot,,Restricted Area,Center(C),Less Than 8 ft.,0,0,0,1,1,20211111,PHI,TOR,22100171139,|1627832|1628384|1628449|1629004|1629018,0,REG,,,2022,,,,,,,,,,PHI,1610612755.0,
Shot Chart Detail,22100171,153,0,Opponent,1610612761,Toronto Raptors,1,0,26,Made Shot,Running Layup Shot,,Restricted Area,Center(C),Less Than 8 ft.,2,29,3,1,1,20211111,PHI,TOR,22100171153,|1627832|1628384|1628449|1629004|1629018,1,REG,,,2022,1629018|1629004,3.0,,,,,,,,PHI,1610612755.0,202699.0
Shot Chart Detail,22100171,176,0,Opponent,1610612761,Toronto Raptors,2,11,14,Missed Shot,Jump Shot,,Right Corner 3,Right Side(R),24+ ft.,22,225,15,1,0,20211111,PHI,TOR,22100171176,|1627832|1628384|1629004|1629018|1630567,0,REG,,,2022,1630567,3.0,PF,Helper,0.63,MISS Korkmaz 3PT Jump Shot,,,,PHI,1610612755.0,
Shot Chart Detail,22100171,184,0,Opponent,1610612761,Toronto Raptors,2,10,22,Made Shot,Driving Floating Jump Shot,,Restricted Area,Center(C),Less Than 8 ft.,3,2,32,1,1,20211111,PHI,TOR,22100171184,|1627832|1628384|1629004|1629018|1630567,1,REG,,,2022,1629004,3.0,SF,Chaser,-0.31,Niang 3' Driving Floating Jump Shot (4 PTS) (Harris 4 AST),,,,PHI,1610612755.0,202699.0
Shot Chart Detail,22100171,192,0,Opponent,1610612761,Toronto Raptors,2,9,25,Missed Shot,Driving Floating Jump Shot,,Restricted Area,Center(C),Less Than 8 ft.,3,-9,37,1,0,20211111,PHI,TOR,22100171192,|1627832|1628384|1629004|1629018|1630567,0,REG,,,2022,1627832,0.0,PG,Point of Attack,0.9,MISS Korkmaz 4' Driving Floating Jump Shot,,,,PHI,1610612755.0,
Shot Chart Detail,22100171,196,0,Opponent,1610612761,Toronto Raptors,2,8,58,Made Shot,Pullup Jump shot,,In The Paint (Non-RA),Center(C),8-16 ft.,9,39,88,1,1,20211111,PHI,TOR,22100171196,|1627832|1628384|1629004|1629018|1630567,1,REG,,,2022,1627832,0.0,PG,Point of Attack,0.9,Milton 10' Pullup Jump Shot (5 PTS) (Harris 5 AST),,,,PHI,1610612755.0,202699.0
Shot Chart Detail,22100171,210,0,Opponent,1610612761,Toronto Raptors,2,8,28,Missed Shot,Jump Shot,,Above the Break 3,Right Side Center(RC),24+ ft.,25,156,200,1,0,20211111,PHI,TOR,22100171210,|1628449|1629018|1630173|1630567|1630625,0,REG,,,2022,,,,,,,,,,PHI,1610612755.0,
Shot Chart Detail,22100171,222,0,Opponent,1610612761,Toronto Raptors,2,8,4,Missed Shot,Jump Shot,,Right Corner 3,Right Side(R),24+ ft.,23,221,66,1,0,20211111,PHI,TOR,22100171222,|1627832|1628449|1630173|1630567|1630625,0,REG,,,2022,1627832,-2.0,PG,Point of Attack,0.9,MISS Curry 3PT Jump Shot,,,,PHI,1610612755.0,
Shot Chart Detail,22100171,225,0,Opponent,1610612761,Toronto Raptors,2,7,54,Missed Shot,Driving Layup Shot,,In The Paint (Non-RA),Center(C),Less Than 8 ft.,5,-53,13,1,0,20211111,PHI,TOR,22100171225,|1627832|1628449|1630173|1630567|1630625,0,REG,,,2022,1630173,-2.0,C,Mobile Big,0.24,MISS Drummond 5' Driving Layup,,,,PHI,1610612755.0,
Shot Chart Detail,22100171,227,0,Opponent,1610612761,Toronto Raptors,2,7,41,Made Shot,Jump Shot,,Right Corner 3,Right Side(R),24+ ft.,22,222,5,1,1,20211111,PHI,TOR,22100171227,|1627832|1628449|1630173|1630567|1630625,1,REG,,,2022,1628449,1.0,SF,Helper,0.4,Korkmaz 3PT Jump Shot (9 PTS) (Harris 6 AST),,,,PHI,1610612755.0,202699.0
Shot Chart Detail,22100171,245,0,Opponent,1610612761,Toronto Raptors,2,6,25,Missed Shot,Driving Layup Shot,,In The Paint (Non-RA),Center(C),Less Than 8 ft.,4,-44,-4,1,0,20211111,PHI,TOR,22100171245,|1627832|1628449|1630173|1630567|1630625,0,REG,,,2022,1630567,-1.0,PF,Helper,0.63,MISS Harris 4' Driving Layup,,,,PHI,1610612755.0,
Shot Chart Detail,22100171,253,0,Opponent,1610612761,Toronto Raptors,2,5,58,Missed Shot,Jump Shot,,Above the Break 3,Center(C),24+ ft.,26,-47,258,1,0,20211111,PHI,TOR,22100171253,|1627832|1628384|1628449|1630173|1630567,0,REG,,,2022,1628384,-1.0,SF,Wing Stopper,1.03,MISS Harris 26' 3PT Jump Shot,,,,PHI,1610612755.0,
Shot Chart Detail,22100171,255,0,Opponent,1610612761,Toronto Raptors,2,5,53,Missed Shot,Layup Shot,,In The Paint (Non-RA),Center(C),Less Than 8 ft.,4,-33,24,1,0,20211111,PHI,TOR,22100171255,|1627832|1628384|1628449|1630173|1630567,0,REG,,,2022,1628449|1630173,-1.0,,,,,,,,PHI,1610612755.0,
Shot Chart Detail,22100171,261,0,Opponent,1610612761,Toronto Raptors,2,5,23,Made Shot,Pullup Jump shot,,Mid-Range,Right Side(R),8-16 ft.,14,102,106,1,1,20211111,PHI,TOR,22100171261,|1627832|1628384|1628449|1630173|1630567,1,REG,,,2022,1627832,1.0,PG,Point of Attack,0.9,Maxey 15' Pullup Jump Shot (6 PTS) (Green 1 AST),,,,PHI,1610612755.0,201980.0
Shot Chart Detail,22100171,273,0,Opponent,1610612761,Toronto Raptors,2,4,33,Made Shot,Driving Finger Roll Layup Shot,,Restricted Area,Center(C),Less Than 8 ft.,0,9,1,1,1,20211111,PHI,TOR,22100171273,|1627832|1628384|1628449|1630173|1630567,1,REG,,,2022,1630567,0.0,PF,Helper,0.63,Maxey 1' Driving Finger Roll Layup (8 PTS) (Harris 7 AST),,,,PHI,1610612755.0,202699.0
Shot Chart Detail,22100171,284,0,Opponent,1610612761,Toronto Raptors,2,3,47,Missed Shot,Layup Shot,,In The Paint (Non-RA),Center(C),Less Than 8 ft.,4,-48,-8,1,0,20211111,PHI,TOR,22100171284,|1627832|1628384|1628449|1630173|1630567,0,REG,,,2022,1630173,1.0,C,Mobile Big,0.24,MISS Drummond 5' Layup,,,,PHI,1610612755.0,
Shot Chart Detail,22100171,308,0,Opponent,1610612761,Toronto Raptors,2,2,10,Missed Shot,Driving Finger Roll Layup Shot,,Restricted Area,Center(C),Less Than 8 ft.,0,7,-2,1,0,20211111,PHI,TOR,22100171308,|1627832|1628384|1629018|1630173|1630567,0,REG,,,2022,1628384,3.0,SF,Wing Stopper,1.03,MISS Curry 1' Driving Finger Roll Layup,,,,PHI,1610612755.0,
Shot Chart Detail,22100171,310,0,Opponent,1610612761,Toronto Raptors,2,2,5,Made Shot,Putback Dunk Shot,,Restricted Area,Center(C),Less Than 8 ft.,0,0,0,1,1,20211111,PHI,TOR,22100171310,|1627832|1628384|1629018|1630173|1630567,0,REG,,,2022,1630173,5.0,C,Mobile Big,0.24,Drummond Putback Dunk (2 PTS),,,,PHI,1610612755.0,
Shot Chart Detail,22100171,314,0,Opponent,1610612761,Toronto Raptors,2,1,44,Made Shot,Jump Shot,,Above the Break 3,Right Side Center(RC),24+ ft.,27,174,210,1,1,20211111,PHI,TOR,22100171314,|1627832|1628384|1629018|1630173|1630567,1,REG,,,2022,1627832,6.0,PG,Point of Attack,0.9,Maxey 27' 3PT Jump Shot (12 PTS) (Curry 2 AST),,,,PHI,1610612755.0,203552.0
Shot Chart Detail,22100171,318,0,Opponent,1610612761,Toronto Raptors,2,1,24,Made Shot,Running Layup Shot,,Restricted Area,Center(C),Less Than 8 ft.,1,2,-13,1,1,20211111,PHI,TOR,22100171318,|1627832|1628384|1629018|1630173|1630567,0,REG,,,2022,1627832|1629018,8.0,,,,,,,,PHI,1610612755.0,
Shot Chart Detail,22100171,324,0,Opponent,1610612761,Toronto Raptors,2,0,57,Made Shot,Turnaround Hook Shot,,Restricted Area,Center(C),Less Than 8 ft.,2,-6,26,1,1,20211111,PHI,TOR,22100171324,|1627832|1628384|1629018|1630173|1630567,1,REG,,,2022,1627832,10.0,PG,Point of Attack,0.9,Harris 3' Turnaround Hook Shot (8 PTS) (Maxey 3 AST),,,,PHI,1610612755.0,1630178.0
Shot Chart Detail,22100171,327,0,Opponent,1610612761,Toronto Raptors,2,0,34,Made Shot,Driving Floating Jump Shot,,Restricted Area,Center(C),Less Than 8 ft.,1,1,17,1,1,20211111,PHI,TOR,22100171327,|1627832|1628384|1629018|1630173|1630567,0,REG,,,2022,1630173,10.0,C,Mobile Big,0.24,Harris 2' Driving Floating Jump Shot (10 PTS),,,,PHI,1610612755.0,
Shot Chart Detail,22100171,336,0,Opponent,1610612761,Toronto Raptors,2,0,6,Missed Shot,Driving Layup Shot,,Restricted Area,Center(C),Less Than 8 ft.,3,-29,20,1,0,20211111,PHI,TOR,22100171336,|1627832|1628384|1629004|1629018|1630567,0,REG,,,2022,1630567,7.0,PF,Helper,0.63,MISS Maxey 4' Driving Layup,,,,PHI,1610612755.0,
Shot Chart Detail,22100171,350,0,Opponent,1610612761,Toronto Raptors,3,11,36,Missed Shot,Pullup Jump shot,,Right Corner 3,Right Side(R),24+ ft.,24,230,73,1,0,20211111,PHI,TOR,22100171350,|1627832|1628384|1629018|1630173|1630567,0,REG,,,2022,1630173,5.0,C,Mobile Big,0.24,MISS Green 24' 3PT Pullup Jump Shot,,,,PHI,1610612755.0,
Shot Chart Detail,22100171,356,0,Opponent,1610612761,Toronto Raptors,3,10,48,Missed Shot,Turnaround Jump Shot,,In The Paint (Non-RA),Left Side(L),8-16 ft.,8,-69,53,1,0,20211111,PHI,TOR,22100171356,|1627832|1628384|1629018|1630173|1630567,0,REG,,,2022,1629018,2.0,SG,Chaser,0.19,MISS Curry 9' Turnaround Jump Shot,,,,PHI,1610612755.0,
Shot Chart Detail,22100171,367,0,Opponent,1610612761,Toronto Raptors,3,9,56,Missed Shot,Running Layup Shot,,Restricted Area,Center(C),Less Than 8 ft.,2,18,16,1,0,20211111,PHI,TOR,22100171367,|1627832|1628384|1629018|1630173|1630567,0,REG,,,2022,1630173,4.0,C,Mobile Big,0.24,MISS Harris 2' Running Layup,,,,PHI,1610612755.0,
Shot Chart Detail,22100171,371,0,Opponent,1610612761,Toronto Raptors,3,9,43,Missed Shot,Jump Shot,,Right Corner 3,Right Side(R),24+ ft.,23,229,44,1,0,20211111,PHI,TOR,22100171371,|1627832|1628384|1629018|1630173|1630567,0,REG,,,2022,1629018,4.0,SG,Chaser,0.19,MISS Harris 3PT Jump Shot,,,,PHI,1610612755.0,
Shot Chart Detail,22100171,375,0,Opponent,1610612761,Toronto Raptors,3,9,11,Made Shot,Jump Shot,,In The Paint (Non-RA),Center(C),8-16 ft.,13,-2,132,1,1,20211111,PHI,TOR,22100171375,|1627832|1628384|1629018|1630173|1630567,0,REG,,,2022,1630567,6.0,PF,Helper,0.63,Curry 13' Jump Shot (7 PTS),,,,PHI,1610612755.0,
Shot Chart Detail,22100171,390,0,Opponent,1610612761,Toronto Raptors,3,7,54,Made Shot,Cutting Layup Shot,,Restricted Area,Center(C),Less Than 8 ft.,0,-2,-6,1,1,20211111,PHI,TOR,22100171390,|1627832|1628384|1629018|1630173|1630567,1,REG,,,2022,1628384,9.0,SF,Wing Stopper,1.03,Curry 1' Cutting Layup Shot (12 PTS) (Drummond 3 AST),,,,PHI,1610612755.0,203083.0
Shot Chart Detail,22100171,393,0,Opponent,1610612761,Toronto Raptors,3,7,22,Made Shot,Driving Floating Jump Shot,,In The Paint (Non-RA),Center(C),Less Than 8 ft.,7,-55,49,1,1,20211111,PHI,TOR,22100171393,|1627832|1628384|1629018|1630173|1630567,0,REG,,,2022,1627832|1630567,9.0,,,,,,,,PHI,1610612755.0,
Shot Chart Detail,22100171,396,0,Opponent,1610612761,Toronto Raptors,3,7,2,Missed Shot,Jump Shot,,Right Corner 3,Right Side(R),24+ ft.,22,225,-24,1,0,20211111,PHI,TOR,22100171396,|1627832|1628384|1629018|1630173|1630567,0,REG,,,2022,,,,,,,,,,PHI,1610612755.0,
Shot Chart Detail,22100171,405,0,Opponent,1610612761,Toronto Raptors,3,6,27,Missed Shot,Jump Shot,,Above the Break 3,Left Side Center(LC),24+ ft.,26,-158,207,1,0,20211111,PHI,TOR,22100171405,|1627832|1628384|1629018|1630173|1630567,0,REG,,,2022,1628384,6.0,SF,Wing Stopper,1.03,MISS Harris 26' 3PT Jump Shot,,,,PHI,1610612755.0,
Shot Chart Detail,22100171,417,0,Opponent,1610612761,Toronto Raptors,3,5,52,Missed Shot,Driving Floating Jump Shot,,In The Paint (Non-RA),Center(C),Less Than 8 ft.,5,9,52,1,0,20211111,PHI,TOR,22100171417,|1627832|1628449|1630173|1630567|1630625,0,REG,,,2022,1627832|1630567,4.0,,,,,,,,PHI,1610612755.0,
Shot Chart Detail,22100171,419,0,Opponent,1610612761,Toronto Raptors,3,5,47,Missed Shot,Tip Layup Shot,,Restricted Area,Center(C),Less Than 8 ft.,0,0,0,1,0,20211111,PHI,TOR,22100171419,|1627832|1628449|1630173|1630567|1630625,0,REG,,,2022,1630173,4.0,C,Mobile Big,0.24,MISS Drummond Tip Layup Shot,,,,PHI,1610612755.0,
Shot Chart Detail,22100171,423,0,Opponent,1610612761,Toronto Raptors,3,5,25,Missed Shot,Driving Floating Jump Shot,,Restricted Area,Center(C),Less Than 8 ft.,2,-25,12,1,0,20211111,PHI,TOR,22100171423,|1627832|1628449|1630173|1630567|1630625,0,REG,,,2022,1628449,2.0,SF,Helper,0.4,MISS Maxey 3' Driving Floating Jump Shot,,,,PHI,1610612755.0,
Shot Chart Detail,22100171,427,0,Opponent,1610612761,Toronto Raptors,3,4,59,Missed Shot,Jump Shot,,Left Corner 3,Left Side(L),24+ ft.,22,-224,49,1,0,20211111,PHI,TOR,22100171427,|1627832|1628449|1630173|1630567|1630625,0,REG,,,2022,1627832,0.0,PG,Point of Attack,0.9,MISS Harris 3PT Jump Shot,,,,PHI,1610612755.0,
Shot Chart Detail,22100171,430,0,Opponent,1610612761,Toronto Raptors,3,4,31,Made Shot,Driving Dunk Shot,,Restricted Area,Center(C),Less Than 8 ft.,0,-4,0,1,1,20211111,PHI,TOR,22100171430,|1627832|1628449|1630173|1630567|1630625,1,REG,,,2022,1628449|1630625,0.0,,,,,,,,PHI,1610612755.0,203552.0
Shot Chart Detail,22100171,434,0,Opponent,1610612761,Toronto Raptors,3,3,45,Missed Shot,Jump Shot,,Above the Break 3,Right Side Center(RC),24+ ft.,26,180,194,1,0,20211111,PHI,TOR,22100171434,|1627832|1628449|1630173|1630567|1630625,0,REG,,,2022,1630567,-2.0,PF,Helper,0.63,MISS Korkmaz 26' 3PT Jump Shot,,,,PHI,1610612755.0,
Shot Chart Detail,22100171,437,0,Opponent,1610612761,Toronto Raptors,3,3,18,Made Shot,Jump Shot,,Above the Break 3,Left Side Center(LC),24+ ft.,26,-174,205,1,1,20211111,PHI,TOR,22100171437,|1627832|1628449|1630173|1630567|1630625,1,REG,,,2022,1627832,-1.0,PG,Point of Attack,0.9,Curry 27' 3PT Jump Shot (15 PTS) (Korkmaz 1 AST),,,,PHI,1610612755.0,1627788.0
Shot Chart Detail,22100171,441,0,Opponent,1610612761,Toronto Raptors,3,2,43,Missed Shot,Pullup Jump shot,,Above the Break 3,Left Side Center(LC),24+ ft.,26,-87,251,1,0,20211111,PHI,TOR,22100171441,|1627832|1628449|1630173|1630567|1630625,0,REG,,,2022,1628449,-1.0,SF,Helper,0.4,MISS Korkmaz 27' 3PT Pullup Jump Shot,,,,PHI,1610612755.0,
Shot Chart Detail,22100171,444,0,Opponent,1610612761,Toronto Raptors,3,2,10,Missed Shot,Jump Shot,,Above the Break 3,Center(C),24+ ft.,26,13,269,1,0,20211111,PHI,TOR,22100171444,|1627832|1628449|1630173|1630567|1630625,0,REG,,,2022,1630567,-3.0,PF,Helper,0.63,MISS Korkmaz 27' 3PT Jump Shot,,,,PHI,1610612755.0,
Shot Chart Detail,22100171,450,0,Opponent,1610612761,Toronto Raptors,3,3,36,Missed Shot,Putback Layup Shot,,Restricted Area,Center(C),Less Than 8 ft.,3,10,29,1,0,20211111,PHI,TOR,22100171450,|1627832|1628449|1630173|1630567|1630625,0,REG,,,2022,1628449|1630173,-2.0,,,,,,,,PHI,1610612755.0,
Shot Chart Detail,22100171,463,0,Opponent,1610612761,Toronto Raptors,3,1,37,Missed Shot,Jump Shot,,Mid-Range,Right Side(R),16-24 ft.,22,219,54,1,0,20211111,PHI,TOR,22100171463,|1628384|1628449|1630173|1630567|1630625,0,REG,,,2022,1628384|1630173,-5.0,,,,,,,,PHI,1610612755.0,
Shot Chart Detail,22100171,466,0,Opponent,1610612761,Toronto Raptors,3,1,31,Missed Shot,Jump Shot,,Above the Break 3,Left Side Center(LC),24+ ft.,25,-191,173,1,0,20211111,PHI,TOR,22100171466,|1628384|1628449|1630173|1630567|1630625,0,REG,,,2022,1628449,-5.0,SF,Helper,0.4,MISS Korkmaz 26' 3PT Jump Shot,,,,PHI,1610612755.0,
Shot Chart Detail,22100171,473,0,Opponent,1610612761,Toronto Raptors,3,1,7,Missed Shot,Running Layup Shot,,In The Paint (Non-RA),Center(C),Less Than 8 ft.,4,44,15,1,0,20211111,PHI,TOR,22100171473,|1628384|1628449|1630173|1630567|1630625,0,REG,,,2022,1630625,-5.0,PG,Chaser,0.27,MISS Niang 5' Running Layup,,,,PHI,1610612755.0,
Shot Chart Detail,22100171,475,0,Opponent,1610612761,Toronto Raptors,3,1,3,Made Shot,Tip Layup Shot,,Restricted Area,Center(C),Less Than 8 ft.,0,0,0,1,1,20211111,PHI,TOR,22100171475,|1628384|1628449|1630173|1630567|1630625,0,REG,,,2022,1630567,-3.0,PF,Helper,0.63,Reed Tip Layup Shot (4 PTS),,,,PHI,1610612755.0,
Shot Chart Detail,22100171,479,0,Opponent,1610612761,Toronto Raptors,3,0,43,Missed Shot,Step Back Jump shot,,Above the Break 3,Left Side Center(LC),24+ ft.,26,-113,238,1,0,20211111,PHI,TOR,22100171479,|1628384|1628449|1629018|1630567|1630625,0,REG,,,2022,1630567,-3.0,PF,Helper,0.63,MISS Curry 26' 3PT Step Back Jump Shot,,,,PHI,1610612755.0,
Shot Chart Detail,22100171,483,0,Opponent,1610612761,Toronto Raptors,3,0,23,Made Shot,Jump Shot,,Right Corner 3,Right Side(R),24+ ft.,23,229,60,1,1,20211111,PHI,TOR,22100171483,|1628384|1628449|1629018|1630567|1630625,1,REG,,,2022,1628384,-3.0,SF,Wing Stopper,1.03,Niang 24' 3PT Jump Shot (7 PTS) (Korkmaz 2 AST),,,,PHI,1610612755.0,1627788.0
Shot Chart Detail,22100171,495,0,Opponent,1610612761,Toronto Raptors,4,11,22,Missed Shot,Jump Shot,,Right Corner 3,Right Side(R),24+ ft.,23,223,58,1,0,20211111,PHI,TOR,22100171495,|1628384|1628449|1629004|1629018|1630625,0,REG,,,2022,1628449,-5.0,SF,Helper,0.4,MISS Milton 3PT Jump Shot,,,,PHI,1610612755.0,
Shot Chart Detail,22100171,502,0,Opponent,1610612761,Toronto Raptors,4,11,5,Missed Shot,Driving Floating Jump Shot,,In The Paint (Non-RA),Center(C),Less Than 8 ft.,7,40,69,1,0,20211111,PHI,TOR,22100171502,|1628384|1628449|1629004|1629018|1630625,0,REG,,,2022,1629018,-7.0,SG,Chaser,0.19,MISS Maxey 8' Driving Floating Jump Shot,,,,PHI,1610612755.0,
Shot Chart Detail,22100171,507,0,Opponent,1610612761,Toronto Raptors,4,10,44,Made Shot,Driving Finger Roll Layup Shot,,Restricted Area,Center(C),Less Than 8 ft.,1,2,18,1,1,20211111,PHI,TOR,22100171507,|1628384|1628449|1629004|1629018|1630625,1,REG,,,2022,1628449|1629004,-5.0,,,,,,,,PHI,1610612755.0,1627788.0
Shot Chart Detail,22100171,537,0,Opponent,1610612761,Toronto Raptors,4,8,37,Made Shot,Jump Shot,,Left Corner 3,Left Side(L),24+ ft.,24,-228,84,1,1,20211111,PHI,TOR,22100171537,|1627832|1628384|1628449|1629004|1629018,1,REG,,,2022,1629018,-5.0,SG,Chaser,0.19,Milton 24' 3PT Jump Shot (8 PTS) (Niang 2 AST),,,,PHI,1610612755.0,1627777.0
Shot Chart Detail,22100171,541,0,Opponent,1610612761,Toronto Raptors,4,8,15,Missed Shot,Pullup Jump shot,,Above the Break 3,Center(C),24+ ft.,26,-75,259,1,0,20211111,PHI,TOR,22100171541,|1627832|1628384|1628449|1629004|1629018,0,REG,,,2022,1628449,-5.0,SF,Helper,0.4,MISS Korkmaz 27' 3PT Pullup Jump Shot,,,,PHI,1610612755.0,
Shot Chart Detail,22100171,546,0,Opponent,1610612761,Toronto Raptors,4,7,50,Missed Shot,Driving Layup Shot,,Restricted Area,Center(C),Less Than 8 ft.,2,25,4,1,0,20211111,PHI,TOR,22100171546,|1627832|1628384|1628449|1629004|1629018,0,REG,,,2022,1629018,-7.0,SG,Chaser,0.19,MISS Niang 3' Driving Layup,,,,PHI,1610612755.0,
Shot Chart Detail,22100171,554,0,Opponent,1610612761,Toronto Raptors,4,7,42,Made Shot,Turnaround Fadeaway shot,,In The Paint (Non-RA),Left Side(L),8-16 ft.,9,-72,68,1,1,20211111,PHI,TOR,22100171554,|1627832|1628384|1628449|1629018|1630567,1,REG,,,2022,1629018,-5.0,SG,Chaser,0.19,Milton 10' Turnaround Fadeaway (10 PTS) (Niang 3 AST),,,,PHI,1610612755.0,1627777.0
Shot Chart Detail,22100171,558,0,Opponent,1610612761,Toronto Raptors,4,7,23,Made Shot,Driving Reverse Layup Shot,,Restricted Area,Center(C),Less Than 8 ft.,0,-1,1,1,1,20211111,PHI,TOR,22100171558,|1627832|1628384|1628449|1629018|1630567,1,REG,,,2022,1630567,-3.0,PF,Helper,0.63,Milton Driving Reverse Layup (12 PTS) (Korkmaz 4 AST),,,,PHI,1610612755.0,1627788.0
Shot Chart Detail,22100171,563,0,Opponent,1610612761,Toronto Raptors,4,6,41,Made Shot,Pullup Jump shot,,Mid-Range,Left Side(L),8-16 ft.,10,-103,32,1,1,20211111,PHI,TOR,22100171563,|1627832|1628384|1628449|1629018|1630567,1,REG,,,2022,1628449|1630567,-1.0,,,,,,,,PHI,1610612755.0,1630178.0
Shot Chart Detail,22100171,572,0,Opponent,1610612761,Toronto Raptors,4,5,57,Made Shot,Driving Finger Roll Layup Shot,,Restricted Area,Center(C),Less Than 8 ft.,0,5,5,1,1,20211111,PHI,TOR,22100171572,|1627832|1628384|1629004|1629018|1630567,1,REG,,,2022,1627832,-2.0,PG,Point of Attack,0.9,Maxey 1' Driving Finger Roll Layup (26 PTS) (Curry 4 AST),,,,PHI,1610612755.0,203552.0
Shot Chart Detail,22100171,579,0,Opponent,1610612761,Toronto Raptors,4,5,9,Made Shot,Cutting Finger Roll Layup Shot,,Restricted Area,Center(C),Less Than 8 ft.,1,-11,6,1,1,20211111,PHI,TOR,22100171579,|1627832|1628384|1629004|1629018|1630567,1,REG,,,2022,1627832,-5.0,PG,Point of Attack,0.9,Maxey 1' Cutting Finger Roll Layup Shot (28 PTS) (Niang 4 AST),,,,PHI,1610612755.0,1627777.0
Shot Chart Detail,22100171,594,0,Opponent,1610612761,Toronto Raptors,4,4,21,Made Shot,Step Back Jump shot,,Above the Break 3,Center(C),24+ ft.,26,-1,264,1,1,20211111,PHI,TOR,22100171594,|1627832|1628384|1629004|1629018|1630567,1,REG,,,2022,1630567,-5.0,PF,Helper,0.63,Harris 26' 3PT Step Back Jump Shot (17 PTS) (Maxey 5 AST),,,,PHI,1610612755.0,1630178.0
Shot Chart Detail,22100171,611,0,Opponent,1610612761,Toronto Raptors,4,3,1,Made Shot,Driving Floating Bank Jump Shot,,In The Paint (Non-RA),Center(C),Less Than 8 ft.,4,-40,27,1,1,20211111,PHI,TOR,22100171611,|1627832|1628384|1629004|1629018|1630567,0,REG,,,2022,1630567|1629004,-3.0,,,,,,,,PHI,1610612755.0,
Shot Chart Detail,22100171,617,0,Opponent,1610612761,Toronto Raptors,4,2,31,Made Shot,Driving Floating Jump Shot,,In The Paint (Non-RA),Center(C),Less Than 8 ft.,5,-50,15,1,1,20211111,PHI,TOR,22100171617,|1627832|1628384|1629004|1629018|1630567,1,REG,,,2022,1627832,-1.0,PG,Point of Attack,0.9,Maxey 5' Driving Floating Jump Shot (32 PTS) (Korkmaz 5 AST),,,,PHI,1610612755.0,1627788.0
Shot Chart Detail,22100171,624,0,Opponent,1610612761,Toronto Raptors,4,1,44,Missed Shot,Driving Floating Jump Shot,,Restricted Area,Center(C),Less Than 8 ft.,2,1,29,1,0,20211111,PHI,TOR,22100171624,|1627832|1628384|1629004|1629018|1630567,0,REG,,,2022,1628384,0.0,SF,Wing Stopper,1.03,MISS Harris 3' Driving Floating Jump Shot,,,,PHI,1610612755.0,
Shot Chart Detail,22100171,626,0,Opponent,1610612761,Toronto Raptors,4,1,44,Made Shot,Putback Layup Shot,,Restricted Area,Center(C),Less Than 8 ft.,0,0,0,1,1,20211111,PHI,TOR,22100171626,|1627832|1628384|1629004|1629018|1630567,0,REG,,,2022,1627832|1630567,2.0,,,,,,,,PHI,1610612755.0,
Shot Chart Detail,22100171,645,0,Opponent,1610612761,Toronto Raptors,4,0,46,Missed Shot,Pullup Jump shot,,In The Paint (Non-RA),Center(C),8-16 ft.,10,37,96,1,0,20211111,PHI,TOR,22100171645,|1627832|1628384|1629018|1630173|1630567,0,REG,,,2022,1628384,-1.0,SF,Wing Stopper,1.03,MISS Drummond 10' Pullup Jump Shot,,,,PHI,1610612755.0,
Shot Chart Detail,22100171,652,0,Opponent,1610612761,Toronto Raptors,4,0,17,Missed Shot,Driving Layup Shot,,Restricted Area,Center(C),Less Than 8 ft.,1,15,4,1,0,20211111,PHI,TOR,22100171652,|1627832|1628384|1629018|1630173|1630567,0,REG,,,2022,1628384|1630567,-4.0,,,,,,,,PHI,1610612755.0,
Shot Chart Detail,22100171,664,0,Opponent,1610612761,Toronto Raptors,4,0,6,Missed Shot,Running Pull-Up Jump Shot,,Above the Break 3,Right Side Center(RC),24+ ft.,27,163,222,1,0,20211111,PHI,TOR,22100171664,|1627832|1628384|1629018|1630173|1630567,0,REG,,,2022,1628384,-6.0,SF,Wing Stopper,1.03,MISS Maxey 28' 3PT Running Pull-Up Jump Shot,,,,PHI,1610612755.0,
Shot Chart Detail,22100189,11,0,Opponent,1610612761,Toronto Raptors,1,11,25,Made Shot,Cutting Layup Shot,,Restricted Area,Center(C),Less Than 8 ft.,2,-7,21,1,1,20211113,TOR,DET,2210018911,|1627783|1628384|1629018|1630567|201609,1,REG,,,2022,1627783,2.0,PF,Helper,0.72,Stewart 2' Cutting Layup Shot (2 PTS) (Cunningham 1 AST),,,,DET,1610612765.0,1630595.0
Shot Chart Detail,22100189,17,0,Opponent,1610612761,Toronto Raptors,1,10,44,Made Shot,Jump Shot,,Above the Break 3,Left Side Center(LC),24+ ft.,26,-156,210,1,1,20211113,TOR,DET,2210018917,|1627783|1628384|1629018|1630567|201609,1,REG,,,2022,1627783,5.0,PF,Helper,0.72,Bey 26' 3PT Jump Shot (3 PTS) (Hayes 1 AST),,,,DET,1610612765.0,1630165.0
Shot Chart Detail,22100189,20,0,Opponent,1610612761,Toronto Raptors,1,10,17,Made Shot,Jump Shot,,Above the Break 3,Right Side Center(RC),24+ ft.,25,188,174,1,1,20211113,TOR,DET,2210018920,|1627783|1628384|1629018|1630567|201609,1,REG,,,2022,201609,8.0,PG,Chaser,-0.32,Hayes 26' 3PT Jump Shot (3 PTS) (Bey 1 AST),,,,DET,1610612765.0,1630180.0
Shot Chart Detail,22100189,30,0,Opponent,1610612761,Toronto Raptors,1,9,37,Made Shot,Finger Roll Layup Shot,,Restricted Area,Center(C),Less Than 8 ft.,3,12,31,1,1,20211113,TOR,DET,2210018930,|1627783|1628384|1629018|1630567|201609,1,REG,,,2022,1630567,5.0,PF,Helper,0.63,Stewart 3' Finger Roll Layup (4 PTS) (Grant 1 AST),,,,DET,1610612765.0,203924.0
Shot Chart Detail,22100189,35,0,Opponent,1610612761,Toronto Raptors,1,9,2,Made Shot,Pullup Jump shot,,Above the Break 3,Right Side Center(RC),24+ ft.,27,143,236,1,1,20211113,TOR,DET,2210018935,|1627783|1628384|1629018|1630567|201609,1,REG,,,2022,1627783,6.0,PF,Helper,0.72,Bey 28' 3PT Pullup Jump Shot (6 PTS) (Hayes 2 AST),,,,DET,1610612765.0,1630165.0
Shot Chart Detail,22100189,41,0,Opponent,1610612761,Toronto Raptors,1,8,21,Missed Shot,Jump Shot,,Right Corner 3,Right Side(R),24+ ft.,23,235,13,1,0,20211113,TOR,DET,2210018941,|1627783|1628384|1629018|1630567|201609,0,REG,,,2022,201609,4.0,PG,Chaser,-0.32,MISS Grant 24' 3PT Jump Shot,,,,DET,1610612765.0,
Shot Chart Detail,22100189,45,0,Opponent,1610612761,Toronto Raptors,1,8,0,Missed Shot,Pullup Jump shot,,Mid-Range,Left Side(L),8-16 ft.,14,-112,87,1,0,20211113,TOR,DET,2210018945,|1627783|1628384|1629018|1630567|201609,0,REG,,,2022,201609,4.0,PG,Chaser,-0.32,MISS Hayes 14' Pullup Jump Shot,,,,DET,1610612765.0,
Shot Chart Detail,22100189,50,0,Opponent,1610612761,Toronto Raptors,1,7,24,Missed Shot,Cutting Layup Shot,,Restricted Area,Center(C),Less Than 8 ft.,1,-11,15,1,0,20211113,TOR,DET,2210018950,|1627783|1628384|1629018|1630567|201609,0,REG,,,2022,1628384,1.0,SF,Wing Stopper,1.03,MISS Grant 2' Cutting Layup Shot,,,,DET,1610612765.0,
Shot Chart Detail,22100189,55,0,Opponent,1610612761,Toronto Raptors,1,6,50,Missed Shot,Pullup Jump shot,,Mid-Range,Right Side Center(RC),16-24 ft.,19,78,176,1,0,20211113,TOR,DET,2210018955,|1627783|1628384|1629018|1630567|201609,0,REG,,,2022,1629018,-1.0,SG,Chaser,0.19,MISS Bey 19' Pullup Jump Shot,,,,DET,1610612765.0,
Shot Chart Detail,22100189,72,0,Opponent,1610612761,Toronto Raptors,1,5,23,Missed Shot,Pullup Jump shot,,Mid-Range,Center(C),16-24 ft.,19,58,190,1,0,20211113,TOR,DET,2210018972,|1627783|1628384|1628449|1629018|1630625,0,REG,,,2022,1630625,-7.0,PG,Chaser,0.27,MISS Grant 20' Pullup Jump Shot,,,,DET,1610612765.0,
Shot Chart Detail,22100189,74,0,Opponent,1610612761,Toronto Raptors,1,5,14,Missed Shot,Jump Shot,,Left Corner 3,Left Side(L),24+ ft.,22,-228,1,1,0,20211113,TOR,DET,2210018974,|1627783|1628384|1628449|1629018|1630625,0,REG,,,2022,1628449,-7.0,SF,Helper,0.4,MISS Hayes 3PT Jump Shot,,,,DET,1610612765.0,
Shot Chart Detail,22100189,82,0,Opponent,1610612761,Toronto Raptors,1,4,39,Made Shot,Pullup Jump shot,,Above the Break 3,Right Side Center(RC),24+ ft.,26,86,252,1,1,20211113,TOR,DET,2210018982,|1627783|1628384|1628449|1629018|1630625,0,REG,,,2022,1629018,-6.0,SG,Chaser,0.19,Cunningham 27' 3PT Pullup Jump Shot (3 PTS),,,,DET,1610612765.0,
Shot Chart Detail,22100189,97,0,Opponent,1610612761,Toronto Raptors,1,3,38,Missed Shot,Jump Shot,,Above the Break 3,Center(C),24+ ft.,26,-74,251,1,0,20211113,TOR,DET,2210018997,|1628384|1628449|1629018|1630625|203920,0,REG,,,2022,1629018,-4.0,SG,Chaser,0.19,MISS Cunningham 26' 3PT Jump Shot,,,,DET,1610612765.0,
Shot Chart Detail,22100189,114,0,Opponent,1610612761,Toronto Raptors,1,2,30,Made Shot,Cutting Layup Shot,,Restricted Area,Center(C),Less Than 8 ft.,3,6,34,1,1,20211113,TOR,DET,22100189114,|1628384|1628449|1629018|1630625|203920,1,REG,,,2022,1628384,-3.0,SF,Wing Stopper,1.03,Grant 3' Cutting Layup Shot (2 PTS) (J. Jackson 1 AST),,,,DET,1610612765.0,1628367.0
Shot Chart Detail,22100189,118,0,Opponent,1610612761,Toronto Raptors,1,2,10,Made Shot,Driving Hook Shot,,In The Paint (Non-RA),Center(C),Less Than 8 ft.,5,12,55,1,1,20211113,TOR,DET,22100189118,|1628384|1628449|1629018|1630625|203920,1,REG,,,2022,1628449,-3.0,SF,Helper,0.4,J. Jackson 6' Driving Hook Shot (3 PTS) (Hayes 3 AST),,,,DET,1610612765.0,1630165.0
Shot Chart Detail,22100189,128,0,Opponent,1610612761,Toronto Raptors,1,1,26,Made Shot,Jump Shot,,In The Paint (Non-RA),Center(C),Less Than 8 ft.,6,2,64,1,1,20211113,TOR,DET,22100189128,|1627783|1628449|1629018|1630625|203920,0,REG,,,2022,203920,-3.0,C,Mobile Big,0.63,Lyles 6' Jump Shot (3 PTS),,,,DET,1610612765.0,
Shot Chart Detail,22100189,133,0,Opponent,1610612761,Toronto Raptors,1,0,50,Made Shot,Jump Shot,,Above the Break 3,Left Side Center(LC),24+ ft.,26,-224,140,1,1,20211113,TOR,DET,22100189133,|1627783|1628449|1629018|1630625|203920,1,REG,,,2022,1629018,0.0,SG,Chaser,0.19,J. Jackson 26' 3PT Jump Shot (6 PTS) (Joseph 1 AST),,,,DET,1610612765.0,202709.0
Shot Chart Detail,22100189,145,0,Opponent,1610612761,Toronto Raptors,1,0,33,Missed Shot,Cutting Layup Shot,,Restricted Area,Center(C),Less Than 8 ft.,3,-28,16,1,0,20211113,TOR,DET,22100189145,|1627783|1628449|1629004|1630567|1630625,0,REG,,,2022,1627783,-1.0,PF,Helper,0.72,MISS Grant 3' Cutting Layup Shot,,,,DET,1610612765.0,
Shot Chart Detail,22100189,168,0,Opponent,1610612761,Toronto Raptors,2,11,47,Made Shot,Jump Shot,,Above the Break 3,Right Side Center(RC),24+ ft.,24,227,104,1,1,20211113,TOR,DET,22100189168,|1627783|1628449|1629004|1630567|1630625,1,REG,,,2022,1629004,0.0,SF,Chaser,-0.31,F. Jackson 25' 3PT Jump Shot (3 PTS) (Stewart 1 AST),,,,DET,1610612765.0,1630191.0
Shot Chart Detail,22100189,171,0,Opponent,1610612761,Toronto Raptors,2,11,20,Made Shot,Driving Finger Roll Layup Shot,,Restricted Area,Center(C),Less Than 8 ft.,2,16,15,1,1,20211113,TOR,DET,22100189171,|1627783|1628449|1629004|1630567|1630625,1,REG,,,2022,1628449,0.0,SF,Helper,0.4,J. Jackson 2' Driving Finger Roll Layup (8 PTS) (Joseph 2 AST),,,,DET,1610612765.0,202709.0
Shot Chart Detail,22100189,186,0,Opponent,1610612761,Toronto Raptors,2,10,25,Made Shot,Turnaround Fadeaway shot,,In The Paint (Non-RA),Center(C),8-16 ft.,12,43,114,1,1,20211113,TOR,DET,22100189186,|1627783|1629004|1630567|1630625|203920,0,REG,,,2022,1629004,-2.0,SF,Chaser,-0.31,F. Jackson 12' Turnaround Fadeaway (5 PTS),,,,DET,1610612765.0,
Shot Chart Detail,22100189,188,0,Opponent,1610612761,Toronto Raptors,2,9,58,Missed Shot,Jump Shot,,Right Corner 3,Right Side(R),24+ ft.,24,240,16,1,0,20211113,TOR,DET,22100189188,|1627783|1629004|1630567|1630625|203920,0,REG,,,2022,1629004,-2.0,SF,Chaser,-0.31,MISS F. Jackson 24' 3PT Jump Shot,,,,DET,1610612765.0,
Shot Chart Detail,22100189,192,0,Opponent,1610612761,Toronto Raptors,2,9,31,Made Shot,Jump Shot,,Above the Break 3,Left Side Center(LC),24+ ft.,26,-131,230,1,1,20211113,TOR,DET,22100189192,|1627783|1629004|1630567|1630625|203920,1,REG,,,2022,1629004,-1.0,SF,Chaser,-0.31,F. Jackson 26' 3PT Jump Shot (8 PTS) (Bey 2 AST),,,,DET,1610612765.0,1630180.0
Shot Chart Detail,22100189,201,0,Opponent,1610612761,Toronto Raptors,2,9,4,Made Shot,Pullup Jump shot,,Mid-Range,Right Side Center(RC),16-24 ft.,18,131,136,1,1,20211113,TOR,DET,22100189201,|1627783|1629004|1630201|1630567|203920,1,REG,,,2022,1630201,-1.0,PG,Point of Attack,-0.52,Joseph 19' Pullup Jump Shot (4 PTS) (Stewart 2 AST),,,,DET,1610612765.0,1630191.0
Shot Chart Detail,22100189,204,0,Opponent,1610612761,Toronto Raptors,2,8,37,Missed Shot,Jump Shot,,Above the Break 3,Center(C),24+ ft.,26,-16,260,1,0,20211113,TOR,DET,22100189204,|1627783|1629004|1630201|1630567|203920,0,REG,,,2022,203920,-3.0,C,Mobile Big,0.63,MISS Stewart 26' 3PT Jump Shot,,,,DET,1610612765.0,
Shot Chart Detail,22100189,209,0,Opponent,1610612761,Toronto Raptors,2,8,18,Missed Shot,Jump Shot,,Above the Break 3,Right Side Center(RC),24+ ft.,25,186,176,1,0,20211113,TOR,DET,22100189209,|1627783|1629004|1630201|1630567|203920,0,REG,,,2022,,,,,,,,,,DET,1610612765.0,
Shot Chart Detail,22100189,220,0,Opponent,1610612761,Toronto Raptors,2,7,32,Missed Shot,Jump Shot,,Above the Break 3,Right Side Center(RC),24+ ft.,26,148,224,1,0,20211113,TOR,DET,22100189220,|1628384|1629004|1630201|1630567|203920,0,REG,,,2022,1628384,-6.0,SF,Wing Stopper,1.03,MISS Bey 27' 3PT Jump Shot,,,,DET,1610612765.0,
Shot Chart Detail,22100189,224,0,Opponent,1610612761,Toronto Raptors,2,7,10,Missed Shot,Jump Shot,,Left Corner 3,Left Side(L),24+ ft.,23,-232,10,1,0,20211113,TOR,DET,22100189224,|1628384|1629004|1630201|1630567|203920,0,REG,,,2022,1630567,-6.0,PF,Helper,0.63,MISS F. Jackson 3PT Jump Shot,,,,DET,1610612765.0,
Shot Chart Detail,22100189,239,0,Opponent,1610612761,Toronto Raptors,2,6,9,Missed Shot,Jump Shot,,Above the Break 3,Right Side Center(RC),24+ ft.,27,87,257,1,0,20211113,TOR,DET,22100189239,|1628384|1629004|1630201|1630567|203920,0,REG,,,2022,1628384,-5.0,SF,Wing Stopper,1.03,MISS F. Jackson 27' 3PT Jump Shot,,,,DET,1610612765.0,
Shot Chart Detail,22100189,241,0,Opponent,1610612761,Toronto Raptors,2,6,1,Made Shot,Driving Finger Roll Layup Shot,,Restricted Area,Center(C),Less Than 8 ft.,3,-29,21,1,1,20211113,TOR,DET,22100189241,|1628384|1629004|1630201|1630567|203920,1,REG,,,2022,1629004,-3.0,SF,Chaser,-0.31,Bey 4' Driving Finger Roll Layup (8 PTS) (Cunningham 2 AST),,,,DET,1610612765.0,1630595.0
Shot Chart Detail,22100189,248,0,Opponent,1610612761,Toronto Raptors,2,5,33,Made Shot,Driving Finger Roll Layup Shot,,Restricted Area,Center(C),Less Than 8 ft.,2,-6,22,1,1,20211113,TOR,DET,22100189248,|1628384|1629018|1630201|1630567|203920,0,REG,,,2022,1630201|1630567,-1.0,,,,,,,,DET,1610612765.0,
Shot Chart Detail,22100189,254,0,Opponent,1610612761,Toronto Raptors,2,5,22,Missed Shot,Pullup Jump shot,,Above the Break 3,Right Side Center(RC),24+ ft.,26,103,246,1,0,20211113,TOR,DET,22100189254,|1628384|1629018|1630201|1630567|203920,0,REG,,,2022,1630201,-2.0,PG,Point of Attack,-0.52,MISS Cunningham 27' 3PT Pullup Jump Shot,,,,DET,1610612765.0,
Shot Chart Detail,22100189,262,0,Opponent,1610612761,Toronto Raptors,2,4,55,Made Shot,Turnaround Fadeaway shot,,In The Paint (Non-RA),Center(C),Less Than 8 ft.,6,-6,61,1,1,20211113,TOR,DET,22100189262,|1628384|1629018|1630567|201609|203920,1,REG,,,2022,1630567,-2.0,PF,Helper,0.63,Grant 6' Turnaround Fadeaway (4 PTS) (Hayes 4 AST),,,,DET,1610612765.0,1630165.0
Shot Chart Detail,22100189,266,0,Opponent,1610612761,Toronto Raptors,2,4,20,Missed Shot,Fadeaway Jump Shot,,Mid-Range,Left Side(L),8-16 ft.,14,-138,48,1,0,20211113,TOR,DET,22100189266,|1628384|1629018|1630567|201609|203920,0,REG,,,2022,1630567,-4.0,PF,Helper,0.63,MISS Bey 15' Fadeaway Jumper,,,,DET,1610612765.0,
Shot Chart Detail,22100189,268,0,Opponent,1610612761,Toronto Raptors,2,4,13,Missed Shot,Jump Shot,,Above the Break 3,Left Side Center(LC),24+ ft.,26,-110,242,1,0,20211113,TOR,DET,22100189268,|1628384|1629018|1630567|201609|203920,0,REG,,,2022,1628384,-4.0,SF,Wing Stopper,1.03,MISS Cunningham 27' 3PT Jump Shot,,,,DET,1610612765.0,
Shot Chart Detail,22100189,280,0,Opponent,1610612761,Toronto Raptors,2,3,40,Made Shot,Reverse Layup Shot,,Restricted Area,Center(C),Less Than 8 ft.,1,15,8,1,1,20211113,TOR,DET,22100189280,|1627783|1628384|1629018|201609|203920,1,REG,,,2022,203920,-2.0,C,Mobile Big,0.63,Stewart 2' Reverse Layup (8 PTS) (Grant 2 AST),,,,DET,1610612765.0,203924.0
Shot Chart Detail,22100189,285,0,Opponent,1610612761,Toronto Raptors,2,3,11,Missed Shot,Jump Shot,,Above the Break 3,Right Side Center(RC),24+ ft.,29,126,271,1,0,20211113,TOR,DET,22100189285,|1627783|1628384|1629018|201609|203920,0,REG,,,2022,1629018,-4.0,SG,Chaser,0.19,MISS Cunningham 30' 3PT Jump Shot,,,,DET,1610612765.0,
Shot Chart Detail,22100189,291,0,Opponent,1610612761,Toronto Raptors,2,2,46,Made Shot,Driving Layup Shot,,Restricted Area,Center(C),Less Than 8 ft.,1,-9,15,1,1,20211113,TOR,DET,22100189291,|1627783|1628384|1629018|201609|203920,0,REG,,,2022,203920,-4.0,C,Mobile Big,0.63,Grant 2' Driving Layup (6 PTS),,,,DET,1610612765.0,
Shot Chart Detail,22100189,312,0,Opponent,1610612761,Toronto Raptors,2,1,51,Made Shot,Cutting Layup Shot,,Restricted Area,Center(C),Less Than 8 ft.,1,-6,14,1,1,20211113,TOR,DET,22100189312,|1628384|1629004|1629018|1630567|201609,1,REG,,,2022,1628384,1.0,SF,Wing Stopper,1.03,J. Jackson 2' Cutting Layup Shot (10 PTS) (Hayes 5 AST),,,,DET,1610612765.0,1630165.0
Shot Chart Detail,22100189,330,0,Opponent,1610612761,Toronto Raptors,2,0,55,Missed Shot,Jump Shot,,Left Corner 3,Left Side(L),24+ ft.,22,-225,22,1,0,20211113,TOR,DET,22100189330,|1628384|1629004|1629018|1630567|201609,0,REG,,,2022,1628384,0.0,SF,Wing Stopper,1.03,MISS Bey 3PT Jump Shot,,,,DET,1610612765.0,
Shot Chart Detail,22100189,342,0,Opponent,1610612761,Toronto Raptors,2,0,12,Made Shot,Cutting Dunk Shot,,Restricted Area,Center(C),Less Than 8 ft.,1,-5,14,1,1,20211113,TOR,DET,22100189342,|1628384|1629004|1629018|1630567|201609,1,REG,,,2022,1630567,1.0,PF,Helper,0.63,Lyles 1' Cutting Dunk Shot (5 PTS) (Bey 3 AST),,,,DET,1610612765.0,1630180.0
Shot Chart Detail,22100189,356,0,Opponent,1610612761,Toronto Raptors,3,11,38,Missed Shot,Driving Layup Shot,,Mid-Range,Left Side(L),8-16 ft.,11,-105,41,1,0,20211113,TOR,DET,22100189356,|1627783|1628384|1629018|1630567|201609,0,REG,,,2022,201609,1.0,PG,Chaser,-0.32,MISS Hayes 11' Driving Layup,,,,DET,1610612765.0,
Shot Chart Detail,22100189,362,0,Opponent,1610612761,Toronto Raptors,3,11,19,Made Shot,Layup Shot,,Restricted Area,Center(C),Less Than 8 ft.,1,-12,5,1,1,20211113,TOR,DET,22100189362,|1627783|1628384|1629018|1630567|201609,1,REG,,,2022,1630567,1.0,PF,Helper,0.63,Stewart 1' Layup (10 PTS) (Cunningham 3 AST),,,,DET,1610612765.0,1630595.0
Shot Chart Detail,22100189,368,0,Opponent,1610612761,Toronto Raptors,3,10,40,Missed Shot,Driving Floating Jump Shot,,In The Paint (Non-RA),Center(C),Less Than 8 ft.,6,-1,69,1,0,20211113,TOR,DET,22100189368,|1627783|1628384|1629018|1630567|201609,0,REG,,,2022,1627783,-2.0,PF,Helper,0.72,MISS Grant 7' Driving Floating Jump Shot,,,,DET,1610612765.0,
Shot Chart Detail,22100189,370,0,Opponent,1610612761,Toronto Raptors,3,10,27,Made Shot,Turnaround Hook Shot,,Restricted Area,Center(C),Less Than 8 ft.,3,-11,33,1,1,20211113,TOR,DET,22100189370,|1627783|1628384|1629018|1630567|201609,1,REG,,,2022,1630567,0.0,PF,Helper,0.63,Stewart 3' Turnaround Hook Shot (12 PTS) (Hayes 6 AST),,,,DET,1610612765.0,1630165.0
Shot Chart Detail,22100189,374,0,Opponent,1610612761,Toronto Raptors,3,10,6,Made Shot,Running Finger Roll Layup Shot,,Restricted Area,Center(C),Less Than 8 ft.,2,-6,23,1,1,20211113,TOR,DET,22100189374,|1627783|1628384|1629018|1630567|201609,1,REG,,,2022,1629018|1627783,2.0,,,,,,,,DET,1610612765.0,1630165.0
Shot Chart Detail,22100189,391,0,Opponent,1610612761,Toronto Raptors,3,8,46,Missed Shot,Jump Shot,,Above the Break 3,Left Side Center(LC),24+ ft.,27,-134,239,1,0,20211113,TOR,DET,22100189391,|1627783|1628384|1629018|1630567|201609,0,REG,,,2022,201609,-2.0,PG,Chaser,-0.32,MISS J. Jackson 27' 3PT Jump Shot,,,,DET,1610612765.0,
Shot Chart Detail,22100189,393,0,Opponent,1610612761,Toronto Raptors,3,8,42,Missed Shot,Jump Shot,,Above the Break 3,Left Side Center(LC),24+ ft.,27,-195,193,1,0,20211113,TOR,DET,22100189393,|1627783|1628384|1629018|1630567|201609,0,REG,,,2022,1629018,-2.0,SG,Chaser,0.19,MISS Cunningham 27' 3PT Jump Shot,,,,DET,1610612765.0,
Shot Chart Detail,22100189,404,0,Opponent,1610612761,Toronto Raptors,3,7,32,Made Shot,Driving Layup Shot,,Restricted Area,Center(C),Less Than 8 ft.,1,11,6,1,1,20211113,TOR,DET,22100189404,|1627783|1628384|1629018|1630567|201609,0,REG,,,2022,201609,-3.0,PG,Chaser,-0.32,J. Jackson 1' Driving Layup (12 PTS),,,,DET,1610612765.0,
Shot Chart Detail,22100189,422,0,Opponent,1610612761,Toronto Raptors,3,6,2,Missed Shot,Jump Shot,,Above the Break 3,Left Side Center(LC),24+ ft.,26,-181,189,1,0,20211113,TOR,DET,22100189422,|1627783|1628384|1629018|1630567|1630625,0,REG,,,2022,1629018,-7.0,SG,Chaser,0.19,MISS Bey 26' 3PT Jump Shot,,,,DET,1610612765.0,
Shot Chart Detail,22100189,428,0,Opponent,1610612761,Toronto Raptors,3,5,33,Made Shot,Jump Shot,,Left Corner 3,Left Side(L),24+ ft.,23,-233,29,1,1,20211113,TOR,DET,22100189428,|1627783|1628384|1629018|1630567|1630625,1,REG,,,2022,1629018,-6.0,SG,Chaser,0.19,Bey 3PT Jump Shot (12 PTS) (F. Jackson 1 AST),,,,DET,1610612765.0,1628402.0
Shot Chart Detail,22100189,438,0,Opponent,1610612761,Toronto Raptors,3,4,33,Missed Shot,Pullup Jump shot,,Above the Break 3,Right Side Center(RC),24+ ft.,25,121,225,1,0,20211113,TOR,DET,22100189438,|1628384|1628449|1629018|1630567|1630625,0,REG,,,2022,1630567,-7.0,PF,Helper,0.63,MISS F. Jackson 26' 3PT Pullup Jump Shot,,,,DET,1610612765.0,
Shot Chart Detail,22100189,440,0,Opponent,1610612761,Toronto Raptors,3,4,25,Made Shot,Alley Oop Layup shot,,Restricted Area,Center(C),Less Than 8 ft.,1,12,1,1,1,20211113,TOR,DET,22100189440,|1628384|1628449|1629018|1630567|1630625,1,REG,,,2022,1628449,-5.0,SF,Helper,0.4,Stewart 1' Alley Oop Layup (16 PTS) (J. Jackson 2 AST),,,,DET,1610612765.0,1628367.0
Shot Chart Detail,22100189,444,0,Opponent,1610612761,Toronto Raptors,3,3,59,Made Shot,Running Layup Shot,,Restricted Area,Center(C),Less Than 8 ft.,0,0,-3,1,1,20211113,TOR,DET,22100189444,|1628384|1628449|1629018|1630567|1630625,1,REG,,,2022,1629018,-3.0,SG,Chaser,0.19,Stewart Running Layup (18 PTS) (Bey 4 AST),,,,DET,1610612765.0,1630180.0
Shot Chart Detail,22100189,448,0,Opponent,1610612761,Toronto Raptors,3,3,40,Made Shot,Cutting Dunk Shot,,Restricted Area,Center(C),Less Than 8 ft.,0,2,-6,1,1,20211113,TOR,DET,22100189448,|1628384|1628449|1629018|1630567|1630625,1,REG,,,2022,1630625,-1.0,PG,Chaser,0.27,Stewart 1' Cutting Dunk Shot (20 PTS) (Bey 5 AST),,,,DET,1610612765.0,1630180.0
Shot Chart Detail,22100189,458,0,Opponent,1610612761,Toronto Raptors,3,2,57,Missed Shot,Driving Finger Roll Layup Shot,,Restricted Area,Center(C),Less Than 8 ft.,3,13,37,1,0,20211113,TOR,DET,22100189458,|1628384|1628449|1629018|1630625|203920,0,REG,,,2022,1628449|203920,-2.0,,,,,,,,DET,1610612765.0,
Shot Chart Detail,22100189,460,0,Opponent,1610612761,Toronto Raptors,3,2,55,Missed Shot,Layup Shot,,In The Paint (Non-RA),Center(C),Less Than 8 ft.,5,-2,57,1,0,20211113,TOR,DET,22100189460,|1628384|1628449|1629018|1630625|203920,0,REG,,,2022,1628449|203920,-2.0,,,,,,,,DET,1610612765.0,
Shot Chart Detail,22100189,467,0,Opponent,1610612761,Toronto Raptors,3,2,8,Missed Shot,Jump Shot,,Above the Break 3,Center(C),24+ ft.,26,54,257,1,0,20211113,TOR,DET,22100189467,|1628384|1628449|1629018|1630625|203920,0,REG,,,2022,1630625,-4.0,PG,Chaser,0.27,MISS Joseph 26' 3PT Jump Shot,,,,DET,1610612765.0,
Shot Chart Detail,22100189,470,0,Opponent,1610612761,Toronto Raptors,3,1,35,Made Shot,Jump Shot,,Above the Break 3,Center(C),24+ ft.,26,66,254,1,1,20211113,TOR,DET,22100189470,|1628384|1628449|1629018|1630625|203920,1,REG,,,2022,203920,-3.0,C,Mobile Big,0.63,Lyles 26' 3PT Jump Shot (8 PTS) (Joseph 3 AST),,,,DET,1610612765.0,202709.0
Shot Chart Detail,22100189,505,0,Opponent,1610612761,Toronto Raptors,3,0,6,Made Shot,Driving Finger Roll Layup Shot,,Restricted Area,Center(C),Less Than 8 ft.,1,12,10,1,1,20211113,TOR,DET,22100189505,|1629018|1630567|1630625|201609|203920,0,REG,,,2022,1630625,-2.0,PG,Chaser,0.27,Joseph 2' Driving Finger Roll Layup (7 PTS),,,,DET,1610612765.0,
Shot Chart Detail,22100189,519,0,Opponent,1610612761,Toronto Raptors,4,11,24,Made Shot,Turnaround Jump Shot,,Mid-Range,Left Side(L),16-24 ft.,18,-153,97,1,1,20211113,TOR,DET,22100189519,|1627783|1630567|1630625|201609|203920,1,REG,,,2022,1630567,0.0,PF,Helper,0.63,Grant 18' Turnaround Jump Shot (12 PTS) (Hayes 8 AST),,,,DET,1610612765.0,1630165.0
Shot Chart Detail,22100189,522,0,Opponent,1610612761,Toronto Raptors,4,11,1,Missed Shot,Step Back Jump shot,,Above the Break 3,Center(C),24+ ft.,25,48,251,1,0,20211113,TOR,DET,22100189522,|1627783|1630567|1630625|201609|203920,0,REG,,,2022,1630625,0.0,PG,Chaser,0.27,MISS F. Jackson 26' 3PT Step Back Jump Shot,,,,DET,1610612765.0,
Shot Chart Detail,22100189,534,0,Opponent,1610612761,Toronto Raptors,4,10,24,Made Shot,Driving Finger Roll Layup Shot,,Restricted Area,Center(C),Less Than 8 ft.,2,2,27,1,1,20211113,TOR,DET,22100189534,|1627783|1629004|1630567|1630625|201609,1,REG,,,2022,1630567,1.0,PF,Helper,0.63,Grant 3' Driving Finger Roll Layup (14 PTS) (Hayes 9 AST),,,,DET,1610612765.0,1630165.0
Shot Chart Detail,22100189,538,0,Opponent,1610612761,Toronto Raptors,4,10,5,Made Shot,Running Finger Roll Layup Shot,,Restricted Area,Center(C),Less Than 8 ft.,0,6,7,1,1,20211113,TOR,DET,22100189538,|1627783|1629004|1630567|1630625|201609,1,REG,,,2022,1627783|201609,3.0,,,,,,,,DET,1610612765.0,1626168.0
Shot Chart Detail,22100189,542,0,Opponent,1610612761,Toronto Raptors,4,9,26,Made Shot,Jump Shot,,Left Corner 3,Left Side(L),24+ ft.,24,-235,64,1,1,20211113,TOR,DET,22100189542,|1627783|1629004|1630567|1630625|201609,1,REG,,,2022,1629004,4.0,SF,Chaser,-0.31,Hayes 24' 3PT Jump Shot (10 PTS) (Grant 3 AST),,,,DET,1610612765.0,203924.0
Shot Chart Detail,22100189,550,0,Opponent,1610612761,Toronto Raptors,4,8,56,Missed Shot,Driving Finger Roll Layup Shot,,Restricted Area,Center(C),Less Than 8 ft.,1,-7,16,1,0,20211113,TOR,DET,22100189550,|1627783|1629004|1629018|1630567|1630625,0,REG,,,2022,1629004,2.0,SF,Chaser,-0.31,MISS Grant 2' Driving Finger Roll Layup,,,,DET,1610612765.0,
Shot Chart Detail,22100189,552,0,Opponent,1610612761,Toronto Raptors,4,8,53,Made Shot,Fadeaway Jump Shot,,Left Corner 3,Left Side(L),24+ ft.,23,-234,12,1,1,20211113,TOR,DET,22100189552,|1627783|1629004|1629018|1630567|1630625,1,REG,,,2022,1630625,5.0,PG,Chaser,0.27,Hayes 3PT Fadeaway Jumper (13 PTS) (Grant 4 AST),,,,DET,1610612765.0,203924.0
Shot Chart Detail,22100189,556,0,Opponent,1610612761,Toronto Raptors,4,8,27,Made Shot,Jump Shot,,Above the Break 3,Left Side Center(LC),24+ ft.,26,-89,253,1,1,20211113,TOR,DET,22100189556,|1627783|1629004|1629018|1630567|1630625,1,REG,,,2022,1629004,8.0,SF,Chaser,-0.31,J. Jackson 27' 3PT Jump Shot (15 PTS) (Hayes 10 AST),,,,DET,1610612765.0,1630165.0
Shot Chart Detail,22100189,566,0,Opponent,1610612761,Toronto Raptors,4,7,43,Missed Shot,Jump Shot,,Left Corner 3,Left Side(L),24+ ft.,23,-232,16,1,0,20211113,TOR,DET,22100189566,|1627783|1628384|1629018|1630567|201609,0,REG,,,2022,1628384,8.0,SF,Wing Stopper,1.03,MISS Cunningham 3PT Jump Shot,,,,DET,1610612765.0,
Shot Chart Detail,22100189,584,0,Opponent,1610612761,Toronto Raptors,4,6,40,Made Shot,Jump Shot,,Above the Break 3,Left Side Center(LC),24+ ft.,26,-192,179,1,1,20211113,TOR,DET,22100189584,|1627783|1628384|1629018|1630567|201609,1,REG,,,2022,201609,10.0,PG,Chaser,-0.32,Grant 26' 3PT Jump Shot (19 PTS) (Stewart 3 AST),,,,DET,1610612765.0,1630191.0
Shot Chart Detail,22100189,587,0,Opponent,1610612761,Toronto Raptors,4,6,3,Made Shot,Jump Shot,,Above the Break 3,Left Side Center(LC),24+ ft.,25,-214,144,1,1,20211113,TOR,DET,22100189587,|1627783|1628384|1629018|1630567|201609,1,REG,,,2022,1627783|201609,11.0,,,,,,,,DET,1610612765.0,1630595.0
Shot Chart Detail,22100189,591,0,Opponent,1610612761,Toronto Raptors,4,5,34,Missed Shot,Step Back Jump shot,,Mid-Range,Left Side Center(LC),16-24 ft.,19,-130,151,1,0,20211113,TOR,DET,22100189591,|1627783|1628384|1629018|1630567|201609,0,REG,,,2022,1629018,11.0,SG,Chaser,0.19,MISS J. Jackson 20' Step Back Jump Shot,,,,DET,1610612765.0,
Shot Chart Detail,22100189,595,0,Opponent,1610612761,Toronto Raptors,4,4,53,Made Shot,Jump Shot,,Above the Break 3,Left Side Center(LC),24+ ft.,25,-119,230,1,1,20211113,TOR,DET,22100189595,|1627783|1628384|1629018|1630567|201609,1,REG,,,2022,1628384,11.0,SF,Wing Stopper,1.03,Cunningham 26' 3PT Jump Shot (6 PTS) (Grant 5 AST),,,,DET,1610612765.0,203924.0
Shot Chart Detail,22100189,613,0,Opponent,1610612761,Toronto Raptors,4,3,24,Missed Shot,Driving Layup Shot,,Restricted Area,Center(C),Less Than 8 ft.,3,-31,18,1,0,20211113,TOR,DET,22100189613,|1627783|1628384|1629018|1630567|201609,0,REG,,,2022,1628384,6.0,SF,Wing Stopper,1.03,MISS Grant 4' Driving Layup,,,,DET,1610612765.0,
Shot Chart Detail,22100189,622,0,Opponent,1610612761,Toronto Raptors,4,2,45,Missed Shot,Driving Layup Shot,,Restricted Area,Center(C),Less Than 8 ft.,3,-32,20,1,0,20211113,TOR,DET,22100189622,|1627783|1628384|1629018|1630567|201609,0,REG,,,2022,1630567,6.0,PF,Helper,0.63,MISS Grant 4' Driving Layup,,,,DET,1610612765.0,
Shot Chart Detail,22100189,625,0,Opponent,1610612761,Toronto Raptors,4,2,14,Made Shot,Driving Hook Shot,,In The Paint (Non-RA),Center(C),Less Than 8 ft.,5,2,52,1,1,20211113,TOR,DET,22100189625,|1627783|1628384|1629018|1630567|201609,0,REG,,,2022,1628384,6.0,SF,Wing Stopper,1.03,Cunningham 5' Driving Hook Shot (8 PTS),,,,DET,1610612765.0,
Shot Chart Detail,22100189,642,0,Opponent,1610612761,Toronto Raptors,4,1,23,Made Shot,Driving Layup Shot,,In The Paint (Non-RA),Center(C),Less Than 8 ft.,6,-39,48,1,1,20211113,TOR,DET,22100189642,|1627783|1628384|1629018|1630567|201609,0,REG,,,2022,1628384,5.0,SF,Wing Stopper,1.03,Cunningham 6' Driving Layup (10 PTS),,,,DET,1610612765.0,
Shot Chart Detail,22100189,647,0,Opponent,1610612761,Toronto Raptors,4,0,55,Missed Shot,Finger Roll Layup Shot,,In The Paint (Non-RA),Center(C),Less Than 8 ft.,5,-31,42,1,0,20211113,TOR,DET,22100189647,|1627783|1628384|1629018|1630567|201609,0,REG,,,2022,1628384,5.0,SF,Wing Stopper,1.03,Anunoby BLOCK (1 BLK),,,,DET,1610612765.0,
Shot Chart Detail,22100189,651,0,Opponent,1610612761,Toronto Raptors,4,0,51,Missed Shot,Turnaround Hook Shot,,In The Paint (Non-RA),Center(C),Less Than 8 ft.,4,31,37,1,0,20211113,TOR,DET,22100189651,|1627783|1628384|1629018|1630567|201609,0,REG,,,2022,1628384,5.0,SF,Wing Stopper,1.03,MISS Stewart 5' Turnaround Hook Shot,,,,DET,1610612765.0,
Shot Chart Detail,22100208,7,0,Opponent,1610612761,Toronto Raptors,1,11,34,Missed Shot,Jump Shot,,Right Corner 3,Right Side(R),24+ ft.,22,221,63,1,0,20211115,POR,TOR,221002087,|1627783|1627832|1628384|1629018|1630567,0,REG,,,2022,1628384,0.0,SF,Wing Stopper,1.03,MISS Powell 3PT Jump Shot,,,,POR,1610612757.0,
Shot Chart Detail,22100208,10,0,Opponent,1610612761,Toronto Raptors,1,10,53,Made Shot,Jump Shot,,Above the Break 3,Right Side Center(RC),24+ ft.,25,212,138,1,1,20211115,POR,TOR,2210020810,|1627783|1627832|1628384|1629018|1630567,1,REG,,,2022,1629018,1.0,SG,Chaser,0.19,McCollum 25' 3PT Jump Shot (3 PTS) (Lillard 1 AST),,,,POR,1610612757.0,203081.0
Shot Chart Detail,22100208,13,0,Opponent,1610612761,Toronto Raptors,1,10,24,Missed Shot,Layup Shot,,Restricted Area,Center(C),Less Than 8 ft.,1,10,5,1,0,20211115,POR,TOR,2210020813,|1627783|1627832|1628384|1629018|1630567,0,REG,,,2022,1630567,-2.0,PF,Helper,0.63,MISS Nurkic 1' Layup,,,,POR,1610612757.0,
Shot Chart Detail,22100208,28,0,Opponent,1610612761,Toronto Raptors,1,8,39,Made Shot,Pullup Jump shot,,Mid-Range,Right Side(R),16-24 ft.,19,188,67,1,1,20211115,POR,TOR,2210020828,|1627783|1627832|1628384|1629018|1630567,0,REG,,,2022,1630567,-8.0,PF,Helper,0.63,Lillard 20' Pullup Jump Shot (2 PTS),,,,POR,1610612757.0,
Shot Chart Detail,22100208,31,0,Opponent,1610612761,Toronto Raptors,1,8,4,Missed Shot,Pullup Jump shot,,Mid-Range,Left Side(L),8-16 ft.,14,-142,21,1,0,20211115,POR,TOR,2210020831,|1627783|1627832|1628384|1629018|1630567,0,REG,,,2022,1627783,-8.0,PF,Helper,0.72,MISS McCollum 14' Pullup Jump Shot,,,,POR,1610612757.0,
Shot Chart Detail,22100208,35,0,Opponent,1610612761,Toronto Raptors,1,7,48,Made Shot,Jump Shot,,Left Corner 3,Left Side(L),24+ ft.,22,-229,6,1,1,20211115,POR,TOR,2210020835,|1627783|1627832|1628384|1629018|1630567,1,REG,,,2022,1629018,-5.0,SG,Chaser,0.19,Covington 3PT Jump Shot (3 PTS) (McCollum 1 AST),,,,POR,1610612757.0,203468.0
Shot Chart Detail,22100208,51,0,Opponent,1610612761,Toronto Raptors,1,6,45,Missed Shot,Step Back Jump shot,,Above the Break 3,Center(C),24+ ft.,27,11,279,1,0,20211115,POR,TOR,2210020851,|1627783|1627832|1628384|1629018|1630567,0,REG,,,2022,1629018,-4.0,SG,Chaser,0.19,MISS Lillard 28' 3PT Step Back Jump Shot,,,,POR,1610612757.0,
Shot Chart Detail,22100208,54,0,Opponent,1610612761,Toronto Raptors,1,6,16,Missed Shot,Step Back Jump shot,,Above the Break 3,Center(C),24+ ft.,25,-44,251,1,0,20211115,POR,TOR,2210020854,|1627783|1627832|1628384|1629018|1630567,0,REG,,,2022,1628384,-6.0,SF,Wing Stopper,1.03,MISS McCollum 25' 3PT Step Back Jump Shot,,,,POR,1610612757.0,
Shot Chart Detail,22100208,58,0,Opponent,1610612761,Toronto Raptors,1,6,9,Missed Shot,Driving Layup Shot,,Restricted Area,Center(C),Less Than 8 ft.,0,-6,1,1,0,20211115,POR,TOR,2210020858,|1627783|1627832|1628384|1629018|1630567,0,REG,,,2022,1627783,-6.0,PF,Helper,0.72,MISS Covington 1' Driving Layup,,,,POR,1610612757.0,
Shot Chart Detail,22100208,61,0,Opponent,1610612761,Toronto Raptors,1,6,6,Made Shot,Layup Shot,,Restricted Area,Center(C),Less Than 8 ft.,1,17,1,1,1,20211115,POR,TOR,2210020861,|1627783|1627832|1628384|1629018|1630567,1,REG,,,2022,1629018|1627783,-4.0,,,,,,,,POR,1610612757.0,203081.0
Shot Chart Detail,22100208,65,0,Opponent,1610612761,Toronto Raptors,1,5,46,Missed Shot,Driving Floating Jump Shot,,Mid-Range,Left Side(L),8-16 ft.,8,-88,7,1,0,20211115,POR,TOR,2210020865,|1627783|1627832|1628384|1629018|1630567,0,REG,,,2022,1627783,-4.0,PF,Helper,0.72,MISS Lillard 9' Driving Floating Jump Shot,,,,POR,1610612757.0,
Shot Chart Detail,22100208,75,0,Opponent,1610612761,Toronto Raptors,1,5,9,Made Shot,Turnaround Fadeaway Bank Jump Shot,,In The Paint (Non-RA),Center(C),Less Than 8 ft.,4,-42,27,1,1,20211115,POR,TOR,2210020875,|1627783|1627832|1628384|1629018|203920,1,REG,,,2022,203920,-4.0,C,Mobile Big,0.63,Zeller 5' Turnaround Fadeaway Bank Jump Shot (2 PTS) (Covington 1 AST),,,,POR,1610612757.0,203496.0
Shot Chart Detail,22100208,79,0,Opponent,1610612761,Toronto Raptors,1,4,35,Missed Shot,Jump Shot,,Above the Break 3,Right Side Center(RC),24+ ft.,25,99,236,1,0,20211115,POR,TOR,2210020879,|1627783|1627832|1628384|1629018|203920,0,REG,,,2022,,,,,,,,,,POR,1610612757.0,
Shot Chart Detail,22100208,83,0,Opponent,1610612761,Toronto Raptors,1,4,9,Made Shot,Driving Floating Bank Jump Shot,,In The Paint (Non-RA),Center(C),8-16 ft.,11,-56,105,1,1,20211115,POR,TOR,2210020883,|1627783|1627832|1628384|1629018|203920,0,REG,,,2022,1629018,-8.0,SG,Chaser,0.19,McCollum 12' Driving Floating Bank Jump Shot (6 PTS),,,,POR,1610612757.0,
Shot Chart Detail,22100208,86,0,Opponent,1610612761,Toronto Raptors,1,3,39,Made Shot,Pullup Jump shot,,Mid-Range,Right Side Center(RC),16-24 ft.,21,161,141,1,1,20211115,POR,TOR,2210020886,|1627783|1627832|1628384|1629018|203920,0,REG,,,2022,203920,-9.0,C,Mobile Big,0.63,Lillard 21' Pullup Jump Shot (4 PTS),,,,POR,1610612757.0,
Shot Chart Detail,22100208,107,0,Opponent,1610612761,Toronto Raptors,1,2,24,Missed Shot,Step Back Jump shot,,Above the Break 3,Right Side Center(RC),24+ ft.,26,126,231,1,0,20211115,POR,TOR,22100208107,|1627832|1629018|1630567|1630625|203920,0,REG,,,2022,1629018,-14.0,SG,Chaser,0.19,MISS Little 26' 3PT Step Back Jump Shot,,,,POR,1610612757.0,
Shot Chart Detail,22100208,109,0,Opponent,1610612761,Toronto Raptors,1,2,12,Made Shot,Jump Shot,,Right Corner 3,Right Side(R),24+ ft.,22,228,17,1,1,20211115,POR,TOR,22100208109,|1627832|1629018|1630567|1630625|203920,1,REG,,,2022,1629018,-11.0,SG,Chaser,0.19,Simons 3PT Jump Shot (3 PTS) (Nance Jr. 1 AST),,,,POR,1610612757.0,1626204.0
Shot Chart Detail,22100208,114,0,Opponent,1610612761,Toronto Raptors,1,1,28,Missed Shot,Driving Layup Shot,,Restricted Area,Center(C),Less Than 8 ft.,0,-7,0,1,0,20211115,POR,TOR,22100208114,|1627832|1629018|1630567|1630625|203920,0,REG,,,2022,1627832,-11.0,PG,Point of Attack,0.9,MISS Lillard 1' Driving Layup,,,,POR,1610612757.0,
Shot Chart Detail,22100208,118,0,Opponent,1610612761,Toronto Raptors,1,1,0,Made Shot,Driving Layup Shot,,Restricted Area,Center(C),Less Than 8 ft.,1,-12,6,1,1,20211115,POR,TOR,22100208118,|1627832|1629018|1630567|1630625|203920,0,REG,,,2022,1627832|203920,-11.0,,,,,,,,POR,1610612757.0,
Shot Chart Detail,22100208,121,0,Opponent,1610612761,Toronto Raptors,1,0,25,Made Shot,Pullup Jump shot,,Mid-Range,Center(C),16-24 ft.,20,17,204,1,1,20211115,POR,TOR,22100208121,|1627832|1629018|1630567|1630625|203920,0,REG,,,2022,203920,-9.0,C,Mobile Big,0.63,Simons 20' Pullup Jump Shot (5 PTS),,,,POR,1610612757.0,
Shot Chart Detail,22100208,124,0,Opponent,1610612761,Toronto Raptors,1,0,0,Missed Shot,Pullup Jump shot,,Backcourt,Back Court(BC),Back Court Shot,61,-176,585,1,0,20211115,POR,TOR,22100208124,|1627832|1629018|1630567|1630625|203920,0,REG,,,2022,,,,,,,,,,POR,1610612757.0,
Shot Chart Detail,22100208,138,0,Opponent,1610612761,Toronto Raptors,2,11,32,Made Shot,Pullup Jump shot,,Above the Break 3,Left Side Center(LC),24+ ft.,26,-202,167,1,1,20211115,POR,TOR,22100208138,|1627783|1629004|1630567|1630625|203920,1,REG,,,2022,1629004,-6.0,SF,Chaser,-0.31,Simons 26' 3PT Pullup Jump Shot (8 PTS) (Snell 1 AST),,,,POR,1610612757.0,203503.0
Shot Chart Detail,22100208,141,0,Opponent,1610612761,Toronto Raptors,2,11,6,Made Shot,Jump Shot,,Above the Break 3,Right Side Center(RC),24+ ft.,24,196,146,1,1,20211115,POR,TOR,22100208141,|1627783|1629004|1630567|1630625|203920,1,REG,,,2022,203920,-3.0,C,Mobile Big,0.63,McCollum 24' 3PT Jump Shot (9 PTS) (Nance Jr. 2 AST),,,,POR,1610612757.0,1626204.0
Shot Chart Detail,22100208,148,0,Opponent,1610612761,Toronto Raptors,2,10,37,Missed Shot,Jump Shot,,Left Corner 3,Left Side(L),24+ ft.,23,-229,33,1,0,20211115,POR,TOR,22100208148,|1627783|1629004|1630567|1630625|203920,0,REG,,,2022,1630625,-5.0,PG,Chaser,0.27,MISS Simons 3PT Jump Shot,,,,POR,1610612757.0,
Shot Chart Detail,22100208,152,0,Opponent,1610612761,Toronto Raptors,2,10,8,Made Shot,Turnaround Hook Shot,,In The Paint (Non-RA),Center(C),Less Than 8 ft.,6,15,65,1,1,20211115,POR,TOR,22100208152,|1627783|1629004|1630567|1630625|203920,0,REG,,,2022,203920,-3.0,C,Mobile Big,0.63,Nance Jr. 7' Turnaround Hook Shot (2 PTS),,,,POR,1610612757.0,
Shot Chart Detail,22100208,158,0,Opponent,1610612761,Toronto Raptors,2,9,36,Made Shot,Layup Shot,,Restricted Area,Center(C),Less Than 8 ft.,0,-7,7,1,1,20211115,POR,TOR,22100208158,|1627783|1628384|1629004|1630625|203920,1,REG,,,2022,203920|1627783,-1.0,,,,,,,,POR,1610612757.0,203468.0
Shot Chart Detail,22100208,167,0,Opponent,1610612761,Toronto Raptors,2,8,11,Made Shot,Driving Dunk Shot,,Restricted Area,Center(C),Less Than 8 ft.,2,-5,21,1,1,20211115,POR,TOR,22100208167,|1627783|1628384|1629004|1630625|203920,1,REG,,,2022,1627783,-5.0,PF,Helper,0.72,Little 2' Driving Dunk (2 PTS) (Simons 1 AST),,,,POR,1610612757.0,1629014.0
Shot Chart Detail,22100208,174,0,Opponent,1610612761,Toronto Raptors,2,7,43,Made Shot,Pullup Jump shot,,Mid-Range,Right Side(R),16-24 ft.,17,167,41,1,1,20211115,POR,TOR,22100208174,|1627783|1628384|1629004|1630567|1630625,0,REG,,,2022,1630625|1628384,-3.0,,,,,,,,POR,1610612757.0,
Shot Chart Detail,22100208,176,0,Opponent,1610612761,Toronto Raptors,2,7,14,Made Shot,Pullup Jump shot,,Above the Break 3,Right Side Center(RC),24+ ft.,24,192,158,1,1,20211115,POR,TOR,22100208176,|1627783|1628384|1629004|1630567|1630625,0,REG,,,2022,1628384,-2.0,SF,Wing Stopper,1.03,McCollum 25' 3PT Pullup Jump Shot (14 PTS),,,,POR,1610612757.0,
Shot Chart Detail,22100208,195,0,Opponent,1610612761,Toronto Raptors,2,5,58,Missed Shot,Pullup Jump shot,,Mid-Range,Left Side(L),8-16 ft.,15,-150,20,1,0,20211115,POR,TOR,22100208195,|1627783|1627832|1628384|1629004|1630567,0,REG,,,2022,1628384,-7.0,SF,Wing Stopper,1.03,MISS Powell 15' Pullup Jump Shot,,,,POR,1610612757.0,
Shot Chart Detail,22100208,197,0,Opponent,1610612761,Toronto Raptors,2,5,48,Made Shot,Pullup Jump shot,,Above the Break 3,Right Side Center(RC),24+ ft.,24,230,91,1,1,20211115,POR,TOR,22100208197,|1627783|1627832|1628384|1629004|1630567,1,REG,,,2022,1629004,-4.0,SF,Chaser,-0.31,Lillard 25' 3PT Pullup Jump Shot (9 PTS) (Powell 1 AST),,,,POR,1610612757.0,1626181.0
Shot Chart Detail,22100208,205,0,Opponent,1610612761,Toronto Raptors,2,4,49,Made Shot,Driving Layup Shot,,Restricted Area,Center(C),Less Than 8 ft.,1,2,18,1,1,20211115,POR,TOR,22100208205,|1627783|1627832|1628384|1629004|1630567,1,REG,,,2022,1628384,-4.0,SF,Wing Stopper,1.03,Powell 2' Driving Layup (2 PTS) (Lillard 3 AST),,,,POR,1610612757.0,203081.0
Shot Chart Detail,22100208,216,0,Opponent,1610612761,Toronto Raptors,2,4,17,Missed Shot,Step Back Jump shot,,Mid-Range,Center(C),16-24 ft.,21,-37,211,1,0,20211115,POR,TOR,22100208216,|1627783|1627832|1628384|1629018|1630567,0,REG,,,2022,1627783,-5.0,PF,Helper,0.72,MISS Lillard 21' Step Back Jump Shot,,,,POR,1610612757.0,
Shot Chart Detail,22100208,227,0,Opponent,1610612761,Toronto Raptors,2,3,43,Made Shot,Jump Shot,,Above the Break 3,Right Side Center(RC),24+ ft.,25,152,200,1,1,20211115,POR,TOR,22100208227,|1627832|1628384|1629018|1630567|203920,1,REG,,,2022,1630567,-4.0,PF,Helper,0.63,Covington 25' 3PT Jump Shot (6 PTS) (Lillard 4 AST),,,,POR,1610612757.0,203081.0
Shot Chart Detail,22100208,231,0,Opponent,1610612761,Toronto Raptors,2,3,19,Missed Shot,Driving Finger Roll Layup Shot,,Restricted Area,Center(C),Less Than 8 ft.,1,-9,8,1,0,20211115,POR,TOR,22100208231,|1627832|1628384|1629018|1630567|203920,0,REG,,,2022,1630567,-4.0,PF,Helper,0.63,MISS Lillard 1' Driving Finger Roll Layup,,,,POR,1610612757.0,
Shot Chart Detail,22100208,248,0,Opponent,1610612761,Toronto Raptors,2,3,1,Made Shot,Driving Layup Shot,,Restricted Area,Center(C),Less Than 8 ft.,1,4,13,1,1,20211115,POR,TOR,22100208248,|1627832|1628384|1629018|1630567|203920,0,REG,,,2022,1627832|203920,-5.0,,,,,,,,POR,1610612757.0,
Shot Chart Detail,22100208,251,0,Opponent,1610612761,Toronto Raptors,2,2,36,Made Shot,Driving Layup Shot,,Restricted Area,Center(C),Less Than 8 ft.,1,10,12,1,1,20211115,POR,TOR,22100208251,|1627832|1628384|1629018|1630567|203920,0,REG,,,2022,203920,-6.0,C,Mobile Big,0.63,Lillard 2' Driving Layup (13 PTS),,,,POR,1610612757.0,
Shot Chart Detail,22100208,260,0,Opponent,1610612761,Toronto Raptors,2,1,59,Made Shot,Driving Layup Shot,,In The Paint (Non-RA),Center(C),Less Than 8 ft.,4,6,44,1,1,20211115,POR,TOR,22100208260,|1627783|1627832|1628384|1629018|1630567,0,REG,,,2022,1627783|1630567,-3.0,,,,,,,,POR,1610612757.0,
Shot Chart Detail,22100208,265,0,Opponent,1610612761,Toronto Raptors,2,1,20,Made Shot,Step Back Jump shot,,Mid-Range,Right Side(R),16-24 ft.,16,161,26,1,1,20211115,POR,TOR,22100208265,|1627783|1627832|1628384|1629018|1630567,0,REG,,,2022,1627832,-1.0,PG,Point of Attack,0.9,Lillard 16' Step Back Jump Shot (16 PTS),,,,POR,1610612757.0,
Shot Chart Detail,22100208,268,0,Opponent,1610612761,Toronto Raptors,2,0,56,Missed Shot,Step Back Jump shot,,Above the Break 3,Right Side Center(RC),24+ ft.,26,223,134,1,0,20211115,POR,TOR,22100208268,|1627783|1627832|1628384|1629018|1630567,0,REG,,,2022,1628384,-1.0,SF,Wing Stopper,1.03,MISS Lillard 26' 3PT Step Back Jump Shot,,,,POR,1610612757.0,
Shot Chart Detail,22100208,270,0,Opponent,1610612761,Toronto Raptors,2,0,54,Made Shot,Driving Layup Shot,,Restricted Area,Center(C),Less Than 8 ft.,0,5,2,1,1,20211115,POR,TOR,22100208270,|1627783|1627832|1628384|1629018|1630567,0,REG,,,2022,1630567,1.0,PF,Helper,0.63,Powell 1' Driving Layup (5 PTS),,,,POR,1610612757.0,
Shot Chart Detail,22100208,282,0,Opponent,1610612761,Toronto Raptors,2,1,30,Missed Shot,Layup Shot,,Restricted Area,Center(C),Less Than 8 ft.,2,1,20,1,0,20211115,POR,TOR,22100208282,|1627783|1627832|1628384|1629018|1630567,0,REG,,,2022,1627832|1630567,-3.0,,,,,,,,POR,1610612757.0,
Shot Chart Detail,22100208,300,0,Opponent,1610612761,Toronto Raptors,3,11,32,Missed Shot,Running Pull-Up Jump Shot,,Above the Break 3,Left Side Center(LC),24+ ft.,25,-140,211,1,0,20211115,POR,TOR,22100208300,|1627783|1627832|1628384|1629018|1630567,0,REG,,,2022,1629018,1.0,SG,Chaser,0.19,MISS McCollum 25' 3PT Running Pull-Up Jump Shot,,,,POR,1610612757.0,
Shot Chart Detail,22100208,310,0,Opponent,1610612761,Toronto Raptors,3,9,50,Made Shot,Driving Layup Shot,,Restricted Area,Center(C),Less Than 8 ft.,2,-1,26,1,1,20211115,POR,TOR,22100208310,|1627783|1627832|1628384|1629018|1630567,0,REG,,,2022,1627832|1630567,1.0,,,,,,,,POR,1610612757.0,
Shot Chart Detail,22100208,313,0,Opponent,1610612761,Toronto Raptors,3,9,25,Missed Shot,Jump Shot,,Right Corner 3,Right Side(R),24+ ft.,22,228,15,1,0,20211115,POR,TOR,22100208313,|1627783|1627832|1628384|1629018|1630567,0,REG,,,2022,1628384,1.0,SF,Wing Stopper,1.03,MISS Powell 3PT Jump Shot,,,,POR,1610612757.0,
Shot Chart Detail,22100208,316,0,Opponent,1610612761,Toronto Raptors,3,8,53,Missed Shot,Jump Shot,,Left Corner 3,Left Side(L),24+ ft.,23,-235,22,1,0,20211115,POR,TOR,22100208316,|1627783|1627832|1628384|1629018|1630567,0,REG,,,2022,1630567,-1.0,PF,Helper,0.63,MISS Powell 24' 3PT Jump Shot,,,,POR,1610612757.0,
Shot Chart Detail,22100208,330,0,Opponent,1610612761,Toronto Raptors,3,8,4,Made Shot,Driving Layup Shot,,Restricted Area,Center(C),Less Than 8 ft.,0,1,1,1,1,20211115,POR,TOR,22100208330,|1627783|1627832|1628384|1629018|203920,1,REG,,,2022,1627832,1.0,PG,Point of Attack,0.9,Nurkic Driving Layup (4 PTS) (Covington 2 AST),,,,POR,1610612757.0,203496.0
Shot Chart Detail,22100208,336,0,Opponent,1610612761,Toronto Raptors,3,7,30,Missed Shot,Jump Shot,,Above the Break 3,Left Side Center(LC),24+ ft.,26,-168,209,1,0,20211115,POR,TOR,22100208336,|1627783|1627832|1628384|1629018|203920,0,REG,,,2022,203920,0.0,C,Mobile Big,0.63,MISS Covington 27' 3PT Jump Shot,,,,POR,1610612757.0,
Shot Chart Detail,22100208,342,0,Opponent,1610612761,Toronto Raptors,3,7,3,Made Shot,Running Pull-Up Jump Shot,,Above the Break 3,Right Side Center(RC),24+ ft.,24,141,206,1,1,20211115,POR,TOR,22100208342,|1627783|1627832|1628384|1629018|203920,0,REG,,,2022,1629018|203920,3.0,,,,,,,,POR,1610612757.0,
Shot Chart Detail,22100208,352,0,Opponent,1610612761,Toronto Raptors,3,6,21,Made Shot,Driving Floating Bank Jump Shot,,In The Paint (Non-RA),Center(C),Less Than 8 ft.,6,58,32,1,1,20211115,POR,TOR,22100208352,|1627783|1627832|1628384|1629018|203920,0,REG,,,2022,1627783,5.0,PF,Helper,0.72,McCollum 7' Driving Floating Bank Jump Shot (19 PTS),,,,POR,1610612757.0,
Shot Chart Detail,22100208,355,0,Opponent,1610612761,Toronto Raptors,3,5,42,Made Shot,Driving Layup Shot,,In The Paint (Non-RA),Center(C),Less Than 8 ft.,4,-9,45,1,1,20211115,POR,TOR,22100208355,|1627783|1627832|1628384|1629018|203920,1,REG,,,2022,1627783,7.0,PF,Helper,0.72,Zeller 5' Driving Layup (4 PTS) (Lillard 5 AST),,,,POR,1610612757.0,203081.0
Shot Chart Detail,22100208,359,0,Opponent,1610612761,Toronto Raptors,3,5,3,Made Shot,Step Back Jump shot,,Mid-Range,Left Side Center(LC),16-24 ft.,18,-59,176,1,1,20211115,POR,TOR,22100208359,|1627783|1627832|1628384|1629018|203920,0,REG,,,2022,1627832,6.0,PG,Point of Attack,0.9,Lillard 19' Step Back Jump Shot (18 PTS),,,,POR,1610612757.0,
Shot Chart Detail,22100208,376,0,Opponent,1610612761,Toronto Raptors,3,4,5,Missed Shot,Jump Shot,,Above the Break 3,Right Side Center(RC),24+ ft.,26,143,219,1,0,20211115,POR,TOR,22100208376,|1627832|1628384|1629018|1630567|203920,0,REG,,,2022,1630567,7.0,PF,Helper,0.63,MISS Covington 26' 3PT Jump Shot,,,,POR,1610612757.0,
Shot Chart Detail,22100208,380,0,Opponent,1610612761,Toronto Raptors,3,3,38,Made Shot,Jump Shot,,Above the Break 3,Left Side Center(LC),24+ ft.,24,-207,136,1,1,20211115,POR,TOR,22100208380,|1627832|1628384|1629018|1630567|203920,1,REG,,,2022,1627832,8.0,PG,Point of Attack,0.9,Covington 25' 3PT Jump Shot (11 PTS) (Lillard 6 AST),,,,POR,1610612757.0,203081.0
Shot Chart Detail,22100208,383,0,Opponent,1610612761,Toronto Raptors,3,3,0,Missed Shot,Driving Layup Shot,,Restricted Area,Center(C),Less Than 8 ft.,1,17,9,1,0,20211115,POR,TOR,22100208383,|1627832|1628384|1629018|1630567|203920,0,REG,,,2022,203920|1630567,6.0,,,,,,,,POR,1610612757.0,
Shot Chart Detail,22100208,388,0,Opponent,1610612761,Toronto Raptors,3,2,45,Missed Shot,Running Layup Shot,,Restricted Area,Center(C),Less Than 8 ft.,2,17,11,1,0,20211115,POR,TOR,22100208388,|1627832|1628384|1629018|1630567|203920,0,REG,,,2022,1629018,4.0,SG,Chaser,0.19,MISS Lillard 2' Running Layup,,,,POR,1610612757.0,
Shot Chart Detail,22100208,390,0,Opponent,1610612761,Toronto Raptors,3,2,43,Made Shot,Putback Layup Shot,,Restricted Area,Center(C),Less Than 8 ft.,1,9,16,1,1,20211115,POR,TOR,22100208390,|1627832|1628384|1629018|1630567|203920,0,REG,,,2022,203920,6.0,C,Mobile Big,0.63,Zeller 2' Putback Layup (6 PTS),,,,POR,1610612757.0,
Shot Chart Detail,22100208,403,0,Opponent,1610612761,Toronto Raptors,3,2,14,Missed Shot,Jump Shot,,Above the Break 3,Center(C),24+ ft.,28,-15,282,1,0,20211115,POR,TOR,22100208403,|1627783|1627832|1629018|1630567|203920,0,REG,,,2022,1630567,6.0,PF,Helper,0.63,MISS McCollum 28' 3PT Jump Shot,,,,POR,1610612757.0,
Shot Chart Detail,22100208,407,0,Opponent,1610612761,Toronto Raptors,3,1,59,Missed Shot,Running Layup Shot,,Restricted Area,Center(C),Less Than 8 ft.,3,26,25,1,0,20211115,POR,TOR,22100208407,|1627783|1627832|1629018|1630567|203920,0,REG,,,2022,1630567,6.0,PF,Helper,0.63,MISS Little 4' Running Layup,,,,POR,1610612757.0,
Shot Chart Detail,22100208,410,0,Opponent,1610612761,Toronto Raptors,3,1,36,Missed Shot,Jump Shot,,Right Corner 3,Right Side(R),24+ ft.,23,228,55,1,0,20211115,POR,TOR,22100208410,|1627783|1627832|1629018|1630567|203920,0,REG,,,2022,1627832,4.0,PG,Point of Attack,0.9,MISS Little 3PT Jump Shot,,,,POR,1610612757.0,
Shot Chart Detail,22100208,418,0,Opponent,1610612761,Toronto Raptors,3,1,9,Made Shot,Jump Shot,,Left Corner 3,Left Side(L),24+ ft.,23,-232,16,1,1,20211115,POR,TOR,22100208418,|1627783|1629018|1630201|1630567|203920,1,REG,,,2022,203920,4.0,C,Mobile Big,0.63,Nance Jr. 3PT Jump Shot (7 PTS) (Zeller 1 AST),,,,POR,1610612757.0,203469.0
Shot Chart Detail,22100208,447,0,Opponent,1610612761,Toronto Raptors,4,11,42,Made Shot,Pullup Jump shot,,Mid-Range,Left Side Center(LC),16-24 ft.,20,-81,185,1,1,20211115,POR,TOR,22100208447,|1628384|1629004|1630201|1630567|203920,0,REG,,,2022,1630201,2.0,PG,Point of Attack,-0.52,McCollum 20' Pullup Jump Shot (21 PTS),,,,POR,1610612757.0,
Shot Chart Detail,22100208,451,0,Opponent,1610612761,Toronto Raptors,4,11,16,Made Shot,Running Pull-Up Jump Shot,,Above the Break 3,Right Side Center(RC),24+ ft.,27,154,225,1,1,20211115,POR,TOR,22100208451,|1628384|1629004|1630201|1630567|203920,1,REG,,,2022,1630567,5.0,PF,Helper,0.63,Lillard 27' 3PT Running Pull-Up Jump Shot (21 PTS) (Snell 2 AST),,,,POR,1610612757.0,203503.0
Shot Chart Detail,22100208,455,0,Opponent,1610612761,Toronto Raptors,4,10,46,Made Shot,Step Back Jump shot,,Above the Break 3,Left Side Center(LC),24+ ft.,26,-203,163,1,1,20211115,POR,TOR,22100208455,|1628384|1629004|1630201|1630567|203920,0,REG,,,2022,1629004,8.0,SF,Chaser,-0.31,McCollum 26' 3PT Step Back Jump Shot (24 PTS),,,,POR,1610612757.0,
Shot Chart Detail,22100208,466,0,Opponent,1610612761,Toronto Raptors,4,10,6,Made Shot,Driving Layup Shot,,Restricted Area,Center(C),Less Than 8 ft.,3,28,25,1,1,20211115,POR,TOR,22100208466,|1627783|1627832|1628384|1629018|1630567,1,REG,,,2022,1627783|1630567,10.0,,,,,,,,POR,1610612757.0,203503.0
Shot Chart Detail,22100208,469,0,Opponent,1610612761,Toronto Raptors,4,9,24,Made Shot,Cutting Dunk Shot,,Restricted Area,Center(C),Less Than 8 ft.,0,-1,-6,1,1,20211115,POR,TOR,22100208469,|1627783|1627832|1628384|1629018|1630567,1,REG,,,2022,1628384,10.0,SF,Wing Stopper,1.03,Nance Jr. 1' Cutting Dunk Shot (9 PTS) (McCollum 3 AST),,,,POR,1610612757.0,203468.0
Shot Chart Detail,22100208,473,0,Opponent,1610612761,Toronto Raptors,4,8,54,Missed Shot,Jump Shot,,Right Corner 3,Right Side(R),24+ ft.,22,225,11,1,0,20211115,POR,TOR,22100208473,|1627783|1627832|1628384|1629018|1630567,0,REG,,,2022,1627832,10.0,PG,Point of Attack,0.9,MISS Snell 3PT Jump Shot,,,,POR,1610612757.0,
Shot Chart Detail,22100208,484,0,Opponent,1610612761,Toronto Raptors,4,8,27,Made Shot,Alley Oop Dunk Shot,,Restricted Area,Center(C),Less Than 8 ft.,0,-9,1,1,1,20211115,POR,TOR,22100208484,|1627783|1627832|1628384|1629018|1630567,1,REG,,,2022,1630567,10.0,PF,Helper,0.63,Nance Jr. 1' Alley Oop Dunk (11 PTS) (McCollum 4 AST),,,,POR,1610612757.0,203468.0
Shot Chart Detail,22100208,490,0,Opponent,1610612761,Toronto Raptors,4,7,48,Made Shot,Jump Shot,,Right Corner 3,Right Side(R),24+ ft.,22,228,22,1,1,20211115,POR,TOR,22100208490,|1627783|1627832|1628384|1629018|1630567,1,REG,,,2022,1627783,10.0,PF,Helper,0.72,Little 3PT Jump Shot (8 PTS) (McCollum 5 AST),,,,POR,1610612757.0,203468.0
Shot Chart Detail,22100208,494,0,Opponent,1610612761,Toronto Raptors,4,7,20,Made Shot,Jump Shot,,Above the Break 3,Right Side Center(RC),24+ ft.,25,172,192,1,1,20211115,POR,TOR,22100208494,|1627783|1627832|1628384|1629018|1630567,1,REG,,,2022,1627783,13.0,PF,Helper,0.72,McCollum 26' 3PT Jump Shot (27 PTS) (Lillard 7 AST),,,,POR,1610612757.0,203081.0
Shot Chart Detail,22100208,503,0,Opponent,1610612761,Toronto Raptors,4,6,15,Missed Shot,Jump Shot,,Left Corner 3,Left Side(L),24+ ft.,23,-232,13,1,0,20211115,POR,TOR,22100208503,|1627783|1627832|1628384|1629018|1630567,0,REG,,,2022,1629018,9.0,SG,Chaser,0.19,MISS Little 3PT Jump Shot,,,,POR,1610612757.0,
Shot Chart Detail,22100208,509,0,Opponent,1610612761,Toronto Raptors,4,5,48,Missed Shot,Jump Shot,,Above the Break 3,Left Side Center(LC),24+ ft.,25,-221,121,1,0,20211115,POR,TOR,22100208509,|1627783|1627832|1628384|1629018|1630567,0,REG,,,2022,1627783,7.0,PF,Helper,0.72,MISS McCollum 25' 3PT Jump Shot,,,,POR,1610612757.0,
Shot Chart Detail,22100208,511,0,Opponent,1610612761,Toronto Raptors,4,5,41,Missed Shot,Jump Shot,,Left Corner 3,Left Side(L),24+ ft.,24,-230,80,1,0,20211115,POR,TOR,22100208511,|1627783|1627832|1628384|1629018|1630567,0,REG,,,2022,1627783,7.0,PF,Helper,0.72,MISS McCollum 24' 3PT Jump Shot,,,,POR,1610612757.0,
Shot Chart Detail,22100208,519,0,Opponent,1610612761,Toronto Raptors,4,5,2,Made Shot,Dunk Shot,,Restricted Area,Center(C),Less Than 8 ft.,0,-2,9,1,1,20211115,POR,TOR,22100208519,|1627783|1627832|1628384|1629018|1630567,1,REG,,,2022,1628384,6.0,SF,Wing Stopper,1.03,Nance Jr. 1' Dunk (13 PTS) (Lillard 8 AST),,,,POR,1610612757.0,203081.0
Shot Chart Detail,22100208,524,0,Opponent,1610612761,Toronto Raptors,4,4,38,Made Shot,Running Pull-Up Jump Shot,,Above the Break 3,Left Side Center(LC),24+ ft.,24,-207,134,1,1,20211115,POR,TOR,22100208524,|1627783|1627832|1628384|1629018|1630567,1,REG,,,2022,1628384,9.0,SF,Wing Stopper,1.03,Lillard 25' 3PT Running Pull-Up Jump Shot (24 PTS) (Little 1 AST),,,,POR,1610612757.0,1629642.0
Shot Chart Detail,22100208,537,0,Opponent,1610612761,Toronto Raptors,4,3,30,Missed Shot,Step Back Jump shot,,Above the Break 3,Right Side Center(RC),24+ ft.,31,140,281,1,0,20211115,POR,TOR,22100208537,|1627783|1627832|1628384|1629018|1630567,0,REG,,,2022,1630567,9.0,PF,Helper,0.63,MISS Lillard 31' 3PT Step Back Jump Shot,,,,POR,1610612757.0,
Shot Chart Detail,22100208,541,0,Opponent,1610612761,Toronto Raptors,4,2,49,Missed Shot,Driving Layup Shot,,Restricted Area,Center(C),Less Than 8 ft.,2,27,3,1,0,20211115,POR,TOR,22100208541,|1627783|1627832|1628384|1629018|1630567,0,REG,,,2022,1627783|1630567,7.0,,,,,,,,POR,1610612757.0,
Shot Chart Detail,22100208,544,0,Opponent,1610612761,Toronto Raptors,4,2,23,Missed Shot,Driving Floating Bank Jump Shot,,In The Paint (Non-RA),Center(C),Less Than 8 ft.,7,51,59,1,0,20211115,POR,TOR,22100208544,|1627783|1627832|1628384|1629018|1630567,0,REG,,,2022,1629018|1627783,4.0,,,,,,,,POR,1610612757.0,
Shot Chart Detail,22100208,550,0,Opponent,1610612761,Toronto Raptors,4,2,7,Missed Shot,Driving Dunk Shot,,Restricted Area,Center(C),Less Than 8 ft.,1,10,0,1,0,20211115,POR,TOR,22100208550,|1627783|1627832|1628384|1629018|1630567,0,REG,,,2022,1627783|1630567,4.0,,,,,,,,POR,1610612757.0,
Shot Chart Detail,22100208,563,0,Opponent,1610612761,Toronto Raptors,4,1,2,Missed Shot,Driving Floating Jump Shot,,In The Paint (Non-RA),Center(C),8-16 ft.,14,-66,127,1,0,20211115,POR,TOR,22100208563,|1627783|1627832|1628384|1629018|1630567,0,REG,,,2022,1627783,3.0,PF,Helper,0.72,MISS Lillard 14' Driving Floating Jump Shot,,,,POR,1610612757.0,
Shot Chart Detail,22100208,565,0,Opponent,1610612761,Toronto Raptors,4,0,48,Made Shot,Floating Jump shot,,Mid-Range,Center(C),8-16 ft.,14,-12,146,1,1,20211115,POR,TOR,22100208565,|1627783|1627832|1628384|1629018|1630567,0,REG,,,2022,1629018,5.0,SG,Chaser,0.19,McCollum 15' Floating Jump Shot (29 PTS),,,,POR,1610612757.0,
Shot Chart Detail,22100208,568,0,Opponent,1610612761,Toronto Raptors,4,0,38,Made Shot,Dunk Shot,,Restricted Area,Center(C),Less Than 8 ft.,0,1,1,1,1,20211115,POR,TOR,22100208568,|1627783|1627832|1628384|1629018|1630567,1,REG,,,2022,1629018,7.0,SG,Chaser,0.19,Nance Jr. Dunk (15 PTS) (McCollum 6 AST),,,,POR,1610612757.0,203468.0
Shot Chart Detail,22100229,7,0,Opponent,1610612761,Toronto Raptors,1,11,40,Missed Shot,Jump Shot,,Right Corner 3,Right Side(R),24+ ft.,23,233,5,1,0,20211118,UTA,TOR,221002297,|1627783|1627832|1629018|1630567|203920,0,REG,,,2022,1627832,0.0,PG,Point of Attack,0.9,MISS Bogdanovic 3PT Jump Shot,,,,UTA,1610612762.0,
Shot Chart Detail,22100229,16,0,Opponent,1610612761,Toronto Raptors,1,10,58,Made Shot,Driving Layup Shot,,Restricted Area,Center(C),Less Than 8 ft.,3,-28,16,1,1,20211118,UTA,TOR,2210022916,|1627783|1627832|1629018|1630567|203920,1,REG,,,2022,1627783,2.0,PF,Helper,0.72,Gobert 3' Driving Layup (2 PTS) (Conley 1 AST),,,,UTA,1610612762.0,201144.0
Shot Chart Detail,22100229,28,0,Opponent,1610612761,Toronto Raptors,1,10,14,Missed Shot,Jump Shot,,Left Corner 3,Left Side(L),24+ ft.,24,-234,63,1,0,20211118,UTA,TOR,2210022928,|1627783|1627832|1629018|1630567|203920,0,REG,,,2022,1629018,0.0,SG,Chaser,0.19,MISS Mitchell 24' 3PT Jump Shot,,,,UTA,1610612762.0,
Shot Chart Detail,22100229,42,0,Opponent,1610612761,Toronto Raptors,1,9,10,Missed Shot,Layup Shot,,Restricted Area,Center(C),Less Than 8 ft.,2,20,15,1,0,20211118,UTA,TOR,2210022942,|1627783|1627832|1629018|1630567|203920,0,REG,,,2022,203920,-5.0,C,Mobile Big,0.63,MISS Bogdanovic 3' Layup,,,,UTA,1610612762.0,
Shot Chart Detail,22100229,48,0,Opponent,1610612761,Toronto Raptors,1,8,48,Made Shot,Jump Shot,,Above the Break 3,Left Side Center(LC),24+ ft.,25,-213,149,1,1,20211118,UTA,TOR,2210022948,|1627783|1627832|1629018|1630567|203920,1,REG,,,2022,1627783,-4.0,PF,Helper,0.72,O'Neale 26' 3PT Jump Shot (3 PTS) (Conley 2 AST),,,,UTA,1610612762.0,201144.0
Shot Chart Detail,22100229,52,0,Opponent,1610612761,Toronto Raptors,1,8,22,Made Shot,Jump Shot,,Right Corner 3,Right Side(R),24+ ft.,22,225,7,1,1,20211118,UTA,TOR,2210022952,|1627783|1627832|1629018|1630567|203920,1,REG,,,2022,1627832,-1.0,PG,Point of Attack,0.9,Conley 3PT Jump Shot (3 PTS) (Bogdanovic 1 AST),,,,UTA,1610612762.0,202711.0
Shot Chart Detail,22100229,56,0,Opponent,1610612761,Toronto Raptors,1,7,50,Made Shot,Dunk Shot,,Restricted Area,Center(C),Less Than 8 ft.,3,-21,22,1,1,20211118,UTA,TOR,2210022956,|1627783|1627832|1629018|1630567|203920,1,REG,,,2022,203920,-2.0,C,Mobile Big,0.63,Gobert 3' Dunk (4 PTS) (Bogdanovic 2 AST),,,,UTA,1610612762.0,202711.0
Shot Chart Detail,22100229,60,0,Opponent,1610612761,Toronto Raptors,1,7,17,Made Shot,Jump Shot,,Left Corner 3,Left Side(L),24+ ft.,24,-229,86,1,1,20211118,UTA,TOR,2210022960,|1627783|1627832|1629018|1630567|203920,1,REG,,,2022,1627783,-1.0,PF,Helper,0.72,O'Neale 24' 3PT Jump Shot (6 PTS) (Bogdanovic 3 AST),,,,UTA,1610612762.0,202711.0
Shot Chart Detail,22100229,64,0,Opponent,1610612761,Toronto Raptors,1,6,57,Made Shot,Alley Oop Dunk Shot,,Restricted Area,Center(C),Less Than 8 ft.,2,13,20,1,1,20211118,UTA,TOR,2210022964,|1627783|1627832|1629018|1630567|203920,1,REG,,,2022,1629018,1.0,SG,Chaser,0.19,Mitchell 2' Alley Oop Dunk (2 PTS) (O'Neale 1 AST),,,,UTA,1610612762.0,1626220.0
Shot Chart Detail,22100229,68,0,Opponent,1610612761,Toronto Raptors,1,6,36,Missed Shot,Jump Shot,,Above the Break 3,Right Side Center(RC),24+ ft.,25,125,226,1,0,20211118,UTA,TOR,2210022968,|1627783|1627832|1629018|1630567|203920,0,REG,,,2022,1627783,1.0,PF,Helper,0.72,MISS Bogdanovic 26' 3PT Jump Shot,,,,UTA,1610612762.0,
Shot Chart Detail,22100229,82,0,Opponent,1610612761,Toronto Raptors,1,5,42,Made Shot,Layup Shot,,Restricted Area,Center(C),Less Than 8 ft.,1,17,8,1,1,20211118,UTA,TOR,2210022982,|1627783|1627832|1629018|1630567|203920,1,REG,,,2022,203920,1.0,C,Mobile Big,0.63,Whiteside 2' Layup (2 PTS) (Bogdanovic 4 AST),,,,UTA,1610612762.0,202711.0
Shot Chart Detail,22100229,105,0,Opponent,1610612761,Toronto Raptors,1,3,56,Made Shot,Dunk Shot,,Restricted Area,Center(C),Less Than 8 ft.,2,18,20,1,1,20211118,UTA,TOR,22100229105,|1627832|1628449|1629018|1630567|1630625,1,REG,,,2022,1629018|1630567,-4.0,,,,,,,,UTA,1610612762.0,204060.0
Shot Chart Detail,22100229,109,0,Opponent,1610612761,Toronto Raptors,1,3,42,Made Shot,Step Back Jump shot,,Above the Break 3,Left Side Center(LC),24+ ft.,25,-222,123,1,1,20211118,UTA,TOR,22100229109,|1627832|1628449|1629018|1630567|1630625,1,REG,,,2022,1627832,-1.0,PG,Point of Attack,0.9,Clarkson 25' 3PT Step Back Jump Shot (3 PTS) (Mitchell 1 AST),,,,UTA,1610612762.0,1628378.0
Shot Chart Detail,22100229,115,0,Opponent,1610612761,Toronto Raptors,1,2,59,Missed Shot,Driving Finger Roll Layup Shot,,Restricted Area,Center(C),Less Than 8 ft.,3,-33,4,1,0,20211118,UTA,TOR,22100229115,|1627832|1628449|1629018|1630567|1630625,0,REG,,,2022,1628449,-3.0,SF,Helper,0.4,MISS Mitchell 3' Driving Finger Roll Layup,,,,UTA,1610612762.0,
Shot Chart Detail,22100229,120,0,Opponent,1610612761,Toronto Raptors,1,2,43,Made Shot,Running Finger Roll Layup Shot,,Restricted Area,Center(C),Less Than 8 ft.,1,-10,16,1,1,20211118,UTA,TOR,22100229120,|1627832|1628449|1629018|1630567|1630625,0,REG,,,2022,1630567,-1.0,PF,Helper,0.63,O'Neale 2' Running Finger Roll Layup (8 PTS),,,,UTA,1610612762.0,
Shot Chart Detail,22100229,133,0,Opponent,1610612761,Toronto Raptors,1,2,9,Made Shot,Driving Floating Jump Shot,,In The Paint (Non-RA),Right Side(R),8-16 ft.,9,78,48,1,1,20211118,UTA,TOR,22100229133,|1627783|1628449|1629004|1629018|1630625,1,REG,,,2022,1628449,1.0,SF,Helper,0.4,Ingles 9' Driving Floating Jump Shot (2 PTS) (Gay 1 AST),,,,UTA,1610612762.0,200752.0
Shot Chart Detail,22100229,137,0,Opponent,1610612761,Toronto Raptors,1,1,41,Made Shot,Jump Shot,,Above the Break 3,Left Side Center(LC),24+ ft.,26,-186,185,1,1,20211118,UTA,TOR,22100229137,|1627783|1628449|1629004|1629018|1630625,1,REG,,,2022,1629018,2.0,SG,Chaser,0.19,Clarkson 26' 3PT Jump Shot (6 PTS) (Ingles 2 AST),,,,UTA,1610612762.0,204060.0
Shot Chart Detail,22100229,146,0,Opponent,1610612761,Toronto Raptors,1,0,50,Made Shot,Jump Shot,,Right Corner 3,Right Side(R),24+ ft.,23,233,4,1,1,20211118,UTA,TOR,22100229146,|1627783|1628449|1629004|1630201|1630625,1,REG,,,2022,1627783,5.0,PF,Helper,0.72,Gay 3PT Jump Shot (3 PTS) (Ingles 3 AST),,,,UTA,1610612762.0,204060.0
Shot Chart Detail,22100229,150,0,Opponent,1610612761,Toronto Raptors,1,0,13,Missed Shot,Jump Shot,,Right Corner 3,Right Side(R),24+ ft.,24,230,74,1,0,20211118,UTA,TOR,22100229150,|1627783|1628449|1629004|1630201|1630625,0,REG,,,2022,1630625|1629004,5.0,,,,,,,,UTA,1610612762.0,
Shot Chart Detail,22100229,155,0,Opponent,1610612761,Toronto Raptors,1,0,0,Missed Shot,Jump Shot,,Above the Break 3,Left Side Center(LC),24+ ft.,25,-136,220,1,0,20211118,UTA,TOR,22100229155,|1627783|1628449|1629004|1630201|1630625,0,REG,,,2022,1630625,5.0,PG,Chaser,0.27,MISS Ingles 26' 3PT Jump Shot,,,,UTA,1610612762.0,
Shot Chart Detail,22100229,161,0,Opponent,1610612761,Toronto Raptors,2,11,27,Made Shot,Jump Shot,,Above the Break 3,Left Side Center(LC),24+ ft.,25,-135,220,1,1,20211118,UTA,TOR,22100229161,|1627783|1628449|1629004|1630201|1630625,1,REG,,,2022,1630625,6.0,PG,Chaser,0.27,Gay 26' 3PT Jump Shot (6 PTS) (Conley 3 AST),,,,UTA,1610612762.0,201144.0
Shot Chart Detail,22100229,165,0,Opponent,1610612761,Toronto Raptors,2,10,57,Made Shot,Cutting Dunk Shot,,Restricted Area,Center(C),Less Than 8 ft.,2,-13,25,1,1,20211118,UTA,TOR,22100229165,|1627783|1628449|1629004|1630201|1630625,1,REG,,,2022,1628449|1627783,8.0,,,,,,,,UTA,1610612762.0,204060.0
Shot Chart Detail,22100229,171,0,Opponent,1610612761,Toronto Raptors,2,10,24,Missed Shot,Jump Shot,,Above the Break 3,Left Side Center(LC),24+ ft.,26,-109,246,1,0,20211118,UTA,TOR,22100229171,|1627783|1628449|1629004|1630201|1630625,0,REG,,,2022,1629004,6.0,SF,Chaser,-0.31,MISS Ingles 27' 3PT Jump Shot,,,,UTA,1610612762.0,
Shot Chart Detail,22100229,175,0,Opponent,1610612761,Toronto Raptors,2,9,50,Made Shot,Pullup Jump shot,,Above the Break 3,Center(C),24+ ft.,25,71,241,1,1,20211118,UTA,TOR,22100229175,|1627783|1628449|1629004|1630201|1630625,1,REG,,,2022,1628449,9.0,SF,Helper,0.4,Gay 25' 3PT Pullup Jump Shot (9 PTS) (Conley 4 AST),,,,UTA,1610612762.0,201144.0
Shot Chart Detail,22100229,179,0,Opponent,1610612761,Toronto Raptors,2,9,18,Made Shot,Driving Finger Roll Layup Shot,,In The Paint (Non-RA),Center(C),Less Than 8 ft.,5,-44,27,1,1,20211118,UTA,TOR,22100229179,|1627783|1628449|1629004|1630201|1630625,0,REG,,,2022,1627783,11.0,PF,Helper,0.72,Ingles 5' Driving Finger Roll Layup (4 PTS),,,,UTA,1610612762.0,
Shot Chart Detail,22100229,181,0,Opponent,1610612761,Toronto Raptors,2,8,46,Missed Shot,Jump Shot,,Above the Break 3,Right Side Center(RC),24+ ft.,27,132,244,1,0,20211118,UTA,TOR,22100229181,|1627783|1628449|1629004|1630201|1630625,0,REG,,,2022,1627783,9.0,PF,Helper,0.72,MISS Clarkson 28' 3PT Jump Shot,,,,UTA,1610612762.0,
Shot Chart Detail,22100229,193,0,Opponent,1610612761,Toronto Raptors,2,8,12,Missed Shot,Jump Shot,,Right Corner 3,Right Side(R),24+ ft.,22,227,18,1,0,20211118,UTA,TOR,22100229193,|1627783|1629004|1630201|1630567|203920,0,REG,,,2022,1630567,6.0,PF,Helper,0.63,MISS Clarkson 3PT Jump Shot,,,,UTA,1610612762.0,
Shot Chart Detail,22100229,208,0,Opponent,1610612761,Toronto Raptors,2,7,39,Missed Shot,Jump Shot,,Above the Break 3,Center(C),24+ ft.,25,12,257,1,0,20211118,UTA,TOR,22100229208,|1627783|1629004|1630201|1630567|203920,0,REG,,,2022,1630567,6.0,PF,Helper,0.63,MISS Clarkson 26' 3PT Jump Shot,,,,UTA,1610612762.0,
Shot Chart Detail,22100229,211,0,Opponent,1610612761,Toronto Raptors,2,7,36,Missed Shot,Fadeaway Jump Shot,,Left Corner 3,Left Side(L),24+ ft.,23,-235,26,1,0,20211118,UTA,TOR,22100229211,|1627783|1629004|1630201|1630567|203920,0,REG,,,2022,1629004,6.0,SF,Chaser,-0.31,MISS Clarkson 24' 3PT Fadeaway Jumper,,,,UTA,1610612762.0,
Shot Chart Detail,22100229,227,0,Opponent,1610612761,Toronto Raptors,2,6,36,Missed Shot,Jump Shot,,Above the Break 3,Left Side Center(LC),24+ ft.,31,-161,275,1,0,20211118,UTA,TOR,22100229227,|1627783|1627832|1630201|1630567|203920,0,REG,,,2022,1630567,4.0,PF,Helper,0.63,MISS Mitchell 32' 3PT Jump Shot,,,,UTA,1610612762.0,
Shot Chart Detail,22100229,235,0,Opponent,1610612761,Toronto Raptors,2,5,59,Made Shot,Fadeaway Jump Shot,,Mid-Range,Left Side(L),8-16 ft.,12,-86,92,1,1,20211118,UTA,TOR,22100229235,|1627783|1627832|1630201|1630567|203920,0,REG,,,2022,1627783,4.0,PF,Helper,0.72,Mitchell 13' Fadeaway Jumper (4 PTS),,,,UTA,1610612762.0,
Shot Chart Detail,22100229,242,0,Opponent,1610612761,Toronto Raptors,2,5,39,Missed Shot,Jump Shot,,Above the Break 3,Left Side Center(LC),24+ ft.,26,-184,189,1,0,20211118,UTA,TOR,22100229242,|1627832|1629018|1630201|1630567|203920,0,REG,,,2022,1630567,2.0,PF,Helper,0.63,MISS O'Neale 26' 3PT Jump Shot,,,,UTA,1610612762.0,
Shot Chart Detail,22100229,250,0,Opponent,1610612761,Toronto Raptors,2,5,10,Made Shot,Pullup Jump shot,,Above the Break 3,Right Side Center(RC),24+ ft.,26,132,232,1,1,20211118,UTA,TOR,22100229250,|1627832|1629018|1630201|1630567|203920,0,REG,,,2022,1629018,4.0,SG,Chaser,0.19,Mitchell 27' 3PT Pullup Jump Shot (7 PTS),,,,UTA,1610612762.0,
Shot Chart Detail,22100229,252,0,Opponent,1610612761,Toronto Raptors,2,4,37,Missed Shot,Pullup Jump shot,,Above the Break 3,Left Side Center(LC),24+ ft.,31,-174,257,1,0,20211118,UTA,TOR,22100229252,|1627832|1629018|1630201|1630567|203920,0,REG,,,2022,1629018,1.0,SG,Chaser,0.19,MISS Mitchell 31' 3PT Pullup Jump Shot,,,,UTA,1610612762.0,
Shot Chart Detail,22100229,260,0,Opponent,1610612761,Toronto Raptors,2,4,7,Made Shot,Alley Oop Layup shot,,Restricted Area,Center(C),Less Than 8 ft.,3,-31,17,1,1,20211118,UTA,TOR,22100229260,|1627832|1629018|1630201|1630567|203920,1,REG,,,2022,203920,0.0,C,Mobile Big,0.63,Gobert 4' Alley Oop Layup (8 PTS) (Conley 5 AST),,,,UTA,1610612762.0,201144.0
Shot Chart Detail,22100229,269,0,Opponent,1610612761,Toronto Raptors,2,3,9,Missed Shot,Jump Shot,,Above the Break 3,Right Side Center(RC),24+ ft.,26,107,239,1,0,20211118,UTA,TOR,22100229269,|1627832|1629018|1630201|1630567|203920,0,REG,,,2022,1630567,0.0,PF,Helper,0.63,MISS Bogdanovic 26' 3PT Jump Shot,,,,UTA,1610612762.0,
Shot Chart Detail,22100229,273,0,Opponent,1610612761,Toronto Raptors,2,2,49,Made Shot,Driving Floating Jump Shot,,In The Paint (Non-RA),Left Side(L),8-16 ft.,10,-70,80,1,1,20211118,UTA,TOR,22100229273,|1627832|1629018|1630201|1630567|203920,0,REG,,,2022,1627832,2.0,PG,Point of Attack,0.9,Mitchell 11' Driving Floating Jump Shot (11 PTS),,,,UTA,1610612762.0,
Shot Chart Detail,22100229,280,0,Opponent,1610612761,Toronto Raptors,2,1,55,Missed Shot,Jump Shot,,Above the Break 3,Left Side Center(LC),24+ ft.,25,-200,162,1,0,20211118,UTA,TOR,22100229280,|1627832|1629018|1630201|1630567|203920,0,REG,,,2022,1630567,-2.0,PF,Helper,0.63,MISS Bogdanovic 26' 3PT Jump Shot,,,,UTA,1610612762.0,
Shot Chart Detail,22100229,284,0,Opponent,1610612761,Toronto Raptors,2,1,41,Made Shot,Layup Shot,,Restricted Area,Center(C),Less Than 8 ft.,2,-21,13,1,1,20211118,UTA,TOR,22100229284,|1627832|1629018|1630201|1630567|203920,1,REG,,,2022,1627832,0.0,PG,Point of Attack,0.9,O'Neale 2' Layup (10 PTS) (Gobert 1 AST),,,,UTA,1610612762.0,203497.0
Shot Chart Detail,22100229,287,0,Opponent,1610612761,Toronto Raptors,2,1,5,Missed Shot,Driving Floating Jump Shot,,In The Paint (Non-RA),Left Side(L),8-16 ft.,8,-45,68,1,0,20211118,UTA,TOR,22100229287,|1627832|1629018|1630201|1630567|203920,0,REG,,,2022,1627832,-2.0,PG,Point of Attack,0.9,MISS Bogdanovic 8' Driving Floating Jump Shot,,,,UTA,1610612762.0,
Shot Chart Detail,22100229,290,0,Opponent,1610612761,Toronto Raptors,2,1,1,Made Shot,Floating Jump shot,,In The Paint (Non-RA),Center(C),Less Than 8 ft.,6,-2,64,1,1,20211118,UTA,TOR,22100229290,|1627832|1629018|1630201|1630567|203920,0,REG,,,2022,1627832|1630201,0.0,,,,,,,,UTA,1610612762.0,
Shot Chart Detail,22100229,297,0,Opponent,1610612761,Toronto Raptors,2,0,27,Missed Shot,Pullup Jump shot,,Above the Break 3,Right Side Center(RC),24+ ft.,29,132,269,1,0,20211118,UTA,TOR,22100229297,|1627783|1627832|1629018|1630201|1630567,0,REG,,,2022,1629018,0.0,SG,Chaser,0.19,MISS Mitchell 30' 3PT Pullup Jump Shot,,,,UTA,1610612762.0,
Shot Chart Detail,22100229,312,0,Opponent,1610612761,Toronto Raptors,3,11,18,Made Shot,Jump Shot,,Right Corner 3,Right Side(R),24+ ft.,23,237,8,1,1,20211118,UTA,TOR,22100229312,|1627783|1627832|1629018|1630567|203920,1,REG,,,2022,1627832,1.0,PG,Point of Attack,0.9,O'Neale 24' 3PT Jump Shot (13 PTS) (Bogdanovic 5 AST),,,,UTA,1610612762.0,202711.0
Shot Chart Detail,22100229,316,0,Opponent,1610612761,Toronto Raptors,3,10,55,Made Shot,Layup Shot,,Restricted Area,Center(C),Less Than 8 ft.,2,21,10,1,1,20211118,UTA,TOR,22100229316,|1627783|1627832|1629018|1630567|203920,1,REG,,,2022,1630567,3.0,PF,Helper,0.63,Bogdanovic 2' Layup (4 PTS) (O'Neale 2 AST),,,,UTA,1610612762.0,1626220.0
Shot Chart Detail,22100229,325,0,Opponent,1610612761,Toronto Raptors,3,9,50,Made Shot,Alley Oop Dunk Shot,,Restricted Area,Center(C),Less Than 8 ft.,2,-17,13,1,1,20211118,UTA,TOR,22100229325,|1627783|1627832|1629018|1630567|203920,1,REG,,,2022,203920,1.0,C,Mobile Big,0.63,Gobert 2' Alley Oop Dunk (10 PTS) (Conley 6 AST),,,,UTA,1610612762.0,201144.0
Shot Chart Detail,22100229,337,0,Opponent,1610612761,Toronto Raptors,3,9,5,Missed Shot,Pullup Jump shot,,Above the Break 3,Center(C),24+ ft.,26,-1,263,1,0,20211118,UTA,TOR,22100229337,|1627783|1627832|1629018|1630567|203920,0,REG,,,2022,1629018,-2.0,SG,Chaser,0.19,MISS Conley 26' 3PT Pullup Jump Shot,,,,UTA,1610612762.0,
Shot Chart Detail,22100229,341,0,Opponent,1610612761,Toronto Raptors,3,8,32,Made Shot,Jump Shot,,Above the Break 3,Right Side Center(RC),24+ ft.,27,148,227,1,1,20211118,UTA,TOR,22100229341,|1627783|1627832|1629018|1630567|203920,1,REG,,,2022,1627783,1.0,PF,Helper,0.72,O'Neale 27' 3PT Jump Shot (16 PTS) (Bogdanovic 6 AST),,,,UTA,1610612762.0,202711.0
Shot Chart Detail,22100229,345,0,Opponent,1610612761,Toronto Raptors,3,8,8,Made Shot,Pullup Jump shot,,In The Paint (Non-RA),Center(C),8-16 ft.,10,43,95,1,1,20211118,UTA,TOR,22100229345,|1627783|1627832|1629018|1630567|203920,0,REG,,,2022,1627832,3.0,PG,Point of Attack,0.9,Conley 10' Pullup Jump Shot (5 PTS),,,,UTA,1610612762.0,
Shot Chart Detail,22100229,350,0,Opponent,1610612761,Toronto Raptors,3,7,29,Missed Shot,Jump Shot,,Above the Break 3,Left Side Center(LC),24+ ft.,25,-191,174,1,0,20211118,UTA,TOR,22100229350,|1627783|1627832|1629018|1630567|203920,0,REG,,,2022,1629018,3.0,SG,Chaser,0.19,MISS Mitchell 26' 3PT Jump Shot,,,,UTA,1610612762.0,
Shot Chart Detail,22100229,352,0,Opponent,1610612761,Toronto Raptors,3,7,23,Made Shot,Jump Shot,,Right Corner 3,Right Side(R),24+ ft.,22,227,32,1,1,20211118,UTA,TOR,22100229352,|1627783|1627832|1629018|1630567|203920,1,REG,,,2022,1630567,6.0,PF,Helper,0.63,Bogdanovic 3PT Jump Shot (7 PTS) (O'Neale 3 AST),,,,UTA,1610612762.0,1626220.0
Shot Chart Detail,22100229,367,0,Opponent,1610612761,Toronto Raptors,3,5,41,Made Shot,Cutting Layup Shot,,Restricted Area,Center(C),Less Than 8 ft.,1,16,8,1,1,20211118,UTA,TOR,22100229367,|1627832|1628449|1629018|1630201|1630567,1,REG,,,2022,,,,,,,,,,UTA,1610612762.0,204060.0
Shot Chart Detail,22100229,375,0,Opponent,1610612761,Toronto Raptors,3,5,7,Made Shot,Floating Jump shot,,In The Paint (Non-RA),Center(C),8-16 ft.,8,40,73,1,1,20211118,UTA,TOR,22100229375,|1627832|1628449|1629018|1630201|1630567,1,REG,,,2022,1629018,7.0,SG,Chaser,0.19,Whiteside 8' Floating Jump Shot (11 PTS) (Ingles 6 AST),,,,UTA,1610612762.0,204060.0
Shot Chart Detail,22100229,395,0,Opponent,1610612761,Toronto Raptors,3,4,5,Missed Shot,Driving Layup Shot,,Restricted Area,Center(C),Less Than 8 ft.,3,-26,20,1,0,20211118,UTA,TOR,22100229395,|1627783|1627832|1628449|1629018|1630201,0,REG,,,2022,1627783,7.0,PF,Helper,0.72,MISS Mitchell 3' Driving Layup,,,,UTA,1610612762.0,
Shot Chart Detail,22100229,400,0,Opponent,1610612761,Toronto Raptors,3,3,46,Missed Shot,Jump Shot,,Above the Break 3,Right Side Center(RC),24+ ft.,25,157,198,1,0,20211118,UTA,TOR,22100229400,|1627783|1627832|1628449|1629018|1630201,0,REG,,,2022,1628449,7.0,SF,Helper,0.4,MISS O'Neale 25' 3PT Jump Shot,,,,UTA,1610612762.0,
Shot Chart Detail,22100229,404,0,Opponent,1610612761,Toronto Raptors,3,3,25,Missed Shot,Layup Shot,,Restricted Area,Center(C),Less Than 8 ft.,3,25,27,1,0,20211118,UTA,TOR,22100229404,|1627783|1627832|1628449|1629018|1630201,0,REG,,,2022,1627832|1630201,7.0,,,,,,,,UTA,1610612762.0,
Shot Chart Detail,22100229,423,0,Opponent,1610612761,Toronto Raptors,3,2,18,Made Shot,Alley Oop Dunk Shot,,Restricted Area,Center(C),Less Than 8 ft.,2,26,6,1,1,20211118,UTA,TOR,22100229423,|1627783|1628449|1629004|1629018|1630201,1,REG,,,2022,1628449,7.0,SF,Helper,0.4,Gobert 3' Alley Oop Dunk (12 PTS) (Ingles 7 AST),,,,UTA,1610612762.0,204060.0
Shot Chart Detail,22100229,427,0,Opponent,1610612761,Toronto Raptors,3,1,48,Made Shot,Jump Shot,,Above the Break 3,Right Side Center(RC),24+ ft.,25,167,192,1,1,20211118,UTA,TOR,22100229427,|1627783|1628449|1629004|1629018|1630201,1,REG,,,2022,1627783,10.0,PF,Helper,0.72,Ingles 25' 3PT Jump Shot (7 PTS) (Clarkson 1 AST),,,,UTA,1610612762.0,203903.0
Shot Chart Detail,22100229,433,0,Opponent,1610612761,Toronto Raptors,3,1,17,Made Shot,Driving Finger Roll Layup Shot,,Restricted Area,Center(C),Less Than 8 ft.,2,29,5,1,1,20211118,UTA,TOR,22100229433,|1627783|1628449|1629004|1629018|1630201,1,REG,,,2022,1628449,12.0,SF,Helper,0.4,Gay 3' Driving Finger Roll Layup (11 PTS) (Conley 7 AST),,,,UTA,1610612762.0,201144.0
Shot Chart Detail,22100229,437,0,Opponent,1610612761,Toronto Raptors,3,0,56,Missed Shot,Pullup Jump shot,,Above the Break 3,Right Side Center(RC),24+ ft.,25,168,192,1,0,20211118,UTA,TOR,22100229437,|1627783|1628449|1629004|1629018|1630201,0,REG,,,2022,1629004,12.0,SF,Chaser,-0.31,MISS Ingles 26' 3PT Pullup Jump Shot,,,,UTA,1610612762.0,
Shot Chart Detail,22100229,447,0,Opponent,1610612761,Toronto Raptors,3,0,36,Made Shot,Dunk Shot,,Restricted Area,Center(C),Less Than 8 ft.,2,17,19,1,1,20211118,UTA,TOR,22100229447,|1627783|1629004|1629018|1630567|1630625,1,REG,,,2022,1627783,12.0,PF,Helper,0.72,Gobert 3' Dunk (14 PTS) (Ingles 8 AST),,,,UTA,1610612762.0,204060.0
Shot Chart Detail,22100229,461,0,Opponent,1610612761,Toronto Raptors,4,11,42,Made Shot,Jump Shot,,Mid-Range,Left Side(L),16-24 ft.,21,-219,4,1,1,20211118,UTA,TOR,22100229461,|1627832|1629004|1630567|1630625|203920,1,REG,,,2022,1630625,15.0,PG,Chaser,0.27,Ingles 3PT Jump Shot (10 PTS) (Clarkson 2 AST),,,,UTA,1610612762.0,203903.0
Shot Chart Detail,22100229,471,0,Opponent,1610612761,Toronto Raptors,4,10,39,Missed Shot,Pullup Jump shot,,Above the Break 3,Center(C),24+ ft.,24,-32,240,1,0,20211118,UTA,TOR,22100229471,|1627832|1629004|1630567|1630625|203920,0,REG,,,2022,1629004,15.0,SF,Chaser,-0.31,MISS Clarkson 24' 3PT Pullup Jump Shot,,,,UTA,1610612762.0,
Shot Chart Detail,22100229,473,0,Opponent,1610612761,Toronto Raptors,4,10,35,Missed Shot,Jump Shot,,Above the Break 3,Right Side Center(RC),24+ ft.,24,96,227,1,0,20211118,UTA,TOR,22100229473,|1627832|1629004|1630567|1630625|203920,0,REG,,,2022,1630567,15.0,PF,Helper,0.63,MISS Ingles 25' 3PT Jump Shot,,,,UTA,1610612762.0,
Shot Chart Detail,22100229,478,0,Opponent,1610612761,Toronto Raptors,4,10,17,Made Shot,Jump Shot,,Above the Break 3,Left Side Center(LC),24+ ft.,26,-131,225,1,1,20211118,UTA,TOR,22100229478,|1627832|1629004|1630567|1630625|203920,1,REG,,,2022,1630567,18.0,PF,Helper,0.63,Gay 26' 3PT Jump Shot (14 PTS) (Clarkson 3 AST),,,,UTA,1610612762.0,203903.0
Shot Chart Detail,22100229,485,0,Opponent,1610612761,Toronto Raptors,4,9,31,Missed Shot,Jump Shot,,Above the Break 3,Right Side Center(RC),24+ ft.,32,121,306,1,0,20211118,UTA,TOR,22100229485,|1627832|1629004|1630567|1630625|203920,0,REG,,,2022,1630625,16.0,PG,Chaser,0.27,MISS Clarkson 33' 3PT Jump Shot,,,,UTA,1610612762.0,
Shot Chart Detail,22100229,502,0,Opponent,1610612761,Toronto Raptors,4,8,49,Made Shot,Jump Shot,,Right Corner 3,Right Side(R),24+ ft.,23,233,45,1,1,20211118,UTA,TOR,22100229502,|1627832|1629004|1630567|1630625|203920,1,REG,,,2022,1629004,18.0,SF,Chaser,-0.31,Clarkson 24' 3PT Jump Shot (9 PTS) (Forrest 1 AST),,,,UTA,1610612762.0,1630235.0
Shot Chart Detail,22100229,506,0,Opponent,1610612761,Toronto Raptors,4,8,18,Missed Shot,Pullup Jump shot,,Above the Break 3,Center(C),24+ ft.,24,-72,237,1,0,20211118,UTA,TOR,22100229506,|1627832|1629004|1630567|1630625|203920,0,REG,,,2022,1630625,18.0,PG,Chaser,0.27,MISS Clarkson 25' 3PT Pullup Jump Shot,,,,UTA,1610612762.0,
Shot Chart Detail,22100229,510,0,Opponent,1610612761,Toronto Raptors,4,7,54,Made Shot,Jump Shot,,Above the Break 3,Right Side Center(RC),24+ ft.,31,134,287,1,1,20211118,UTA,TOR,22100229510,|1627832|1629004|1630567|1630625|203920,1,REG,,,2022,1630567,21.0,PF,Helper,0.63,Gay 32' 3PT Jump Shot (18 PTS) (Clarkson 4 AST),,,,UTA,1610612762.0,203903.0
Shot Chart Detail,22100229,523,0,Opponent,1610612761,Toronto Raptors,4,6,46,Made Shot,Step Back Jump shot,,Left Corner 3,Left Side(L),24+ ft.,24,-234,82,1,1,20211118,UTA,TOR,22100229523,|1627783|1627832|1629018|1630551|1630567,1,REG,,,2022,1630551,21.0,SF,Helper,-0.61,Clarkson 25' 3PT Step Back Jump Shot (12 PTS) (Gay 2 AST),,,,UTA,1610612762.0,200752.0
Shot Chart Detail,22100229,536,0,Opponent,1610612761,Toronto Raptors,4,5,56,Made Shot,Layup Shot,,Restricted Area,Center(C),Less Than 8 ft.,2,4,26,1,1,20211118,UTA,TOR,22100229536,|1627783|1627832|1629018|1630551|1630567,0,REG,,,2022,1629018,20.0,SG,Chaser,0.19,Gay 3' Layup (20 PTS),,,,UTA,1610612762.0,
Shot Chart Detail,22100229,546,0,Opponent,1610612761,Toronto Raptors,4,5,1,Missed Shot,Driving Finger Roll Layup Shot,,In The Paint (Non-RA),Center(C),Less Than 8 ft.,6,49,42,1,0,20211118,UTA,TOR,22100229546,|1627783|1627832|1629018|1630551|1630567,0,REG,,,2022,1630551,18.0,SF,Helper,-0.61,MISS Clarkson 6' Driving Finger Roll Layup,,,,UTA,1610612762.0,
Shot Chart Detail,22100229,573,0,Opponent,1610612761,Toronto Raptors,4,3,52,Missed Shot,Driving Floating Jump Shot,,In The Paint (Non-RA),Center(C),8-16 ft.,10,37,93,1,0,20211118,UTA,TOR,22100229573,|1627783|1627832|1629018|1630551|1630567,0,REG,,,2022,1627832,16.0,PG,Point of Attack,0.9,MISS Conley 10' Driving Floating Jump Shot,,,,UTA,1610612762.0,
Shot Chart Detail,22100229,576,0,Opponent,1610612761,Toronto Raptors,4,3,46,Made Shot,Driving Finger Roll Layup Shot,,Restricted Area,Center(C),Less Than 8 ft.,2,-22,-1,1,1,20211118,UTA,TOR,22100229576,|1627783|1627832|1629018|1630551|1630567,0,REG,,,2022,1629018,18.0,SG,Chaser,0.19,Mitchell 2' Driving Finger Roll Layup (17 PTS),,,,UTA,1610612762.0,
Shot Chart Detail,22100229,579,0,Opponent,1610612761,Toronto Raptors,4,3,22,Made Shot,Pullup Jump shot,,Above the Break 3,Left Side Center(LC),24+ ft.,24,-92,227,1,1,20211118,UTA,TOR,22100229579,|1627783|1627832|1629018|1630551|1630567,0,REG,,,2022,1627832,21.0,PG,Point of Attack,0.9,Mitchell 24' 3PT Pullup Jump Shot (20 PTS),,,,UTA,1610612762.0,
Shot Chart Detail,22100229,612,0,Opponent,1610612761,Toronto Raptors,4,2,7,Missed Shot,Jump Shot,,Right Corner 3,Right Side(R),24+ ft.,23,234,8,1,0,20211118,UTA,TOR,22100229612,|1628449|1629004|1630201|1630551|1630625,0,REG,,,2022,1630551,19.0,SF,Helper,-0.61,MISS Butler 3PT Jump Shot,,,,UTA,1610612762.0,
Shot Chart Detail,22100229,617,0,Opponent,1610612761,Toronto Raptors,4,1,56,Made Shot,Alley Oop Layup shot,,Restricted Area,Center(C),Less Than 8 ft.,1,5,17,1,1,20211118,UTA,TOR,22100229617,|1628449|1629004|1630201|1630551|1630625,1,REG,,,2022,1629004,21.0,SF,Chaser,-0.31,Forrest 2' Alley Oop Layup (4 PTS) (Paschall 1 AST),,,,UTA,1610612762.0,1629672.0
Shot Chart Detail,22100229,621,0,Opponent,1610612761,Toronto Raptors,4,1,42,Missed Shot,Jump Shot,,Above the Break 3,Left Side Center(LC),24+ ft.,24,-124,213,1,0,20211118,UTA,TOR,22100229621,|1628449|1629004|1630201|1630551|1630625,0,REG,,,2022,1630551,21.0,SF,Helper,-0.61,MISS Oni 25' 3PT Jump Shot,,,,UTA,1610612762.0,
Shot Chart Detail,22100229,627,0,Opponent,1610612761,Toronto Raptors,4,1,6,Missed Shot,Layup Shot,,Restricted Area,Center(C),Less Than 8 ft.,2,-27,10,1,0,20211118,UTA,TOR,22100229627,|1628449|1629004|1630201|1630551|1630625,0,REG,,,2022,1630201,21.0,PG,Point of Attack,-0.52,MISS Paschall 3' Layup,,,,UTA,1610612762.0,
Shot Chart Detail,22100229,632,0,Opponent,1610612761,Toronto Raptors,4,0,47,Missed Shot,Driving Layup Shot,,In The Paint (Non-RA),Center(C),Less Than 8 ft.,6,58,20,1,0,20211118,UTA,TOR,22100229632,|1628449|1629004|1630201|1630551|1630625,0,REG,,,2022,1628449,18.0,SF,Helper,0.4,MISS Butler 6' Driving Layup,,,,UTA,1610612762.0,
Shot Chart Detail,22100229,634,0,Opponent,1610612761,Toronto Raptors,4,0,34,Missed Shot,Jump Shot,,Above the Break 3,Center(C),24+ ft.,26,15,262,1,0,20211118,UTA,TOR,22100229634,|1628449|1629004|1630201|1630551|1630625,0,REG,,,2022,1630551,18.0,SF,Helper,-0.61,MISS Paschall 26' 3PT Jump Shot,,,,UTA,1610612762.0,
Shot Chart Detail,22100238,7,0,Opponent,1610612761,Toronto Raptors,1,11,43,Missed Shot,Pullup Jump shot,,In The Paint (Non-RA),Center(C),8-16 ft.,9,-20,96,1,0,20211119,SAC,TOR,221002387,|1627783|1627832|1629018|1630567|203920,0,REG,,,2022,1627832|1630567,0.0,,,,,,,,SAC,1610612758.0,
Shot Chart Detail,22100238,11,0,Opponent,1610612761,Toronto Raptors,1,11,18,Made Shot,Running Dunk Shot,,Restricted Area,Center(C),Less Than 8 ft.,0,4,1,1,1,20211119,SAC,TOR,2210023811,|1627783|1627832|1629018|1630567|203920,0,REG,,,2022,,,,,,,,,,SAC,1610612758.0,
Shot Chart Detail,22100238,15,0,Opponent,1610612761,Toronto Raptors,1,10,42,Missed Shot,Driving Layup Shot,,Restricted Area,Center(C),Less Than 8 ft.,1,-17,6,1,0,20211119,SAC,TOR,2210023815,|1627783|1627832|1629018|1630567|203920,0,REG,,,2022,203920|1627783,2.0,,,,,,,,SAC,1610612758.0,
Shot Chart Detail,22100238,21,0,Opponent,1610612761,Toronto Raptors,1,10,21,Made Shot,Pullup Jump shot,,Above the Break 3,Center(C),24+ ft.,25,76,243,1,1,20211119,SAC,TOR,2210023821,|1627783|1627832|1629018|1630567|203920,0,REG,,,2022,1629018,5.0,SG,Chaser,0.19,Haliburton 25' 3PT Pullup Jump Shot (5 PTS),,,,SAC,1610612758.0,
Shot Chart Detail,22100238,34,0,Opponent,1610612761,Toronto Raptors,1,8,51,Missed Shot,Driving Reverse Layup Shot,,Restricted Area,Center(C),Less Than 8 ft.,1,10,9,1,0,20211119,SAC,TOR,2210023834,|1627783|1627832|1629018|1630567|203920,0,REG,,,2022,203920,1.0,C,Mobile Big,0.63,MISS Barnes 1' Driving Reverse Layup,,,,SAC,1610612758.0,
Shot Chart Detail,22100238,37,0,Opponent,1610612761,Toronto Raptors,1,8,39,Made Shot,Running Dunk Shot,,Restricted Area,Center(C),Less Than 8 ft.,1,6,14,1,1,20211119,SAC,TOR,2210023837,|1627783|1627832|1629018|1630567|203920,1,REG,,,2022,1629018,1.0,SG,Chaser,0.19,Holmes 2' Running Dunk (2 PTS) (Fox 1 AST),,,,SAC,1610612758.0,1628368.0
Shot Chart Detail,22100238,50,0,Opponent,1610612761,Toronto Raptors,1,7,50,Made Shot,Running Layup Shot,,Restricted Area,Center(C),Less Than 8 ft.,0,-6,-1,1,1,20211119,SAC,TOR,2210023850,|1627783|1627832|1629018|1630567|203920,0,REG,,,2022,1627783,3.0,PF,Helper,0.72,Fox 1' Running Layup (2 PTS),,,,SAC,1610612758.0,
Shot Chart Detail,22100238,59,0,Opponent,1610612761,Toronto Raptors,1,7,5,Missed Shot,Jump Shot,,Above the Break 3,Right Side Center(RC),24+ ft.,25,192,163,1,0,20211119,SAC,TOR,2210023859,|1627783|1627832|1629018|1630567|203920,0,REG,,,2022,1627832,2.0,PG,Point of Attack,0.9,MISS Metu 25' 3PT Jump Shot,,,,SAC,1610612758.0,
Shot Chart Detail,22100238,63,0,Opponent,1610612761,Toronto Raptors,1,6,40,Made Shot,Running Layup Shot,,Restricted Area,Center(C),Less Than 8 ft.,1,10,-5,1,1,20211119,SAC,TOR,2210023863,|1627783|1627832|1629018|1630567|203920,0,REG,,,2022,1630567,4.0,PF,Helper,0.63,Fox 1' Running Layup (4 PTS),,,,SAC,1610612758.0,
Shot Chart Detail,22100238,66,0,Opponent,1610612761,Toronto Raptors,1,6,3,Made Shot,Driving Layup Shot,,Restricted Area,Center(C),Less Than 8 ft.,1,16,6,1,1,20211119,SAC,TOR,2210023866,|1627783|1627832|1629018|1630567|203920,1,REG,,,2022,1630567,6.0,PF,Helper,0.63,Barnes 2' Driving Layup (4 PTS) (Holmes 1 AST),,,,SAC,1610612758.0,1626158.0
Shot Chart Detail,22100238,73,0,Opponent,1610612761,Toronto Raptors,1,5,20,Missed Shot,Turnaround Hook Shot,,Restricted Area,Center(C),Less Than 8 ft.,3,18,34,1,0,20211119,SAC,TOR,2210023873,|1627783|1627832|1629018|1630567|203920,0,REG,,,2022,1627832,4.0,PG,Point of Attack,0.9,MISS Metu 4' Turnaround Hook Shot,,,,SAC,1610612758.0,
Shot Chart Detail,22100238,92,0,Opponent,1610612761,Toronto Raptors,1,4,26,Missed Shot,Jump Shot,,Above the Break 3,Center(C),24+ ft.,25,-7,250,1,0,20211119,SAC,TOR,2210023892,|1627783|1627832|1628449|1629018|1630173,0,REG,,,2022,1630173,2.0,C,Mobile Big,0.24,MISS Hield 25' 3PT Jump Shot,,,,SAC,1610612758.0,
Shot Chart Detail,22100238,94,0,Opponent,1610612761,Toronto Raptors,1,4,18,Missed Shot,Step Back Jump shot,,Left Corner 3,Left Side(L),24+ ft.,23,-228,45,1,0,20211119,SAC,TOR,2210023894,|1627783|1627832|1628449|1629018|1630173,0,REG,,,2022,1630173,2.0,C,Mobile Big,0.24,MISS Hield 3PT Step Back Jump Shot,,,,SAC,1610612758.0,
Shot Chart Detail,22100238,130,0,Opponent,1610612761,Toronto Raptors,1,2,0,Made Shot,Driving Layup Shot,,Restricted Area,Center(C),Less Than 8 ft.,1,16,3,1,1,20211119,SAC,TOR,22100238130,|1627783|1628449|1629004|1630173|1630625,0,REG,,,2022,1627783,3.0,PF,Helper,0.72,Bagley III 2' Driving Layup (2 PTS),,,,SAC,1610612758.0,
Shot Chart Detail,22100238,139,0,Opponent,1610612761,Toronto Raptors,1,1,28,Made Shot,Jump Shot,,Above the Break 3,Right Side Center(RC),24+ ft.,25,202,153,1,1,20211119,SAC,TOR,22100238139,|1628449|1629004|1630173|1630567|1630625,1,REG,,,2022,1629004,6.0,SF,Chaser,-0.31,Haliburton 25' 3PT Jump Shot (8 PTS) (Mitchell 1 AST),,,,SAC,1610612758.0,1630558.0
Shot Chart Detail,22100238,148,0,Opponent,1610612761,Toronto Raptors,1,0,47,Missed Shot,Jump Shot,,Left Corner 3,Left Side(L),24+ ft.,23,-233,30,1,0,20211119,SAC,TOR,22100238148,|1628449|1629004|1629018|1630173|1630625,0,REG,,,2022,1628449,3.0,SF,Helper,0.4,MISS Hield 3PT Jump Shot,,,,SAC,1610612758.0,
Shot Chart Detail,22100238,157,0,Opponent,1610612761,Toronto Raptors,1,0,27,Missed Shot,Jump Shot,,Left Corner 3,Left Side(L),24+ ft.,22,-225,6,1,0,20211119,SAC,TOR,22100238157,|1628449|1629004|1629018|1630173|1630625,0,REG,,,2022,1630625,1.0,PG,Chaser,0.27,MISS Mitchell 3PT Jump Shot,,,,SAC,1610612758.0,
Shot Chart Detail,22100238,163,0,Opponent,1610612761,Toronto Raptors,1,0,5,Missed Shot,Pullup Jump shot,,In The Paint (Non-RA),Center(C),Less Than 8 ft.,6,-27,57,1,0,20211119,SAC,TOR,22100238163,|1628449|1629004|1629018|1630173|1630625,0,REG,,,2022,1629018,-1.0,SG,Chaser,0.19,MISS Fox 6' Pullup Jump Shot,,,,SAC,1610612758.0,
Shot Chart Detail,22100238,177,0,Opponent,1610612761,Toronto Raptors,2,11,21,Missed Shot,Jump Shot,,Above the Break 3,Right Side Center(RC),24+ ft.,27,211,178,1,0,20211119,SAC,TOR,22100238177,|1628449|1629004|1629018|1630173|1630625,0,REG,,,2022,1628449,-5.0,SF,Helper,0.4,MISS Haliburton 28' 3PT Jump Shot,,,,SAC,1610612758.0,
Shot Chart Detail,22100238,189,0,Opponent,1610612761,Toronto Raptors,2,10,26,Missed Shot,Jump Shot,,Left Corner 3,Left Side(L),24+ ft.,23,-229,67,1,0,20211119,SAC,TOR,22100238189,|1628449|1629004|1629018|1630173|1630625,0,REG,,,2022,1628449,-6.0,SF,Helper,0.4,MISS Hield 24' 3PT Jump Shot,,,,SAC,1610612758.0,
Shot Chart Detail,22100238,193,0,Opponent,1610612761,Toronto Raptors,2,10,1,Missed Shot,Hook Shot,,In The Paint (Non-RA),Center(C),8-16 ft.,11,1,116,1,0,20211119,SAC,TOR,22100238193,|1628449|1629004|1629018|1630173|1630625,0,REG,,,2022,1630173,-8.0,C,Mobile Big,0.24,MISS Holmes 12' Hook Shot,,,,SAC,1610612758.0,
Shot Chart Detail,22100238,201,0,Opponent,1610612761,Toronto Raptors,2,9,37,Missed Shot,Jump Shot,,Left Corner 3,Left Side(L),24+ ft.,23,-229,31,1,0,20211119,SAC,TOR,22100238201,|1628449|1629004|1629018|1630173|1630625,0,REG,,,2022,1630625,-10.0,PG,Chaser,0.27,MISS Mitchell 3PT Jump Shot,,,,SAC,1610612758.0,
Shot Chart Detail,22100238,206,0,Opponent,1610612761,Toronto Raptors,2,9,23,Missed Shot,Cutting Layup Shot,,Restricted Area,Center(C),Less Than 8 ft.,0,-9,4,1,0,20211119,SAC,TOR,22100238206,|1628449|1629004|1629018|1630173|1630625,0,REG,,,2022,1629004,-10.0,SF,Chaser,-0.31,MISS Holmes 1' Cutting Layup Shot,,,,SAC,1610612758.0,
Shot Chart Detail,22100238,211,0,Opponent,1610612761,Toronto Raptors,2,9,8,Missed Shot,Step Back Jump shot,,Above the Break 3,Center(C),24+ ft.,24,6,246,1,0,20211119,SAC,TOR,22100238211,|1628449|1629004|1629018|1630173|1630625,0,REG,,,2022,1628449,-10.0,SF,Helper,0.4,MISS Haliburton 25' 3PT Step Back Jump Shot,,,,SAC,1610612758.0,
Shot Chart Detail,22100238,215,0,Opponent,1610612761,Toronto Raptors,2,8,57,Made Shot,Jump Shot,,Above the Break 3,Center(C),24+ ft.,25,-60,243,1,1,20211119,SAC,TOR,22100238215,|1628449|1629004|1629018|1630173|1630625,1,REG,,,2022,1630625,-7.0,PG,Chaser,0.27,Mitchell 25' 3PT Jump Shot (3 PTS) (Barnes 1 AST),,,,SAC,1610612758.0,203084.0
Shot Chart Detail,22100238,219,0,Opponent,1610612761,Toronto Raptors,2,8,33,Missed Shot,Jump Shot,,Above the Break 3,Left Side Center(LC),24+ ft.,24,-167,177,1,0,20211119,SAC,TOR,22100238219,|1628449|1629004|1629018|1630173|1630625,0,REG,,,2022,1629018,-7.0,SG,Chaser,0.19,MISS Metu 24' 3PT Jump Shot,,,,SAC,1610612758.0,
Shot Chart Detail,22100238,221,0,Opponent,1610612761,Toronto Raptors,2,8,26,Missed Shot,Jump Shot,,Above the Break 3,Center(C),24+ ft.,24,-1,245,1,0,20211119,SAC,TOR,22100238221,|1628449|1629004|1629018|1630173|1630625,0,REG,,,2022,1628449,-7.0,SF,Helper,0.4,MISS Barnes 25' 3PT Jump Shot,,,,SAC,1610612758.0,
Shot Chart Detail,22100238,243,0,Opponent,1610612761,Toronto Raptors,2,7,34,Missed Shot,Driving Layup Shot,,Restricted Area,Center(C),Less Than 8 ft.,2,11,26,1,0,20211119,SAC,TOR,22100238243,|1627783|1627832|1629004|1629018|1630173,0,REG,,,2022,1627783|1629004,-9.0,,,,,,,,SAC,1610612758.0,
Shot Chart Detail,22100238,258,0,Opponent,1610612761,Toronto Raptors,2,6,48,Made Shot,Layup Shot,,Restricted Area,Center(C),Less Than 8 ft.,2,6,27,1,1,20211119,SAC,TOR,22100238258,|1627783|1627832|1629018|1630173|1630567,1,REG,,,2022,1630173,-7.0,C,Mobile Big,0.24,Metu 3' Layup (2 PTS) (Barnes 2 AST),,,,SAC,1610612758.0,203084.0
Shot Chart Detail,22100238,263,0,Opponent,1610612761,Toronto Raptors,2,6,18,Missed Shot,Jump Shot,,Right Corner 3,Right Side(R),24+ ft.,23,237,24,1,0,20211119,SAC,TOR,22100238263,|1627783|1627832|1629018|1630567|203920,0,REG,,,2022,1630567,-7.0,PF,Helper,0.63,MISS Barnes 24' 3PT Jump Shot,,,,SAC,1610612758.0,
Shot Chart Detail,22100238,265,0,Opponent,1610612761,Toronto Raptors,2,6,9,Made Shot,Tip Dunk Shot,,Restricted Area,Center(C),Less Than 8 ft.,0,0,0,1,1,20211119,SAC,TOR,22100238265,|1627783|1627832|1629018|1630567|203920,0,REG,,,2022,203920,-5.0,C,Mobile Big,0.63,Metu Tip Dunk Shot (4 PTS),,,,SAC,1610612758.0,
Shot Chart Detail,22100238,274,0,Opponent,1610612761,Toronto Raptors,2,5,24,Missed Shot,Jump Shot,,Above the Break 3,Right Side Center(RC),24+ ft.,24,224,109,1,0,20211119,SAC,TOR,22100238274,|1627783|1627832|1629018|1630567|203920,0,REG,,,2022,1627783,-7.0,PF,Helper,0.72,MISS Mitchell 25' 3PT Jump Shot,,,,SAC,1610612758.0,
Shot Chart Detail,22100238,277,0,Opponent,1610612761,Toronto Raptors,2,4,58,Missed Shot,Driving Layup Shot,,Restricted Area,Center(C),Less Than 8 ft.,2,-21,15,1,0,20211119,SAC,TOR,22100238277,|1627783|1627832|1629018|1630567|203920,0,REG,,,2022,203920,-9.0,C,Mobile Big,0.63,MISS Barnes 3' Driving Layup,,,,SAC,1610612758.0,
Shot Chart Detail,22100238,285,0,Opponent,1610612761,Toronto Raptors,2,4,31,Made Shot,Driving Layup Shot,,Restricted Area,Center(C),Less Than 8 ft.,1,11,1,1,1,20211119,SAC,TOR,22100238285,|1627783|1627832|1629018|1630567|203920,0,REG,,,2022,1629018,-10.0,SG,Chaser,0.19,Fox 1' Driving Layup (7 PTS),,,,SAC,1610612758.0,
Shot Chart Detail,22100238,294,0,Opponent,1610612761,Toronto Raptors,2,3,59,Made Shot,Reverse Layup Shot,,Restricted Area,Center(C),Less Than 8 ft.,1,-12,6,1,1,20211119,SAC,TOR,22100238294,|1627783|1627832|1629018|1630567|203920,0,REG,,,2022,1627832|203920,-11.0,,,,,,,,SAC,1610612758.0,
Shot Chart Detail,22100238,306,0,Opponent,1610612761,Toronto Raptors,2,3,9,Made Shot,Jump Shot,,Above the Break 3,Right Side Center(RC),24+ ft.,25,216,134,1,1,20211119,SAC,TOR,22100238306,|1627783|1627832|1629018|1630567|203920,1,REG,,,2022,1630567,-9.0,PF,Helper,0.63,Metu 25' 3PT Jump Shot (7 PTS) (Fox 2 AST),,,,SAC,1610612758.0,1628368.0
Shot Chart Detail,22100238,316,0,Opponent,1610612761,Toronto Raptors,2,2,0,Missed Shot,Driving Layup Shot,,In The Paint (Non-RA),Center(C),Less Than 8 ft.,7,1,74,1,0,20211119,SAC,TOR,22100238316,|1627783|1627832|1629018|1630567|203920,0,REG,,,2022,1627832,-14.0,PG,Point of Attack,0.9,MISS Fox 7' Driving Layup,,,,SAC,1610612758.0,
Shot Chart Detail,22100238,320,0,Opponent,1610612761,Toronto Raptors,2,1,33,Missed Shot,Driving Layup Shot,,In The Paint (Non-RA),Center(C),Less Than 8 ft.,4,45,3,1,0,20211119,SAC,TOR,22100238320,|1627783|1627832|1629018|1630567|203920,0,REG,,,2022,203920|1627783,-16.0,,,,,,,,SAC,1610612758.0,
Shot Chart Detail,22100238,335,0,Opponent,1610612761,Toronto Raptors,2,0,47,Missed Shot,Running Layup Shot,,Restricted Area,Center(C),Less Than 8 ft.,3,-18,25,1,0,20211119,SAC,TOR,22100238335,|1627832|1628449|1629018|1630567|203920,0,REG,,,2022,1628449|203920,-18.0,,,,,,,,SAC,1610612758.0,
Shot Chart Detail,22100238,339,0,Opponent,1610612761,Toronto Raptors,2,0,44,Missed Shot,Jump Shot,,Left Corner 3,Left Side(L),24+ ft.,23,-232,8,1,0,20211119,SAC,TOR,22100238339,|1627832|1628449|1629018|1630567|203920,0,REG,,,2022,1630567,-18.0,PF,Helper,0.63,MISS Hield 3PT Jump Shot,,,,SAC,1610612758.0,
Shot Chart Detail,22100238,343,0,Opponent,1610612761,Toronto Raptors,2,0,28,Made Shot,Driving Layup Shot,,In The Paint (Non-RA),Center(C),Less Than 8 ft.,4,37,25,1,1,20211119,SAC,TOR,22100238343,|1627832|1628449|1629018|1630567|203920,0,REG,,,2022,203920,-16.0,C,Mobile Big,0.63,Fox 4' Driving Layup (11 PTS),,,,SAC,1610612758.0,
Shot Chart Detail,22100238,378,0,Opponent,1610612761,Toronto Raptors,3,10,53,Missed Shot,Pullup Jump shot,,In The Paint (Non-RA),Left Side(L),8-16 ft.,12,-77,95,1,0,20211119,SAC,TOR,22100238378,|1627783|1627832|1629018|1630567|203920,0,REG,,,2022,203920|1630567,-23.0,,,,,,,,SAC,1610612758.0,
Shot Chart Detail,22100238,383,0,Opponent,1610612761,Toronto Raptors,2,2,29,Missed Shot,Jump Shot,,Restricted Area,Center(C),Less Than 8 ft.,3,9,36,1,0,20211119,SAC,TOR,22100238383,|1627783|1627832|1629018|1630567|203920,0,REG,,,2022,1629018,-12.0,SG,Chaser,0.19,MISS Metu 4' Jump Shot,,,,SAC,1610612758.0,
Shot Chart Detail,22100238,388,0,Opponent,1610612761,Toronto Raptors,3,10,16,Made Shot,Driving Layup Shot,,Restricted Area,Center(C),Less Than 8 ft.,2,-20,13,1,1,20211119,SAC,TOR,22100238388,|1627783|1627832|1629018|1630567|203920,0,REG,,,2022,1630567,-24.0,PF,Helper,0.63,Barnes 2' Driving Layup (12 PTS),,,,SAC,1610612758.0,
Shot Chart Detail,22100238,391,0,Opponent,1610612761,Toronto Raptors,3,9,44,Made Shot,Driving Layup Shot,,Restricted Area,Center(C),Less Than 8 ft.,2,-22,11,1,1,20211119,SAC,TOR,22100238391,|1627783|1627832|1629018|1630567|203920,0,REG,,,2022,1630567,-22.0,PF,Helper,0.63,Fox 2' Driving Layup (13 PTS),,,,SAC,1610612758.0,
Shot Chart Detail,22100238,402,0,Opponent,1610612761,Toronto Raptors,3,8,41,Missed Shot,Jump Shot,,Right Corner 3,Right Side(R),24+ ft.,22,228,25,1,0,20211119,SAC,TOR,22100238402,|1627783|1627832|1629018|1630567|203920,0,REG,,,2022,,,,,,,,,,SAC,1610612758.0,
Shot Chart Detail,22100238,419,0,Opponent,1610612761,Toronto Raptors,3,8,4,Missed Shot,Jump Shot,,In The Paint (Non-RA),Center(C),Less Than 8 ft.,5,0,53,1,0,20211119,SAC,TOR,22100238419,|1627783|1627832|1629004|1630567|203920,0,REG,,,2022,1627783,-25.0,PF,Helper,0.72,MISS Barnes 5' Jump Shot,,,,SAC,1610612758.0,
Shot Chart Detail,22100238,442,0,Opponent,1610612761,Toronto Raptors,3,6,48,Made Shot,Running Layup Shot,,Restricted Area,Center(C),Less Than 8 ft.,2,-16,12,1,1,20211119,SAC,TOR,22100238442,|1627783|1627832|1629004|1630567|203920,1,REG,,,2022,203920,-25.0,C,Mobile Big,0.63,Barnes 2' Running Layup (14 PTS) (Fox 3 AST),,,,SAC,1610612758.0,1628368.0
Shot Chart Detail,22100238,448,0,Opponent,1610612761,Toronto Raptors,3,6,17,Made Shot,Pullup Jump shot,,Mid-Range,Left Side Center(LC),16-24 ft.,19,-71,180,1,1,20211119,SAC,TOR,22100238448,|1627783|1627832|1629004|1630567|203920,0,REG,,,2022,1630567,-23.0,PF,Helper,0.63,Fox 19' Pullup Jump Shot (15 PTS),,,,SAC,1610612758.0,
Shot Chart Detail,22100238,453,0,Opponent,1610612761,Toronto Raptors,3,5,43,Made Shot,Cutting Dunk Shot,,Restricted Area,Center(C),Less Than 8 ft.,1,-10,7,1,1,20211119,SAC,TOR,22100238453,|1627783|1627832|1628449|1629004|203920,1,REG,,,2022,203920,-23.0,C,Mobile Big,0.63,Holmes 1' Cutting Dunk Shot (6 PTS) (Barnes 3 AST),,,,SAC,1610612758.0,203084.0
Shot Chart Detail,22100238,457,0,Opponent,1610612761,Toronto Raptors,3,5,7,Missed Shot,Jump Shot,,Above the Break 3,Left Side Center(LC),24+ ft.,26,-179,189,1,0,20211119,SAC,TOR,22100238457,|1627783|1627832|1628449|1629004|203920,0,REG,,,2022,1629004,-26.0,SF,Chaser,-0.31,MISS Hield 26' 3PT Jump Shot,,,,SAC,1610612758.0,
Shot Chart Detail,22100238,460,0,Opponent,1610612761,Toronto Raptors,3,4,32,Made Shot,Driving Layup Shot,,Restricted Area,Center(C),Less Than 8 ft.,2,21,13,1,1,20211119,SAC,TOR,22100238460,|1627783|1627832|1628449|1629004|203920,1,REG,,,2022,1628449,-26.0,SF,Helper,0.4,Fox 2' Driving Layup (17 PTS) (Hield 1 AST),,,,SAC,1610612758.0,1627741.0
Shot Chart Detail,22100238,471,0,Opponent,1610612761,Toronto Raptors,3,4,6,Missed Shot,Jump Shot,,Above the Break 3,Left Side Center(LC),24+ ft.,25,-125,221,1,0,20211119,SAC,TOR,22100238471,|1627783|1627832|1628449|1629004|1630173,0,REG,,,2022,1627832,-26.0,PG,Point of Attack,0.9,MISS Fox 25' 3PT Jump Shot,,,,SAC,1610612758.0,
Shot Chart Detail,22100238,475,0,Opponent,1610612761,Toronto Raptors,3,3,33,Missed Shot,Driving Layup Shot,,Restricted Area,Center(C),Less Than 8 ft.,2,20,8,1,0,20211119,SAC,TOR,22100238475,|1627783|1627832|1628449|1629004|1630173,0,REG,,,2022,1630173,-26.0,C,Mobile Big,0.24,MISS Mitchell 2' Driving Layup,,,,SAC,1610612758.0,
Shot Chart Detail,22100238,484,0,Opponent,1610612761,Toronto Raptors,3,3,9,Made Shot,Jump Shot,,Right Corner 3,Right Side(R),24+ ft.,23,227,75,1,1,20211119,SAC,TOR,22100238484,|1627832|1628449|1629004|1630173|1630567,1,REG,,,2022,1628449,-23.0,SF,Helper,0.4,Metu 24' 3PT Jump Shot (10 PTS) (Hield 2 AST),,,,SAC,1610612758.0,1627741.0
Shot Chart Detail,22100238,499,0,Opponent,1610612761,Toronto Raptors,3,2,10,Made Shot,Alley Oop Dunk Shot,,Restricted Area,Center(C),Less Than 8 ft.,2,-17,17,1,1,20211119,SAC,TOR,22100238499,|1628449|1629004|1629018|1630173|1630567,1,REG,,,2022,1630173,-27.0,C,Mobile Big,0.24,Jones 2' Alley Oop Dunk (2 PTS) (Mitchell 2 AST),,,,SAC,1610612758.0,1630558.0
Shot Chart Detail,22100238,506,0,Opponent,1610612761,Toronto Raptors,3,1,19,Missed Shot,Jump Shot,,Above the Break 3,Right Side Center(RC),24+ ft.,25,229,102,1,0,20211119,SAC,TOR,22100238506,|1628449|1629004|1629018|1630173|1630567,0,REG,,,2022,1629004,-30.0,SF,Chaser,-0.31,MISS Davis 25' 3PT Jump Shot,,,,SAC,1610612758.0,
Shot Chart Detail,22100238,510,0,Opponent,1610612761,Toronto Raptors,3,1,2,Made Shot,Putback Layup Shot,,Restricted Area,Center(C),Less Than 8 ft.,1,4,17,1,1,20211119,SAC,TOR,22100238510,|1628449|1629004|1629018|1630173|1630567,0,REG,,,2022,1628449|1630567,-28.0,,,,,,,,SAC,1610612758.0,
Shot Chart Detail,22100238,512,0,Opponent,1610612761,Toronto Raptors,3,0,22,Missed Shot,Driving Layup Shot,,In The Paint (Non-RA),Center(C),Less Than 8 ft.,6,-58,27,1,0,20211119,SAC,TOR,22100238512,|1628449|1629004|1629018|1630173|1630567,0,REG,,,2022,1629004,-30.0,SF,Chaser,-0.31,MISS Mitchell 6' Driving Layup,,,,SAC,1610612758.0,
Shot Chart Detail,22100238,516,0,Opponent,1610612761,Toronto Raptors,3,0,0,Missed Shot,Jump Shot,,Above the Break 3,Left Side Center(LC),24+ ft.,25,-233,115,1,0,20211119,SAC,TOR,22100238516,|1628449|1629004|1629018|1630173|1630567,0,REG,,,2022,1630567,-30.0,PF,Helper,0.63,MISS Davis 26' 3PT Jump Shot,,,,SAC,1610612758.0,
Shot Chart Detail,22100238,519,0,Opponent,1610612761,Toronto Raptors,3,1,4,Missed Shot,Layup Shot,,In The Paint (Non-RA),Center(C),Less Than 8 ft.,5,-6,53,1,0,20211119,SAC,TOR,22100238519,|1628449|1629004|1629018|1630173|1630567,0,REG,,,2022,1628449|1630567,-30.0,,,,,,,,SAC,1610612758.0,
Shot Chart Detail,22100238,525,0,Opponent,1610612761,Toronto Raptors,4,11,41,Missed Shot,Step Back Jump shot,,Above the Break 3,Right Side Center(RC),24+ ft.,24,216,125,1,0,20211119,SAC,TOR,22100238525,|1628449|1629004|1629018|1630173|1630567,0,REG,,,2022,1630567,-30.0,PF,Helper,0.63,MISS Davis 25' 3PT Step Back Jump Shot,,,,SAC,1610612758.0,
Shot Chart Detail,22100238,527,0,Opponent,1610612761,Toronto Raptors,4,11,35,Missed Shot,Dunk Shot,,Restricted Area,Center(C),Less Than 8 ft.,1,1,11,1,0,20211119,SAC,TOR,22100238527,|1628449|1629004|1629018|1630173|1630567,0,REG,,,2022,1628449,-30.0,SF,Helper,0.4,MISS Jones 1' Dunk,,,,SAC,1610612758.0,
Shot Chart Detail,22100238,535,0,Opponent,1610612761,Toronto Raptors,4,10,54,Made Shot,Jump Shot,,Left Corner 3,Left Side(L),24+ ft.,23,-237,26,1,1,20211119,SAC,TOR,22100238535,|1628449|1629004|1629018|1630173|1630567,1,REG,,,2022,1630567,-27.0,PF,Helper,0.63,Hield 24' 3PT Jump Shot (4 PTS) (Mitchell 3 AST),,,,SAC,1610612758.0,1630558.0
Shot Chart Detail,22100238,539,0,Opponent,1610612761,Toronto Raptors,4,10,28,Made Shot,Jump Shot,,Above the Break 3,Right Side Center(RC),24+ ft.,25,136,212,1,1,20211119,SAC,TOR,22100238539,|1628449|1629004|1629018|1630173|1630567,0,REG,,,2022,1630173,-26.0,C,Mobile Big,0.24,Hield 25' 3PT Jump Shot (7 PTS),,,,SAC,1610612758.0,
Shot Chart Detail,22100238,542,0,Opponent,1610612761,Toronto Raptors,4,10,3,Missed Shot,Driving Layup Shot,,Restricted Area,Center(C),Less Than 8 ft.,2,-27,7,1,0,20211119,SAC,TOR,22100238542,|1628449|1629004|1629018|1630173|1630567,0,REG,,,2022,1630173,-26.0,C,Mobile Big,0.24,MISS Hield 3' Driving Layup,,,,SAC,1610612758.0,
Shot Chart Detail,22100238,547,0,Opponent,1610612761,Toronto Raptors,4,9,48,Missed Shot,Running Jump Shot,,Above the Break 3,Right Side Center(RC),24+ ft.,25,126,217,1,0,20211119,SAC,TOR,22100238547,|1628449|1629004|1629018|1630173|1630567,0,REG,,,2022,1630567,-26.0,PF,Helper,0.63,MISS Hield 25' 3PT Running Jump Shot,,,,SAC,1610612758.0,
Shot Chart Detail,22100238,551,0,Opponent,1610612761,Toronto Raptors,4,9,18,Missed Shot,Jump Shot,,Above the Break 3,Left Side Center(LC),24+ ft.,25,-185,180,1,0,20211119,SAC,TOR,22100238551,|1628449|1629004|1629018|1630173|1630567,0,REG,,,2022,1629018,-26.0,SG,Chaser,0.19,MISS Mitchell 26' 3PT Jump Shot,,,,SAC,1610612758.0,
Shot Chart Detail,22100238,553,0,Opponent,1610612761,Toronto Raptors,4,9,10,Made Shot,Jump Shot,,Above the Break 3,Left Side Center(LC),24+ ft.,25,-116,231,1,1,20211119,SAC,TOR,22100238553,|1628449|1629004|1629018|1630173|1630567,1,REG,,,2022,,,,,,,,,,SAC,1610612758.0,1630558.0
Shot Chart Detail,22100238,560,0,Opponent,1610612761,Toronto Raptors,4,8,43,Made Shot,Driving Layup Shot,,Restricted Area,Center(C),Less Than 8 ft.,2,-17,13,1,1,20211119,SAC,TOR,22100238560,|1628449|1629004|1629018|1630173|1630567,0,REG,,,2022,1629004,-21.0,SF,Chaser,-0.31,Mitchell 2' Driving Layup (5 PTS),,,,SAC,1610612758.0,
Shot Chart Detail,22100238,562,0,Opponent,1610612761,Toronto Raptors,4,8,1,Missed Shot,Jump Shot,,Above the Break 3,Center(C),24+ ft.,25,0,254,1,0,20211119,SAC,TOR,22100238562,|1628449|1629004|1629018|1630173|1630567,0,REG,,,2022,1630173|1629004,-21.0,,,,,,,,SAC,1610612758.0,
Shot Chart Detail,22100238,564,0,Opponent,1610612761,Toronto Raptors,4,7,46,Missed Shot,Jump Shot,,Above the Break 3,Left Side Center(LC),24+ ft.,26,-213,157,1,0,20211119,SAC,TOR,22100238564,|1628449|1629004|1629018|1630173|1630567,0,REG,,,2022,1628449,-21.0,SF,Helper,0.4,MISS Hield 26' 3PT Jump Shot,,,,SAC,1610612758.0,
Shot Chart Detail,22100238,572,0,Opponent,1610612761,Toronto Raptors,4,7,15,Missed Shot,Jump Shot,,Left Corner 3,Left Side(L),24+ ft.,23,-234,48,1,0,20211119,SAC,TOR,22100238572,|1627783|1627832|1629018|1630173|1630567,0,REG,,,2022,1627783,-21.0,PF,Helper,0.72,MISS Bagley III 24' 3PT Jump Shot,,,,SAC,1610612758.0,
Shot Chart Detail,22100238,574,0,Opponent,1610612761,Toronto Raptors,4,7,9,Made Shot,Layup Shot,,Restricted Area,Center(C),Less Than 8 ft.,2,-22,6,1,1,20211119,SAC,TOR,22100238574,|1627783|1627832|1629018|1630173|1630567,1,REG,,,2022,,,,,,,,,,SAC,1610612758.0,1628963.0
Shot Chart Detail,22100238,578,0,Opponent,1610612761,Toronto Raptors,4,6,16,Missed Shot,Floating Jump shot,,In The Paint (Non-RA),Center(C),Less Than 8 ft.,6,65,6,1,0,20211119,SAC,TOR,22100238578,|1627783|1627832|1629018|1630173|1630567,0,REG,,,2022,1627832,-19.0,PG,Point of Attack,0.9,MISS Mitchell 7' Floating Jump Shot,,,,SAC,1610612758.0,
Shot Chart Detail,22100238,583,0,Opponent,1610612761,Toronto Raptors,4,5,37,Made Shot,Driving Layup Shot,,In The Paint (Non-RA),Center(C),Less Than 8 ft.,4,28,38,1,1,20211119,SAC,TOR,22100238583,|1627783|1627832|1629018|1630173|1630567,0,REG,,,2022,1629018|1630173,-19.0,,,,,,,,SAC,1610612758.0,
Shot Chart Detail,22100238,590,0,Opponent,1610612761,Toronto Raptors,4,4,37,Missed Shot,Driving Layup Shot,,Restricted Area,Center(C),Less Than 8 ft.,1,11,4,1,0,20211119,SAC,TOR,22100238590,|1627783|1627832|1629018|1630173|1630567,0,REG,,,2022,1627783,-19.0,PF,Helper,0.72,MISS Mitchell 1' Driving Layup,,,,SAC,1610612758.0,
Shot Chart Detail,22100238,597,0,Opponent,1610612761,Toronto Raptors,4,4,1,Missed Shot,Driving Hook Shot,,In The Paint (Non-RA),Center(C),Less Than 8 ft.,7,-71,34,1,0,20211119,SAC,TOR,22100238597,|1627783|1627832|1629018|1630567|203920,0,REG,,,2022,1627783,-21.0,PF,Helper,0.72,MISS Bagley III 8' Driving Hook Shot,,,,SAC,1610612758.0,
Shot Chart Detail,22100238,601,0,Opponent,1610612761,Toronto Raptors,4,3,16,Missed Shot,Jump Shot,,Right Corner 3,Right Side(R),24+ ft.,22,228,21,1,0,20211119,SAC,TOR,22100238601,|1627783|1627832|1629018|1630567|203920,0,REG,,,2022,1627783,-21.0,PF,Helper,0.72,MISS Bagley III 3PT Jump Shot,,,,SAC,1610612758.0,
Shot Chart Detail,22100238,623,0,Opponent,1610612761,Toronto Raptors,4,2,34,Missed Shot,Driving Floating Jump Shot,,In The Paint (Non-RA),Center(C),8-16 ft.,8,-28,75,1,0,20211119,SAC,TOR,22100238623,|1628449|1630173|1630201|1630551|1630625,0,REG,,,2022,1630551|1630201,-23.0,,,,,,,,SAC,1610612758.0,
Shot Chart Detail,22100238,625,0,Opponent,1610612761,Toronto Raptors,4,2,28,Missed Shot,Jump Shot,,Left Corner 3,Left Side(L),24+ ft.,24,-238,75,1,0,20211119,SAC,TOR,22100238625,|1628449|1630173|1630201|1630551|1630625,0,REG,,,2022,1630551,-23.0,SF,Helper,-0.61,MISS Ramsey 25' 3PT Jump Shot,,,,SAC,1610612758.0,
Shot Chart Detail,22100238,629,0,Opponent,1610612761,Toronto Raptors,4,2,0,Made Shot,Driving Layup Shot,,Restricted Area,Center(C),Less Than 8 ft.,1,11,11,1,1,20211119,SAC,TOR,22100238629,|1628449|1630173|1630201|1630551|1630625,0,REG,,,2022,1630551,-24.0,SF,Helper,-0.61,Davis 2' Driving Layup (6 PTS),,,,SAC,1610612758.0,
Shot Chart Detail,22100238,646,0,Opponent,1610612761,Toronto Raptors,4,1,0,Made Shot,Jump Shot,,Above the Break 3,Left Side Center(LC),24+ ft.,25,-206,151,1,1,20211119,SAC,TOR,22100238646,|1628449|1630173|1630201|1630551|1630625,1,REG,,,2022,1630201,-19.0,PG,Point of Attack,-0.52,Davis 26' 3PT Jump Shot (9 PTS) (Ramsey 1 AST),,,,SAC,1610612758.0,1630186.0
Shot Chart Detail,22100238,653,0,Opponent,1610612761,Toronto Raptors,4,0,23,Missed Shot,Jump Shot,,Above the Break 3,Right Side Center(RC),24+ ft.,26,120,232,1,0,20211119,SAC,TOR,22100238653,|1628449|1630173|1630201|1630551|1630625,0,REG,,,2022,1630173,-20.0,C,Mobile Big,0.24,MISS Jones 26' 3PT Jump Shot,,,,SAC,1610612758.0,
Shot Chart Detail,22100252,7,0,Opponent,1610612761,Toronto Raptors,1,11,43,Missed Shot,Jump Shot,,Above the Break 3,Left Side Center(LC),24+ ft.,25,-227,105,1,0,20211121,GSW,TOR,221002527,|1627783|1627832|1629018|1630567|203920,0,REG,,,2022,1627832,0.0,PG,Point of Attack,0.9,MISS Curry 25' 3PT Jump Shot,,,,GSW,1610612744.0,
Shot Chart Detail,22100252,11,0,Opponent,1610612761,Toronto Raptors,1,11,38,Made Shot,Jump Shot,,Right Corner 3,Right Side(R),24+ ft.,22,229,-9,1,1,20211121,GSW,TOR,2210025211,|1627783|1627832|1629018|1630567|203920,1,REG,,,2022,1630567,3.0,PF,Helper,0.63,Poole 3PT Jump Shot (3 PTS) (Curry 1 AST),,,,GSW,1610612744.0,201939.0
Shot Chart Detail,22100252,33,0,Opponent,1610612761,Toronto Raptors,1,9,44,Made Shot,Jump Shot,,Left Corner 3,Left Side(L),24+ ft.,23,-239,-8,1,1,20211121,GSW,TOR,2210025233,|1627783|1627832|1629018|1630567|203920,1,REG,,,2022,1630567,5.0,PF,Helper,0.63,Wiggins 24' 3PT Jump Shot (3 PTS) (Poole 1 AST),,,,GSW,1610612744.0,1629673.0
Shot Chart Detail,22100252,37,0,Opponent,1610612761,Toronto Raptors,1,9,17,Missed Shot,Jump Shot,,Above the Break 3,Right Side Center(RC),24+ ft.,30,118,279,1,0,20211121,GSW,TOR,2210025237,|1627783|1627832|1629018|1630567|203920,0,REG,,,2022,1627832,5.0,PG,Point of Attack,0.9,MISS Curry 30' 3PT Jump Shot,,,,GSW,1610612744.0,
Shot Chart Detail,22100252,41,0,Opponent,1610612761,Toronto Raptors,1,9,0,Made Shot,Driving Layup Shot,,Restricted Area,Center(C),Less Than 8 ft.,3,34,15,1,1,20211121,GSW,TOR,2210025241,|1627783|1627832|1629018|1630567|203920,1,REG,,,2022,203920|1630567,7.0,,,,,,,,GSW,1610612744.0,1629673.0
Shot Chart Detail,22100252,52,0,Opponent,1610612761,Toronto Raptors,1,7,56,Made Shot,Cutting Dunk Shot,,Restricted Area,Center(C),Less Than 8 ft.,3,-2,36,1,1,20211121,GSW,TOR,2210025252,|1627783|1627832|1629018|1630567|203920,1,REG,,,2022,1627832,8.0,PG,Point of Attack,0.9,Wiggins 4' Cutting Dunk Shot (8 PTS) (Looney 1 AST),,,,GSW,1610612744.0,1626172.0
Shot Chart Detail,22100252,58,0,Opponent,1610612761,Toronto Raptors,1,7,46,Made Shot,Jump Shot,,Left Corner 3,Left Side(L),24+ ft.,23,-232,-24,1,1,20211121,GSW,TOR,2210025258,|1627783|1627832|1629018|1630567|203920,1,REG,,,2022,1627783,11.0,PF,Helper,0.72,Wiggins 3PT Jump Shot (11 PTS) (Green 1 AST),,,,GSW,1610612744.0,203110.0
Shot Chart Detail,22100252,71,0,Opponent,1610612761,Toronto Raptors,1,6,31,Made Shot,Step Back Jump shot,,Above the Break 3,Left Side Center(LC),24+ ft.,24,-229,92,1,1,20211121,GSW,TOR,2210025271,|1627783|1627832|1629004|1629018|203920,1,REG,,,2022,1629004,12.0,SF,Chaser,-0.31,Curry 25' 3PT Step Back Jump Shot (3 PTS) (Poole 3 AST),,,,GSW,1610612744.0,1629673.0
Shot Chart Detail,22100252,88,0,Opponent,1610612761,Toronto Raptors,1,5,51,Missed Shot,Cutting Layup Shot,,Restricted Area,Center(C),Less Than 8 ft.,2,-13,23,1,0,20211121,GSW,TOR,2210025288,|1627783|1627832|1629004|1629018|203920,0,REG,,,2022,1627832|1627783,12.0,,,,,,,,GSW,1610612744.0,
Shot Chart Detail,22100252,91,0,Opponent,1610612761,Toronto Raptors,1,5,43,Missed Shot,Jump Shot,,Right Corner 3,Right Side(R),24+ ft.,23,229,34,1,0,20211121,GSW,TOR,2210025291,|1627783|1627832|1629004|1629018|203920,0,REG,,,2022,,,,,,,,,,GSW,1610612744.0,
Shot Chart Detail,22100252,97,0,Opponent,1610612761,Toronto Raptors,1,5,14,Missed Shot,Turnaround Hook Shot,,In The Paint (Non-RA),Center(C),Less Than 8 ft.,7,-11,73,1,0,20211121,GSW,TOR,2210025297,|1627783|1627832|1629004|1629018|203920,0,REG,,,2022,1627832,12.0,PG,Point of Attack,0.9,MISS Wiggins 7' Turnaround Hook Shot,,,,GSW,1610612744.0,
Shot Chart Detail,22100252,99,0,Opponent,1610612761,Toronto Raptors,1,5,8,Made Shot,Jump Shot,,Above the Break 3,Right Side Center(RC),24+ ft.,26,168,199,1,1,20211121,GSW,TOR,2210025299,|1627783|1627832|1629004|1629018|203920,1,REG,,,2022,1629004,15.0,SF,Chaser,-0.31,Chiozza 26' 3PT Jump Shot (3 PTS) (Looney 2 AST),,,,GSW,1610612744.0,1626172.0
Shot Chart Detail,22100252,102,0,Opponent,1610612761,Toronto Raptors,1,4,31,Made Shot,Running Layup Shot,,In The Paint (Non-RA),Center(C),Less Than 8 ft.,4,-45,2,1,1,20211121,GSW,TOR,22100252102,|1627783|1627832|1629004|1629018|203920,1,REG,,,2022,203920,15.0,C,Mobile Big,0.63,Green 5' Running Layup (2 PTS) (Curry 2 AST),,,,GSW,1610612744.0,201939.0
Shot Chart Detail,22100252,106,0,Opponent,1610612761,Toronto Raptors,1,3,58,Made Shot,Pullup Jump shot,,Above the Break 3,Left Side Center(LC),24+ ft.,27,-190,201,1,1,20211121,GSW,TOR,22100252106,|1627783|1627832|1629004|1629018|203920,0,REG,,,2022,203920,18.0,C,Mobile Big,0.63,Wiggins 28' 3PT Pullup Jump Shot (14 PTS),,,,GSW,1610612744.0,
Shot Chart Detail,22100252,131,0,Opponent,1610612761,Toronto Raptors,1,2,16,Missed Shot,Jump Shot,,Above the Break 3,Left Side Center(LC),24+ ft.,28,-212,196,1,0,20211121,GSW,TOR,22100252131,|1627783|1627832|1629004|1630173|1630625,0,REG,,,2022,1630173,18.0,C,Mobile Big,0.24,MISS Bjelica 29' 3PT Jump Shot,,,,GSW,1610612744.0,
Shot Chart Detail,22100252,150,0,Opponent,1610612761,Toronto Raptors,1,1,32,Made Shot,Step Back Jump shot,,Right Corner 3,Right Side(R),24+ ft.,22,224,16,1,1,20211121,GSW,TOR,22100252150,|1627783|1629004|1629018|1630173|1630625,0,REG,,,2022,1629018,17.0,SG,Chaser,0.19,Poole 3PT Step Back Jump Shot (8 PTS),,,,GSW,1610612744.0,
Shot Chart Detail,22100252,153,0,Opponent,1610612761,Toronto Raptors,1,1,10,Made Shot,Driving Floating Jump Shot,,In The Paint (Non-RA),Right Side(R),8-16 ft.,10,56,89,1,1,20211121,GSW,TOR,22100252153,|1627783|1629004|1629018|1630173|1630625,0,REG,,,2022,1629018,17.0,SG,Chaser,0.19,Poole 11' Driving Floating Jump Shot (10 PTS),,,,GSW,1610612744.0,
Shot Chart Detail,22100252,157,0,Opponent,1610612761,Toronto Raptors,1,0,51,Missed Shot,Driving Floating Jump Shot,,In The Paint (Non-RA),Center(C),8-16 ft.,9,7,90,1,0,20211121,GSW,TOR,22100252157,|1627783|1629004|1629018|1630173|1630625,0,REG,,,2022,1630173,14.0,C,Mobile Big,0.24,MISS Bjelica 9' Driving Floating Jump Shot,,,,GSW,1610612744.0,
Shot Chart Detail,22100252,160,0,Opponent,1610612761,Toronto Raptors,1,0,29,Missed Shot,Pullup Jump shot,,Above the Break 3,Right Side Center(RC),24+ ft.,26,129,233,1,0,20211121,GSW,TOR,22100252160,|1627783|1629004|1629018|1630173|1630625,0,REG,,,2022,1630173,12.0,C,Mobile Big,0.24,MISS Bjelica 27' 3PT Pullup Jump Shot,,,,GSW,1610612744.0,
Shot Chart Detail,22100252,164,0,Opponent,1610612761,Toronto Raptors,1,0,1,Missed Shot,Jump Shot,,Above the Break 3,Left Side Center(LC),24+ ft.,32,-188,267,1,0,20211121,GSW,TOR,22100252164,|1627783|1629004|1629018|1630173|1630625,0,REG,,,2022,1629018,12.0,SG,Chaser,0.19,MISS Poole 33' 3PT Jump Shot,,,,GSW,1610612744.0,
Shot Chart Detail,22100252,167,0,Opponent,1610612761,Toronto Raptors,1,1,51,Missed Shot,Running Layup Shot,,In The Paint (Non-RA),Center(C),Less Than 8 ft.,7,-5,70,1,0,20211121,GSW,TOR,22100252167,|1627783|1627832|1629004|1630173|1630625,0,REG,,,2022,1629004,16.0,SF,Chaser,-0.31,MISS Bjelica 7' Running Layup,,,,GSW,1610612744.0,
Shot Chart Detail,22100252,187,0,Opponent,1610612761,Toronto Raptors,2,11,16,Missed Shot,Jump Shot,,Above the Break 3,Left Side Center(LC),24+ ft.,25,-208,153,1,0,20211121,GSW,TOR,22100252187,|1627832|1628449|1629018|1630173|1630625,0,REG,,,2022,1629018,12.0,SG,Chaser,0.19,MISS Toscano-Anderson 26' 3PT Jump Shot,,,,GSW,1610612744.0,
Shot Chart Detail,22100252,195,0,Opponent,1610612761,Toronto Raptors,2,10,34,Made Shot,Driving Floating Jump Shot,,Mid-Range,Left Side(L),8-16 ft.,10,-99,27,1,1,20211121,GSW,TOR,22100252195,|1627832|1628449|1629018|1630173|1630625,0,REG,,,2022,1630173,11.0,C,Mobile Big,0.24,Lee 10' Driving Floating Jump Shot (2 PTS),,,,GSW,1610612744.0,
Shot Chart Detail,22100252,199,0,Opponent,1610612761,Toronto Raptors,2,10,0,Made Shot,Jump Shot,,Above the Break 3,Left Side Center(LC),24+ ft.,26,-142,227,1,1,20211121,GSW,TOR,22100252199,|1627832|1628449|1629018|1630173|1630625,1,REG,,,2022,1628449,12.0,SF,Helper,0.4,Porter Jr. 27' 3PT Jump Shot (3 PTS) (Curry 3 AST),,,,GSW,1610612744.0,201939.0
Shot Chart Detail,22100252,205,0,Opponent,1610612761,Toronto Raptors,2,9,29,Made Shot,Jump Shot,,Left Corner 3,Left Side(L),24+ ft.,23,-230,6,1,1,20211121,GSW,TOR,22100252205,|1627832|1628449|1629018|1630173|1630625,1,REG,,,2022,,,,,,,,,,GSW,1610612744.0,1629308.0
Shot Chart Detail,22100252,214,0,Opponent,1610612761,Toronto Raptors,2,8,49,Missed Shot,Jump Shot,,Left Corner 3,Left Side(L),24+ ft.,23,-233,15,1,0,20211121,GSW,TOR,22100252214,|1627832|1628449|1629018|1630173|1630625,0,REG,,,2022,1630625,13.0,PG,Chaser,0.27,MISS Porter Jr. 3PT Jump Shot,,,,GSW,1610612744.0,
Shot Chart Detail,22100252,240,0,Opponent,1610612761,Toronto Raptors,2,7,50,Made Shot,Pullup Jump shot,,Above the Break 3,Right Side Center(RC),24+ ft.,27,156,225,1,1,20211121,GSW,TOR,22100252240,|1629004|1629018|1630173|1630567|1630625,1,REG,,,2022,1629004,15.0,SF,Chaser,-0.31,Poole 27' 3PT Pullup Jump Shot (13 PTS) (Wiggins 1 AST),,,,GSW,1610612744.0,203952.0
Shot Chart Detail,22100252,244,0,Opponent,1610612761,Toronto Raptors,2,7,11,Made Shot,Layup Shot,,Restricted Area,Center(C),Less Than 8 ft.,2,26,5,1,1,20211121,GSW,TOR,22100252244,|1629004|1629018|1630173|1630567|1630625,1,REG,,,2022,1629018|1630567,17.0,,,,,,,,GSW,1610612744.0,203490.0
Shot Chart Detail,22100252,251,0,Opponent,1610612761,Toronto Raptors,2,6,5,Missed Shot,Driving Reverse Layup Shot,,Restricted Area,Center(C),Less Than 8 ft.,3,21,22,1,0,20211121,GSW,TOR,22100252251,|1629004|1629018|1630173|1630567|1630625,0,REG,,,2022,1630567,14.0,PF,Helper,0.63,MISS Toscano-Anderson 3' Driving Reverse Layup,,,,GSW,1610612744.0,
Shot Chart Detail,22100252,253,0,Opponent,1610612761,Toronto Raptors,2,6,2,Made Shot,Putback Dunk Shot,,Restricted Area,Center(C),Less Than 8 ft.,0,0,0,1,1,20211121,GSW,TOR,22100252253,|1629004|1629018|1630173|1630567|1630625,0,REG,,,2022,1630567,16.0,PF,Helper,0.63,Looney Putback Dunk (4 PTS),,,,GSW,1610612744.0,
Shot Chart Detail,22100252,269,0,Opponent,1610612761,Toronto Raptors,2,5,11,Missed Shot,Jump Shot,,Above the Break 3,Right Side Center(RC),24+ ft.,26,131,233,1,0,20211121,GSW,TOR,22100252269,|1627783|1627832|1629004|1630567|203920,0,REG,,,2022,1627783,15.0,PF,Helper,0.72,MISS Poole 27' 3PT Jump Shot,,,,GSW,1610612744.0,
Shot Chart Detail,22100252,273,0,Opponent,1610612761,Toronto Raptors,2,4,41,Missed Shot,Turnaround Fadeaway shot,,Mid-Range,Left Side(L),16-24 ft.,17,-152,80,1,0,20211121,GSW,TOR,22100252273,|1627783|1627832|1629004|1630567|203920,0,REG,,,2022,1629004,13.0,SF,Chaser,-0.31,MISS Wiggins 17' Turnaround Fadeaway Shot,,,,GSW,1610612744.0,
Shot Chart Detail,22100252,280,0,Opponent,1610612761,Toronto Raptors,2,4,13,Missed Shot,Turnaround Hook Shot,,In The Paint (Non-RA),Center(C),8-16 ft.,8,-43,78,1,0,20211121,GSW,TOR,22100252280,|1627783|1627832|1629004|1630567|203920,0,REG,,,2022,1627783,13.0,PF,Helper,0.72,MISS Wiggins 9' Turnaround Hook Shot,,,,GSW,1610612744.0,
Shot Chart Detail,22100252,284,0,Opponent,1610612761,Toronto Raptors,2,3,51,Missed Shot,Jump Shot,,Above the Break 3,Left Side Center(LC),24+ ft.,26,-212,155,1,0,20211121,GSW,TOR,22100252284,|1627783|1627832|1629004|1630567|203920,0,REG,,,2022,,,,,,,,,,GSW,1610612744.0,
Shot Chart Detail,22100252,298,0,Opponent,1610612761,Toronto Raptors,2,3,28,Made Shot,Jump Shot,,Left Corner 3,Left Side(L),24+ ft.,22,-227,12,1,1,20211121,GSW,TOR,22100252298,|1627783|1627832|1629018|1630567|203920,1,REG,,,2022,1627783,15.0,PF,Helper,0.72,Wiggins 3PT Jump Shot (17 PTS) (Green 2 AST),,,,GSW,1610612744.0,203110.0
Shot Chart Detail,22100252,304,0,Opponent,1610612761,Toronto Raptors,2,2,54,Missed Shot,Step Back Jump shot,,Mid-Range,Right Side(R),8-16 ft.,13,124,46,1,0,20211121,GSW,TOR,22100252304,|1627783|1627832|1629018|1630567|203920,0,REG,,,2022,1627783,15.0,PF,Helper,0.72,MISS Wiggins 13' Step Back Jump Shot,,,,GSW,1610612744.0,
Shot Chart Detail,22100252,308,0,Opponent,1610612761,Toronto Raptors,2,2,40,Missed Shot,Running Dunk Shot,,In The Paint (Non-RA),Center(C),Less Than 8 ft.,4,42,17,1,0,20211121,GSW,TOR,22100252308,|1627783|1627832|1629018|1630567|203920,0,REG,,,2022,1630567,15.0,PF,Helper,0.63,MISS Green 5' Running Dunk,,,,GSW,1610612744.0,
Shot Chart Detail,22100252,315,0,Opponent,1610612761,Toronto Raptors,2,2,8,Missed Shot,Step Back Jump shot,,Mid-Range,Left Side(L),16-24 ft.,16,-159,32,1,0,20211121,GSW,TOR,22100252315,|1627783|1627832|1629018|1630567|203920,0,REG,,,2022,1627783,15.0,PF,Helper,0.72,MISS Wiggins 16' Step Back Jump Shot,,,,GSW,1610612744.0,
Shot Chart Detail,22100252,319,0,Opponent,1610612761,Toronto Raptors,2,1,50,Missed Shot,Cutting Layup Shot,,In The Paint (Non-RA),Center(C),Less Than 8 ft.,4,-22,39,1,0,20211121,GSW,TOR,22100252319,|1627783|1627832|1629018|1630567|203920,0,REG,,,2022,1627832,15.0,PG,Point of Attack,0.9,MISS Curry 4' Cutting Layup Shot,,,,GSW,1610612744.0,
Shot Chart Detail,22100252,322,0,Opponent,1610612761,Toronto Raptors,2,1,43,Missed Shot,Putback Layup Shot,,Restricted Area,Center(C),Less Than 8 ft.,0,0,0,1,0,20211121,GSW,TOR,22100252322,|1627783|1627832|1629018|1630567|203920,0,REG,,,2022,203920,15.0,C,Mobile Big,0.63,MISS Looney Putback Layup,,,,GSW,1610612744.0,
Shot Chart Detail,22100252,324,0,Opponent,1610612761,Toronto Raptors,2,1,30,Made Shot,Driving Layup Shot,,In The Paint (Non-RA),Center(C),Less Than 8 ft.,5,-32,50,1,1,20211121,GSW,TOR,22100252324,|1627783|1627832|1629018|1630567|203920,1,REG,,,2022,1629018,17.0,SG,Chaser,0.19,Chiozza 6' Driving Layup (5 PTS) (Curry 4 AST),,,,GSW,1610612744.0,201939.0
Shot Chart Detail,22100252,327,0,Opponent,1610612761,Toronto Raptors,2,0,55,Made Shot,Jump Shot,,Above the Break 3,Left Side Center(LC),24+ ft.,26,-151,216,1,1,20211121,GSW,TOR,22100252327,|1627783|1627832|1629018|1630567|203920,1,REG,,,2022,1627783,17.0,PF,Helper,0.72,Chiozza 26' 3PT Jump Shot (8 PTS) (Looney 3 AST),,,,GSW,1610612744.0,1626172.0
Shot Chart Detail,22100252,330,0,Opponent,1610612761,Toronto Raptors,2,0,32,Missed Shot,Jump Shot,,Above the Break 3,Left Side Center(LC),24+ ft.,26,-206,169,1,0,20211121,GSW,TOR,22100252330,|1627783|1627832|1629018|1630567|203920,0,REG,,,2022,1629018,17.0,SG,Chaser,0.19,MISS Chiozza 27' 3PT Jump Shot,,,,GSW,1610612744.0,
Shot Chart Detail,22100252,336,0,Opponent,1610612761,Toronto Raptors,2,0,3,Missed Shot,Pullup Jump shot,,Above the Break 3,Left Side Center(LC),24+ ft.,28,-135,252,1,0,20211121,GSW,TOR,22100252336,|1627783|1627832|1629018|1630567|203920,0,REG,,,2022,1627832|1630567,14.0,,,,,,,,GSW,1610612744.0,
Shot Chart Detail,22100252,350,0,Opponent,1610612761,Toronto Raptors,3,10,52,Made Shot,Jump Shot,,Left Corner 3,Left Side(L),24+ ft.,24,-229,75,1,1,20211121,GSW,TOR,22100252350,|1627783|1627832|1629018|1630567|203920,1,REG,,,2022,1627783,14.0,PF,Helper,0.72,Wiggins 24' 3PT Jump Shot (20 PTS) (Curry 5 AST),,,,GSW,1610612744.0,201939.0
Shot Chart Detail,22100252,362,0,Opponent,1610612761,Toronto Raptors,3,9,56,Missed Shot,Cutting Layup Shot,,In The Paint (Non-RA),Center(C),Less Than 8 ft.,5,-34,48,1,0,20211121,GSW,TOR,22100252362,|1627783|1627832|1629018|1630567|203920,0,REG,,,2022,1627832|1630567,9.0,,,,,,,,GSW,1610612744.0,
Shot Chart Detail,22100252,366,0,Opponent,1610612761,Toronto Raptors,3,9,33,Made Shot,Jump Shot,,Left Corner 3,Left Side(L),24+ ft.,22,-227,22,1,1,20211121,GSW,TOR,22100252366,|1627783|1627832|1629018|1630567|203920,1,REG,,,2022,1630567,12.0,PF,Helper,0.63,Wiggins 3PT Jump Shot (23 PTS) (Poole 4 AST),,,,GSW,1610612744.0,1629673.0
Shot Chart Detail,22100252,372,0,Opponent,1610612761,Toronto Raptors,3,8,47,Missed Shot,Jump Shot,,Right Corner 3,Right Side(R),24+ ft.,24,238,34,1,0,20211121,GSW,TOR,22100252372,|1627783|1627832|1629018|1630567|203920,0,REG,,,2022,1630567,12.0,PF,Helper,0.63,MISS Wiggins 24' 3PT Jump Shot,,,,GSW,1610612744.0,
Shot Chart Detail,22100252,376,0,Opponent,1610612761,Toronto Raptors,3,8,38,Made Shot,Cutting Dunk Shot,,Restricted Area,Center(C),Less Than 8 ft.,2,-16,17,1,1,20211121,GSW,TOR,22100252376,|1627783|1627832|1629018|1630567|203920,1,REG,,,2022,,,,,,,,,,GSW,1610612744.0,201939.0
Shot Chart Detail,22100252,391,0,Opponent,1610612761,Toronto Raptors,3,7,37,Made Shot,Driving Finger Roll Layup Shot,,Restricted Area,Center(C),Less Than 8 ft.,2,-4,24,1,1,20211121,GSW,TOR,22100252391,|1627783|1627832|1629018|1630567|203920,0,REG,,,2022,1630567,15.0,PF,Helper,0.63,Poole 2' Driving Finger Roll Layup (18 PTS),,,,GSW,1610612744.0,
Shot Chart Detail,22100252,403,0,Opponent,1610612761,Toronto Raptors,3,6,25,Made Shot,Cutting Dunk Shot,,Restricted Area,Center(C),Less Than 8 ft.,2,26,6,1,1,20211121,GSW,TOR,22100252403,|1627783|1627832|1629018|1630567|203920,1,REG,,,2022,1627783,19.0,PF,Helper,0.72,Wiggins 3' Cutting Dunk Shot (25 PTS) (Green 3 AST),,,,GSW,1610612744.0,203110.0
Shot Chart Detail,22100252,407,0,Opponent,1610612761,Toronto Raptors,3,5,58,Missed Shot,Step Back Jump shot,,Mid-Range,Right Side(R),16-24 ft.,17,165,69,1,0,20211121,GSW,TOR,22100252407,|1627783|1627832|1629018|1630567|203920,0,REG,,,2022,203920,19.0,C,Mobile Big,0.63,MISS Wiggins 18' Step Back Jump Shot,,,,GSW,1610612744.0,
Shot Chart Detail,22100252,423,0,Opponent,1610612761,Toronto Raptors,3,4,54,Made Shot,Running Layup Shot,,In The Paint (Non-RA),Center(C),Less Than 8 ft.,4,23,35,1,1,20211121,GSW,TOR,22100252423,|1627783|1627832|1629018|1630567|203920,0,REG,,,2022,1629018,19.0,SG,Chaser,0.19,Chiozza 4' Running Layup (10 PTS),,,,GSW,1610612744.0,
Shot Chart Detail,22100252,435,0,Opponent,1610612761,Toronto Raptors,3,4,27,Made Shot,Jump Shot,,Above the Break 3,Right Side Center(RC),24+ ft.,25,208,142,1,1,20211121,GSW,TOR,22100252435,|1627783|1627832|1630567|1630625|203920,1,REG,,,2022,1630625,21.0,PG,Chaser,0.27,Poole 25' 3PT Jump Shot (21 PTS) (Looney 4 AST),,,,GSW,1610612744.0,1626172.0
Shot Chart Detail,22100252,448,0,Opponent,1610612761,Toronto Raptors,3,3,34,Missed Shot,Jump Shot,,Above the Break 3,Right Side Center(RC),24+ ft.,26,145,222,1,0,20211121,GSW,TOR,22100252448,|1627783|1627832|1630173|1630567|1630625,0,REG,,,2022,1630567,16.0,PF,Helper,0.63,MISS Green 27' 3PT Jump Shot,,,,GSW,1610612744.0,
Shot Chart Detail,22100252,451,0,Opponent,1610612761,Toronto Raptors,3,3,4,Made Shot,Jump Shot,,Above the Break 3,Right Side Center(RC),24+ ft.,29,114,273,1,1,20211121,GSW,TOR,22100252451,|1627783|1627832|1630173|1630567|1630625,1,REG,,,2022,,,,,,,,,,GSW,1610612744.0,203952.0
Shot Chart Detail,22100252,455,0,Opponent,1610612761,Toronto Raptors,3,2,31,Made Shot,Jump Shot,,Above the Break 3,Left Side Center(LC),24+ ft.,26,-218,143,1,1,20211121,GSW,TOR,22100252455,|1627783|1627832|1630173|1630567|1630625,1,REG,,,2022,1630173,20.0,C,Mobile Big,0.24,Poole 26' 3PT Jump Shot (27 PTS) (Green 4 AST),,,,GSW,1610612744.0,203110.0
Shot Chart Detail,22100252,475,0,Opponent,1610612761,Toronto Raptors,3,1,31,Missed Shot,Jump Shot,,Above the Break 3,Center(C),24+ ft.,25,-6,256,1,0,20211121,GSW,TOR,22100252475,|1627832|1628449|1629004|1630173|1630625,0,REG,,,2022,1630173,20.0,C,Mobile Big,0.24,MISS Chiozza 26' 3PT Jump Shot,,,,GSW,1610612744.0,
Shot Chart Detail,22100252,479,0,Opponent,1610612761,Toronto Raptors,3,1,8,Made Shot,Driving Layup Shot,,Restricted Area,Center(C),Less Than 8 ft.,3,18,24,1,1,20211121,GSW,TOR,22100252479,|1627832|1628449|1629004|1630173|1630625,0,REG,,,2022,1627832|1630173,19.0,,,,,,,,GSW,1610612744.0,
Shot Chart Detail,22100252,485,0,Opponent,1610612761,Toronto Raptors,3,0,44,Missed Shot,Jump Shot,,Right Corner 3,Right Side(R),24+ ft.,23,230,3,1,0,20211121,GSW,TOR,22100252485,|1627832|1628449|1629004|1630173|1630625,0,REG,,,2022,1630173,17.0,C,Mobile Big,0.24,MISS Kuminga 3PT Jump Shot,,,,GSW,1610612744.0,
Shot Chart Detail,22100252,488,0,Opponent,1610612761,Toronto Raptors,3,0,20,Missed Shot,Jump Shot,,Above the Break 3,Left Side Center(LC),24+ ft.,25,-169,194,1,0,20211121,GSW,TOR,22100252488,|1627832|1628449|1629004|1630173|1630625,0,REG,,,2022,1628449,15.0,SF,Helper,0.4,MISS Porter Jr. 26' 3PT Jump Shot,,,,GSW,1610612744.0,
Shot Chart Detail,22100252,516,0,Opponent,1610612761,Toronto Raptors,4,11,43,Made Shot,Jump Shot,,Right Corner 3,Right Side(R),24+ ft.,23,238,26,1,1,20211121,GSW,TOR,22100252516,|1628449|1629004|1630173|1630201|1630625,1,REG,,,2022,1630625,18.0,PG,Chaser,0.27,Porter Jr. 24' 3PT Jump Shot (9 PTS) (Toscano-Anderson 2 AST),,,,GSW,1610612744.0,1629308.0
Shot Chart Detail,22100252,519,0,Opponent,1610612761,Toronto Raptors,4,11,4,Missed Shot,Jump Shot,,Above the Break 3,Left Side Center(LC),24+ ft.,27,-135,237,1,0,20211121,GSW,TOR,22100252519,|1628449|1629004|1630173|1630201|1630625,0,REG,,,2022,1629004,15.0,SF,Chaser,-0.31,MISS Chiozza 27' 3PT Jump Shot,,,,GSW,1610612744.0,
Shot Chart Detail,22100252,528,0,Opponent,1610612761,Toronto Raptors,4,10,1,Missed Shot,Floating Jump shot,,In The Paint (Non-RA),Center(C),Less Than 8 ft.,6,17,59,1,0,20211121,GSW,TOR,22100252528,|1628449|1629004|1630173|1630201|1630625,0,REG,,,2022,1628449,13.0,SF,Helper,0.4,MISS Porter Jr. 6' Floating Jump Shot,,,,GSW,1610612744.0,
Shot Chart Detail,22100252,533,0,Opponent,1610612761,Toronto Raptors,4,9,22,Made Shot,Jump Shot,,Right Corner 3,Right Side(R),24+ ft.,23,235,9,1,1,20211121,GSW,TOR,22100252533,|1628449|1629004|1630173|1630201|1630625,1,REG,,,2022,1630173,16.0,C,Mobile Big,0.24,Porter Jr. 24' 3PT Jump Shot (12 PTS) (Chiozza 1 AST),,,,GSW,1610612744.0,1629185.0
Shot Chart Detail,22100252,537,0,Opponent,1610612761,Toronto Raptors,4,9,8,Made Shot,Running Dunk Shot,,Restricted Area,Center(C),Less Than 8 ft.,3,-7,30,1,1,20211121,GSW,TOR,22100252537,|1628449|1629004|1630173|1630201|1630625,1,REG,,,2022,,,,,,,,,,GSW,1610612744.0,201939.0
Shot Chart Detail,22100252,542,0,Opponent,1610612761,Toronto Raptors,4,8,49,Missed Shot,Driving Layup Shot,,In The Paint (Non-RA),Center(C),Less Than 8 ft.,4,40,11,1,0,20211121,GSW,TOR,22100252542,|1628449|1629004|1630173|1630201|1630625,0,REG,,,2022,1630625,18.0,PG,Chaser,0.27,MISS Chiozza 4' Driving Layup,,,,GSW,1610612744.0,
Shot Chart Detail,22100252,554,0,Opponent,1610612761,Toronto Raptors,4,8,13,Missed Shot,Running Layup Shot,,In The Paint (Non-RA),Center(C),Less Than 8 ft.,6,36,48,1,0,20211121,GSW,TOR,22100252554,|1627832|1628449|1629004|1630173|1630201,0,REG,,,2022,1630173,16.0,C,Mobile Big,0.24,MISS Porter Jr. 6' Running Layup,,,,GSW,1610612744.0,
Shot Chart Detail,22100252,576,0,Opponent,1610612761,Toronto Raptors,4,7,25,Missed Shot,Jump Shot,,Left Corner 3,Left Side(L),24+ ft.,22,-227,6,1,0,20211121,GSW,TOR,22100252576,|1627783|1627832|1628449|1629004|1630173,0,REG,,,2022,1627783,13.0,PF,Helper,0.72,MISS Wiggins 3PT Jump Shot,,,,GSW,1610612744.0,
Shot Chart Detail,22100252,580,0,Opponent,1610612761,Toronto Raptors,4,6,55,Made Shot,Jump Shot,,Above the Break 3,Left Side Center(LC),24+ ft.,26,-195,176,1,1,20211121,GSW,TOR,22100252580,|1627783|1627832|1628449|1629004|1630173,1,REG,,,2022,1629004,13.0,SF,Chaser,-0.31,Poole 26' 3PT Jump Shot (30 PTS) (Green 5 AST),,,,GSW,1610612744.0,203110.0
Shot Chart Detail,22100252,584,0,Opponent,1610612761,Toronto Raptors,4,6,14,Missed Shot,Pullup Jump shot,,Above the Break 3,Left Side Center(LC),24+ ft.,28,-185,213,1,0,20211121,GSW,TOR,22100252584,|1627783|1627832|1628449|1629004|1630173,0,REG,,,2022,1627832|1629004,13.0,,,,,,,,GSW,1610612744.0,
Shot Chart Detail,22100252,591,0,Opponent,1610612761,Toronto Raptors,4,5,51,Made Shot,Jump Shot,,Above the Break 3,Left Side Center(LC),24+ ft.,24,-185,155,1,1,20211121,GSW,TOR,22100252591,|1627783|1627832|1628449|1629004|1630173,1,REG,,,2022,1627783,16.0,PF,Helper,0.72,Porter Jr. 24' 3PT Jump Shot (15 PTS) (Wiggins 3 AST),,,,GSW,1610612744.0,203952.0
Shot Chart Detail,22100252,601,0,Opponent,1610612761,Toronto Raptors,4,5,21,Made Shot,Running Finger Roll Layup Shot,,Restricted Area,Center(C),Less Than 8 ft.,2,25,14,1,1,20211121,GSW,TOR,22100252601,|1627783|1627832|1629018|1630173|1630567,1,REG,,,2022,1630173,18.0,C,Mobile Big,0.24,Wiggins 3' Running Finger Roll Layup (27 PTS) (Green 6 AST),,,,GSW,1610612744.0,203110.0
Shot Chart Detail,22100252,608,0,Opponent,1610612761,Toronto Raptors,4,4,54,Made Shot,Driving Layup Shot,,Restricted Area,Center(C),Less Than 8 ft.,2,-15,25,1,1,20211121,GSW,TOR,22100252608,|1627783|1627832|1629018|1630173|1630567,1,REG,,,2022,1630567,21.0,PF,Helper,0.63,Wiggins 3' Driving Layup (30 PTS) (Green 7 AST),,,,GSW,1610612744.0,203110.0
Shot Chart Detail,22100252,619,0,Opponent,1610612761,Toronto Raptors,4,4,18,Made Shot,Layup Shot,,In The Paint (Non-RA),Center(C),Less Than 8 ft.,4,43,25,1,1,20211121,GSW,TOR,22100252619,|1627783|1627832|1629018|1630173|1630567,1,REG,,,2022,1627783,20.0,PF,Helper,0.72,Wiggins 5' Layup (32 PTS) (Curry 8 AST),,,,GSW,1610612744.0,201939.0
Shot Chart Detail,22100252,631,0,Opponent,1610612761,Toronto Raptors,4,3,41,Missed Shot,Jump Shot,,Above the Break 3,Left Side Center(LC),24+ ft.,26,-176,192,1,0,20211121,GSW,TOR,22100252631,|1627783|1627832|1630173|1630201|1630567,0,REG,,,2022,1627783,20.0,PF,Helper,0.72,MISS Curry 26' 3PT Jump Shot,,,,GSW,1610612744.0,
Shot Chart Detail,22100252,650,0,Opponent,1610612761,Toronto Raptors,4,2,7,Missed Shot,Jump Shot,,Left Corner 3,Left Side(L),24+ ft.,23,-232,48,1,0,20211121,GSW,TOR,22100252650,|1627783|1627832|1630173|1630201|1630567,0,REG,,,2022,1630173,16.0,C,Mobile Big,0.24,MISS Porter Jr. 24' 3PT Jump Shot,,,,GSW,1610612744.0,
Shot Chart Detail,22100252,657,0,Opponent,1610612761,Toronto Raptors,4,1,41,Made Shot,Jump Shot,,Above the Break 3,Right Side Center(RC),24+ ft.,27,172,213,1,1,20211121,GSW,TOR,22100252657,|1627783|1627832|1630173|1630201|1630567,1,REG,,,2022,1627783,18.0,PF,Helper,0.72,Poole 27' 3PT Jump Shot (33 PTS) (Green 8 AST),,,,GSW,1610612744.0,203110.0
Shot Chart Detail,22100252,674,0,Opponent,1610612761,Toronto Raptors,4,1,12,Missed Shot,Jump Shot,,Above the Break 3,Left Side Center(LC),24+ ft.,25,-184,182,1,0,20211121,GSW,TOR,22100252674,|1628449|1630173|1630201|1630567|1630625,0,REG,,,2022,1630173,17.0,C,Mobile Big,0.24,MISS Porter Jr. 26' 3PT Jump Shot,,,,GSW,1610612744.0,
Shot Chart Detail,22100272,7,0,Opponent,1610612761,Toronto Raptors,1,11,45,Made Shot,Driving Dunk Shot,,Restricted Area,Center(C),Less Than 8 ft.,1,-2,14,1,1,20211124,MEM,TOR,221002727,|1627783|1627832|1629018|1630173|1630567,0,REG,,,2022,1627783,2.0,PF,Helper,0.72,Jackson Jr. 1' Driving Dunk (2 PTS),,,,MEM,1610612763.0,
Shot Chart Detail,22100272,12,0,Opponent,1610612761,Toronto Raptors,1,11,0,Missed Shot,Pullup Jump shot,,Mid-Range,Right Side Center(RC),16-24 ft.,21,113,182,1,0,20211124,MEM,TOR,2210027212,|1627783|1627832|1629018|1630173|1630567,0,REG,,,2022,1630567,2.0,PF,Helper,0.63,MISS Brooks 21' Pullup Jump Shot,,,,MEM,1610612763.0,
Shot Chart Detail,22100272,14,0,Opponent,1610612761,Toronto Raptors,1,10,50,Missed Shot,Turnaround Fadeaway shot,,In The Paint (Non-RA),Center(C),8-16 ft.,10,50,93,1,0,20211124,MEM,TOR,2210027214,|1627783|1627832|1629018|1630173|1630567,0,REG,,,2022,1627783,2.0,PF,Helper,0.72,MISS Morant 11' Turnaround Fadeaway Shot,,,,MEM,1610612763.0,
Shot Chart Detail,22100272,23,0,Opponent,1610612761,Toronto Raptors,1,10,5,Missed Shot,Driving Layup Shot,,In The Paint (Non-RA),Center(C),Less Than 8 ft.,4,1,41,1,0,20211124,MEM,TOR,2210027223,|1627783|1627832|1629018|1630173|1630567,0,REG,,,2022,1627832,-2.0,PG,Point of Attack,0.9,MISS Morant 4' Driving Layup,,,,MEM,1610612763.0,
Shot Chart Detail,22100272,30,0,Opponent,1610612761,Toronto Raptors,1,9,39,Made Shot,Driving Reverse Layup Shot,,Restricted Area,Center(C),Less Than 8 ft.,1,-12,4,1,1,20211124,MEM,TOR,2210027230,|1627783|1627832|1629018|1630173|1630567,1,REG,,,2022,1627832,-2.0,PG,Point of Attack,0.9,Morant 1' Driving Reverse Layup (2 PTS) (Brooks 1 AST),,,,MEM,1610612763.0,1628415.0
Shot Chart Detail,22100272,33,0,Opponent,1610612761,Toronto Raptors,1,9,21,Missed Shot,Jump Shot,,Above the Break 3,Left Side Center(LC),24+ ft.,25,-119,225,1,0,20211124,MEM,TOR,2210027233,|1627783|1627832|1629018|1630173|1630567,0,REG,,,2022,1627783,-4.0,PF,Helper,0.72,MISS Brooks 25' 3PT Jump Shot,,,,MEM,1610612763.0,
Shot Chart Detail,22100272,46,0,Opponent,1610612761,Toronto Raptors,1,8,25,Made Shot,Cutting Dunk Shot,,Restricted Area,Center(C),Less Than 8 ft.,0,7,3,1,1,20211124,MEM,TOR,2210027246,|1627783|1627832|1629018|1630173|1630567,1,REG,,,2022,1630567,-2.0,PF,Helper,0.63,Brooks 1' Cutting Dunk Shot (4 PTS) (Adams 1 AST),,,,MEM,1610612763.0,203500.0
Shot Chart Detail,22100272,50,0,Opponent,1610612761,Toronto Raptors,1,8,1,Made Shot,Jump Shot,,Above the Break 3,Left Side Center(LC),24+ ft.,24,-110,224,1,1,20211124,MEM,TOR,2210027250,|1627783|1627832|1629018|1630173|1630567,1,REG,,,2022,1627832,1.0,PG,Point of Attack,0.9,Bane 25' 3PT Jump Shot (3 PTS) (Morant 1 AST),,,,MEM,1610612763.0,1629630.0
Shot Chart Detail,22100272,56,0,Opponent,1610612761,Toronto Raptors,1,7,39,Made Shot,Floating Jump shot,,In The Paint (Non-RA),Center(C),Less Than 8 ft.,6,11,67,1,1,20211124,MEM,TOR,2210027256,|1627783|1627832|1629018|1630173|1630567,0,REG,,,2022,1627832,1.0,PG,Point of Attack,0.9,Morant 7' Floating Jump Shot (4 PTS),,,,MEM,1610612763.0,
Shot Chart Detail,22100272,59,0,Opponent,1610612761,Toronto Raptors,1,7,11,Made Shot,Driving Finger Roll Layup Shot,,Restricted Area,Center(C),Less Than 8 ft.,3,-10,36,1,1,20211124,MEM,TOR,2210027259,|1627783|1627832|1629018|1630173|1630567,1,REG,,,2022,1627832|1627783,3.0,,,,,,,,MEM,1610612763.0,1628415.0
Shot Chart Detail,22100272,79,0,Opponent,1610612761,Toronto Raptors,1,6,0,Missed Shot,Driving Floating Jump Shot,,In The Paint (Non-RA),Center(C),8-16 ft.,13,-53,124,1,0,20211124,MEM,TOR,2210027279,|1627783|1627832|1628449|1629018|1630625,0,REG,,,2022,1628449,2.0,SF,Helper,0.4,MISS Morant 13' Driving Floating Jump Shot,,,,MEM,1610612763.0,
Shot Chart Detail,22100272,81,0,Opponent,1610612761,Toronto Raptors,1,5,56,Made Shot,Tip Layup Shot,,Restricted Area,Center(C),Less Than 8 ft.,0,0,0,1,1,20211124,MEM,TOR,2210027281,|1627783|1627832|1628449|1629018|1630625,0,REG,,,2022,1630625|1627832|1629018,4.0,,,,,,,,MEM,1610612763.0,
Shot Chart Detail,22100272,88,0,Opponent,1610612761,Toronto Raptors,1,5,5,Made Shot,Driving Dunk Shot,,Restricted Area,Center(C),Less Than 8 ft.,0,5,5,1,1,20211124,MEM,TOR,2210027288,|1627783|1627832|1628449|1629018|1630625,0,REG,,,2022,1628449,6.0,SF,Helper,0.4,Morant 1' Driving Dunk (6 PTS),,,,MEM,1610612763.0,
Shot Chart Detail,22100272,91,0,Opponent,1610612761,Toronto Raptors,1,4,39,Made Shot,Driving Reverse Layup Shot,,Restricted Area,Center(C),Less Than 8 ft.,1,7,8,1,1,20211124,MEM,TOR,2210027291,|1627783|1627832|1628449|1629018|1630625,1,REG,,,2022,1627783,8.0,PF,Helper,0.72,Bane 1' Driving Reverse Layup (5 PTS) (Adams 2 AST),,,,MEM,1610612763.0,203500.0
Shot Chart Detail,22100272,95,0,Opponent,1610612761,Toronto Raptors,1,4,8,Made Shot,Jump Shot,,Above the Break 3,Left Side Center(LC),24+ ft.,24,-165,182,1,1,20211124,MEM,TOR,2210027295,|1627783|1627832|1628449|1629018|1630625,1,REG,,,2022,1627783,11.0,PF,Helper,0.72,Bane 25' 3PT Jump Shot (8 PTS) (Morant 2 AST),,,,MEM,1610612763.0,1629630.0
Shot Chart Detail,22100272,101,0,Opponent,1610612761,Toronto Raptors,1,3,26,Made Shot,Driving Finger Roll Layup Shot,,Restricted Area,Center(C),Less Than 8 ft.,1,-13,6,1,1,20211124,MEM,TOR,22100272101,|1627832|1628449|1629018|1630567|1630625,1,REG,,,2022,1628449,11.0,SF,Helper,0.4,Bane 1' Driving Finger Roll Layup (10 PTS) (Morant 3 AST),,,,MEM,1610612763.0,1629630.0
Shot Chart Detail,22100272,105,0,Opponent,1610612761,Toronto Raptors,1,2,53,Missed Shot,Driving Floating Jump Shot,,In The Paint (Non-RA),Center(C),Less Than 8 ft.,7,6,77,1,0,20211124,MEM,TOR,22100272105,|1627832|1628449|1629018|1630567|1630625,0,REG,,,2022,1630625|1628449,11.0,,,,,,,,MEM,1610612763.0,
Shot Chart Detail,22100272,107,0,Opponent,1610612761,Toronto Raptors,1,2,49,Missed Shot,Putback Dunk Shot,,Restricted Area,Center(C),Less Than 8 ft.,1,2,10,1,0,20211124,MEM,TOR,22100272107,|1627832|1628449|1629018|1630567|1630625,0,REG,,,2022,1630567,11.0,PF,Helper,0.63,MISS Adams 1' Putback Dunk,,,,MEM,1610612763.0,
Shot Chart Detail,22100272,124,0,Opponent,1610612761,Toronto Raptors,1,1,55,Missed Shot,Jump Shot,,Above the Break 3,Left Side Center(LC),24+ ft.,24,-130,204,1,0,20211124,MEM,TOR,22100272124,|1627832|1628449|1629004|1630567|1630625,0,REG,,,2022,1630625,9.0,PG,Chaser,0.27,MISS Williams 24' 3PT Jump Shot,,,,MEM,1610612763.0,
Shot Chart Detail,22100272,126,0,Opponent,1610612761,Toronto Raptors,1,1,47,Made Shot,Driving Reverse Layup Shot,,Restricted Area,Center(C),Less Than 8 ft.,0,5,8,1,1,20211124,MEM,TOR,22100272126,|1627832|1628449|1629004|1630567|1630625,1,REG,,,2022,1630625|1628449,11.0,,,,,,,,MEM,1610612763.0,203937.0
Shot Chart Detail,22100272,130,0,Opponent,1610612761,Toronto Raptors,1,1,8,Missed Shot,Jump Shot,,Above the Break 3,Right Side Center(RC),24+ ft.,26,105,240,1,0,20211124,MEM,TOR,22100272130,|1627832|1628449|1629004|1630567|1630625,0,REG,,,2022,1630567,11.0,PF,Helper,0.63,MISS Jones 26' 3PT Jump Shot,,,,MEM,1610612763.0,
Shot Chart Detail,22100272,141,0,Opponent,1610612761,Toronto Raptors,1,0,55,Missed Shot,Jump Shot,,Above the Break 3,Right Side Center(RC),24+ ft.,27,99,252,1,0,20211124,MEM,TOR,22100272141,|1627783|1628449|1629004|1630201|1630567,0,REG,,,2022,1627783,8.0,PF,Helper,0.72,MISS Jones 27' 3PT Jump Shot,,,,MEM,1610612763.0,
Shot Chart Detail,22100272,143,0,Opponent,1610612761,Toronto Raptors,1,0,40,Missed Shot,Alley Oop Layup shot,,Restricted Area,Center(C),Less Than 8 ft.,2,7,22,1,0,20211124,MEM,TOR,22100272143,|1627783|1628449|1629004|1630201|1630567,0,REG,,,2022,1628449,8.0,SF,Helper,0.4,MISS Clarke 2' Alley Oop Layup,,,,MEM,1610612763.0,
Shot Chart Detail,22100272,149,0,Opponent,1610612761,Toronto Raptors,1,0,2,Made Shot,Turnaround Fadeaway Bank Jump Shot,,In The Paint (Non-RA),Right Side(R),8-16 ft.,9,58,69,1,1,20211124,MEM,TOR,22100272149,|1627783|1628449|1629004|1630201|1630567,1,REG,,,2022,1628449,10.0,SF,Helper,0.4,Clarke 9' Turnaround Fadeaway Bank Jump Shot (4 PTS) (Brooks 3 AST),,,,MEM,1610612763.0,1628415.0
Shot Chart Detail,22100272,167,0,Opponent,1610612761,Toronto Raptors,2,10,48,Made Shot,Driving Floating Jump Shot,,In The Paint (Non-RA),Center(C),Less Than 8 ft.,6,-16,64,1,1,20211124,MEM,TOR,22100272167,|1627783|1629004|1630201|1630567|1630625,0,REG,,,2022,1627783,7.0,PF,Helper,0.72,Jackson Jr. 7' Driving Floating Jump Shot (8 PTS),,,,MEM,1610612763.0,
Shot Chart Detail,22100272,170,0,Opponent,1610612761,Toronto Raptors,2,10,16,Made Shot,Driving Finger Roll Layup Shot,,Restricted Area,Center(C),Less Than 8 ft.,1,11,9,1,1,20211124,MEM,TOR,22100272170,|1627783|1629004|1630201|1630567|1630625,1,REG,,,2022,1630625|1630567,6.0,,,,,,,,MEM,1610612763.0,1626145.0
Shot Chart Detail,22100272,184,0,Opponent,1610612761,Toronto Raptors,2,9,30,Made Shot,Pullup Jump shot,,In The Paint (Non-RA),Center(C),Less Than 8 ft.,7,6,74,1,1,20211124,MEM,TOR,22100272184,|1627783|1629004|1629139|1630201|1630567,1,REG,,,2022,1630201,9.0,PG,Point of Attack,-0.52,Clarke 7' Pullup Jump Shot (8 PTS) (Jones 2 AST),,,,MEM,1610612763.0,1626145.0
Shot Chart Detail,22100272,188,0,Opponent,1610612761,Toronto Raptors,2,8,58,Made Shot,Turnaround Hook Shot,,In The Paint (Non-RA),Center(C),8-16 ft.,8,37,72,1,1,20211124,MEM,TOR,22100272188,|1627783|1629004|1629139|1630201|1630567,0,REG,,,2022,1627783|1629004,9.0,,,,,,,,MEM,1610612763.0,
Shot Chart Detail,22100272,192,0,Opponent,1610612761,Toronto Raptors,2,8,29,Missed Shot,Driving Finger Roll Layup Shot,,In The Paint (Non-RA),Center(C),Less Than 8 ft.,7,6,77,1,0,20211124,MEM,TOR,22100272192,|1627783|1629004|1629139|1630201|1630567,0,REG,,,2022,1630201,9.0,PG,Point of Attack,-0.52,MISS Jones 8' Driving Finger Roll Layup,,,,MEM,1610612763.0,
Shot Chart Detail,22100272,208,0,Opponent,1610612761,Toronto Raptors,2,7,58,Missed Shot,Jump Shot,,Above the Break 3,Left Side Center(LC),24+ ft.,25,-135,219,1,0,20211124,MEM,TOR,22100272208,|1627783|1629004|1629139|1630201|1630567,0,REG,,,2022,1629139,8.0,SF,Helper,0.1,MISS Jackson Jr. 26' 3PT Jump Shot,,,,MEM,1610612763.0,
Shot Chart Detail,22100272,210,0,Opponent,1610612761,Toronto Raptors,2,7,53,Made Shot,Tip Dunk Shot,,Restricted Area,Center(C),Less Than 8 ft.,0,0,0,1,1,20211124,MEM,TOR,22100272210,|1627783|1629004|1629139|1630201|1630567,0,REG,,,2022,1629004,10.0,SF,Chaser,-0.31,Konchar Tip Dunk Shot (2 PTS),,,,MEM,1610612763.0,
Shot Chart Detail,22100272,216,0,Opponent,1610612761,Toronto Raptors,2,7,32,Made Shot,Floating Jump shot,,In The Paint (Non-RA),Center(C),8-16 ft.,8,-1,88,1,1,20211124,MEM,TOR,22100272216,|1627783|1629004|1629139|1630201|1630567,1,REG,,,2022,1629004,10.0,SF,Chaser,-0.31,Clarke 9' Floating Jump Shot (10 PTS) (Jones 3 AST),,,,MEM,1610612763.0,1626145.0
Shot Chart Detail,22100272,227,0,Opponent,1610612761,Toronto Raptors,2,7,8,Made Shot,Jump Shot,,Above the Break 3,Right Side Center(RC),24+ ft.,26,99,242,1,1,20211124,MEM,TOR,22100272227,|1627783|1627832|1629018|1629139|1630567,1,REG,,,2022,1629139,14.0,SF,Helper,0.1,Jackson Jr. 26' 3PT Jump Shot (13 PTS) (Jones 4 AST),,,,MEM,1610612763.0,1626145.0
Shot Chart Detail,22100272,238,0,Opponent,1610612761,Toronto Raptors,2,6,20,Missed Shot,Jump Shot,,Above the Break 3,Left Side Center(LC),24+ ft.,25,-143,206,1,0,20211124,MEM,TOR,22100272238,|1627832|1629018|1629139|1630173|1630567,0,REG,,,2022,1629018|1630567,12.0,,,,,,,,MEM,1610612763.0,
Shot Chart Detail,22100272,268,0,Opponent,1610612761,Toronto Raptors,2,5,4,Made Shot,Running Dunk Shot,,Restricted Area,Center(C),Less Than 8 ft.,0,-4,1,1,1,20211124,MEM,TOR,22100272268,|1627832|1629004|1629018|1629139|1630173,1,REG,,,2022,1629004,10.0,SF,Chaser,-0.31,Anderson Running Dunk (2 PTS) (Morant 4 AST),,,,MEM,1610612763.0,1629630.0
Shot Chart Detail,22100272,291,0,Opponent,1610612761,Toronto Raptors,2,3,19,Missed Shot,Cutting Layup Shot,,Restricted Area,Center(C),Less Than 8 ft.,1,9,13,1,0,20211124,MEM,TOR,22100272291,|1627783|1627832|1629004|1629018|1630567,0,REG,,,2022,1630567,4.0,PF,Helper,0.63,MISS Adams 2' Cutting Layup Shot,,,,MEM,1610612763.0,
Shot Chart Detail,22100272,293,0,Opponent,1610612761,Toronto Raptors,2,3,16,Made Shot,Tip Layup Shot,,Restricted Area,Center(C),Less Than 8 ft.,0,0,0,1,1,20211124,MEM,TOR,22100272293,|1627783|1627832|1629004|1629018|1630567,0,REG,,,2022,1627783,6.0,PF,Helper,0.72,Anderson Tip Layup Shot (4 PTS),,,,MEM,1610612763.0,
Shot Chart Detail,22100272,305,0,Opponent,1610612761,Toronto Raptors,2,2,55,Made Shot,Floating Jump shot,,In The Paint (Non-RA),Center(C),Less Than 8 ft.,7,5,75,1,1,20211124,MEM,TOR,22100272305,|1627783|1627832|1629004|1629018|1630567,1,REG,,,2022,1627783|1630567,10.0,,,,,,,,MEM,1610612763.0,1629630.0
Shot Chart Detail,22100272,310,0,Opponent,1610612761,Toronto Raptors,2,2,14,Made Shot,Driving Finger Roll Layup Shot,,Restricted Area,Center(C),Less Than 8 ft.,0,-2,3,1,1,20211124,MEM,TOR,22100272310,|1627783|1627832|1629004|1629018|1630567,0,REG,,,2022,1630567|1629004,10.0,,,,,,,,MEM,1610612763.0,
Shot Chart Detail,22100272,312,0,Opponent,1610612761,Toronto Raptors,2,1,41,Missed Shot,Jump Shot,,Left Corner 3,Left Side(L),24+ ft.,24,-229,84,1,0,20211124,MEM,TOR,22100272312,|1627783|1627832|1629004|1629018|1630567,0,REG,,,2022,1629004,8.0,SF,Chaser,-0.31,MISS Williams 24' 3PT Jump Shot,,,,MEM,1610612763.0,
Shot Chart Detail,22100272,326,0,Opponent,1610612761,Toronto Raptors,2,0,57,Made Shot,Jump Shot,,Right Corner 3,Right Side(R),24+ ft.,24,235,83,1,1,20211124,MEM,TOR,22100272326,|1627783|1627832|1629004|1629018|1630567,1,REG,,,2022,1630567,13.0,PF,Helper,0.63,Bane 25' 3PT Jump Shot (13 PTS) (Williams 1 AST),,,,MEM,1610612763.0,1630533.0
Shot Chart Detail,22100272,338,0,Opponent,1610612761,Toronto Raptors,2,0,30,Made Shot,Jump Shot,,Above the Break 3,Center(C),24+ ft.,24,-16,247,1,1,20211124,MEM,TOR,22100272338,|1627832|1629018|1629139|1630567|1630625,1,REG,,,2022,1630567,14.0,PF,Helper,0.63,Anderson 25' 3PT Jump Shot (7 PTS) (Morant 6 AST),,,,MEM,1610612763.0,1629630.0
Shot Chart Detail,22100272,341,0,Opponent,1610612761,Toronto Raptors,2,0,0,Missed Shot,Jump Shot,,Right Corner 3,Right Side(R),24+ ft.,22,227,-13,1,0,20211124,MEM,TOR,22100272341,|1627832|1629018|1629139|1630567|1630625,0,REG,,,2022,,,,,,,,,,MEM,1610612763.0,
Shot Chart Detail,22100272,357,0,Opponent,1610612761,Toronto Raptors,3,11,32,Missed Shot,Pullup Jump shot,,Above the Break 3,Center(C),24+ ft.,25,13,259,1,0,20211124,MEM,TOR,22100272357,|1627783|1627832|1629018|1630173|1630567,0,REG,,,2022,1630173,10.0,C,Mobile Big,0.24,MISS Brooks 26' 3PT Pullup Jump Shot,,,,MEM,1610612763.0,
Shot Chart Detail,22100272,363,0,Opponent,1610612761,Toronto Raptors,3,10,49,Missed Shot,Pullup Jump shot,,Mid-Range,Center(C),8-16 ft.,15,4,152,1,0,20211124,MEM,TOR,22100272363,|1627783|1627832|1629018|1630173|1630567,0,REG,,,2022,1627832|1629018,10.0,,,,,,,,MEM,1610612763.0,
Shot Chart Detail,22100272,366,0,Opponent,1610612761,Toronto Raptors,3,10,17,Missed Shot,Jump Shot,,Left Corner 3,Left Side(L),24+ ft.,22,-229,4,1,0,20211124,MEM,TOR,22100272366,|1627783|1627832|1629018|1630173|1630567,0,REG,,,2022,1630567,8.0,PF,Helper,0.63,MISS Jackson Jr. 3PT Jump Shot,,,,MEM,1610612763.0,
Shot Chart Detail,22100272,377,0,Opponent,1610612761,Toronto Raptors,3,9,38,Made Shot,Driving Finger Roll Layup Shot,,Restricted Area,Center(C),Less Than 8 ft.,2,-20,6,1,1,20211124,MEM,TOR,22100272377,|1627783|1627832|1629018|1630173|1630567,0,REG,,,2022,1627832,7.0,PG,Point of Attack,0.9,Brooks 2' Driving Finger Roll Layup (9 PTS),,,,MEM,1610612763.0,
Shot Chart Detail,22100272,396,0,Opponent,1610612761,Toronto Raptors,3,8,19,Made Shot,Driving Finger Roll Layup Shot,,Restricted Area,Center(C),Less Than 8 ft.,0,-2,8,1,1,20211124,MEM,TOR,22100272396,|1627783|1627832|1629018|1630173|1630567,0,REG,,,2022,1630173,7.0,C,Mobile Big,0.24,Brooks 1' Driving Finger Roll Layup (12 PTS),,,,MEM,1610612763.0,
Shot Chart Detail,22100272,398,0,Opponent,1610612761,Toronto Raptors,3,7,47,Missed Shot,Jump Shot,,Right Corner 3,Right Side(R),24+ ft.,23,228,37,1,0,20211124,MEM,TOR,22100272398,|1627783|1627832|1629018|1630173|1630567,0,REG,,,2022,,,,,,,,,,MEM,1610612763.0,
Shot Chart Detail,22100272,402,0,Opponent,1610612761,Toronto Raptors,3,7,10,Missed Shot,Jump Shot,,Above the Break 3,Left Side Center(LC),24+ ft.,27,-153,226,1,0,20211124,MEM,TOR,22100272402,|1627783|1627832|1629018|1630173|1630567,0,REG,,,2022,1630567,2.0,PF,Helper,0.63,MISS Bane 27' 3PT Jump Shot,,,,MEM,1610612763.0,
Shot Chart Detail,22100272,406,0,Opponent,1610612761,Toronto Raptors,3,6,42,Made Shot,Jump Shot,,Right Corner 3,Right Side(R),24+ ft.,23,232,-8,1,1,20211124,MEM,TOR,22100272406,|1627783|1627832|1629018|1630173|1630567,1,REG,,,2022,1627783,3.0,PF,Helper,0.72,Bane 3PT Jump Shot (16 PTS) (Anderson 2 AST),,,,MEM,1610612763.0,203937.0
Shot Chart Detail,22100272,413,0,Opponent,1610612761,Toronto Raptors,3,6,1,Made Shot,Driving Floating Jump Shot,,In The Paint (Non-RA),Center(C),Less Than 8 ft.,7,-1,74,1,1,20211124,MEM,TOR,22100272413,|1627783|1627832|1629018|1630173|1630567,0,REG,,,2022,1627832|1630567,5.0,,,,,,,,MEM,1610612763.0,
Shot Chart Detail,22100272,416,0,Opponent,1610612761,Toronto Raptors,3,5,22,Made Shot,Fadeaway Jump Shot,,In The Paint (Non-RA),Center(C),8-16 ft.,13,-1,131,1,1,20211124,MEM,TOR,22100272416,|1627783|1627832|1629018|1630173|1630567,0,REG,,,2022,1630567,4.0,PF,Helper,0.63,Morant 13' Fadeaway Jumper (18 PTS),,,,MEM,1610612763.0,
Shot Chart Detail,22100272,429,0,Opponent,1610612761,Toronto Raptors,3,4,6,Missed Shot,Jump Shot,,Left Corner 3,Left Side(L),24+ ft.,22,-228,28,1,0,20211124,MEM,TOR,22100272429,|1627783|1627832|1629018|1630173|1630625,0,REG,,,2022,1627783,0.0,PF,Helper,0.72,MISS Anderson 3PT Jump Shot,,,,MEM,1610612763.0,
Shot Chart Detail,22100272,433,0,Opponent,1610612761,Toronto Raptors,3,3,44,Made Shot,Driving Floating Jump Shot,,In The Paint (Non-RA),Center(C),Less Than 8 ft.,6,-9,69,1,1,20211124,MEM,TOR,22100272433,|1627783|1627832|1629018|1630173|1630625,1,REG,,,2022,1629018,2.0,SG,Chaser,0.19,Anderson 7' Driving Floating Jump Shot (9 PTS) (Morant 7 AST),,,,MEM,1610612763.0,1629630.0
Shot Chart Detail,22100272,439,0,Opponent,1610612761,Toronto Raptors,3,3,28,Made Shot,Driving Finger Roll Layup Shot,,Restricted Area,Center(C),Less Than 8 ft.,1,15,7,1,1,20211124,MEM,TOR,22100272439,|1627832|1629018|1629139|1630173|1630625,0,REG,,,2022,1630625,4.0,PG,Chaser,0.27,Bane 2' Driving Finger Roll Layup (18 PTS),,,,MEM,1610612763.0,
Shot Chart Detail,22100272,442,0,Opponent,1610612761,Toronto Raptors,3,8,45,Missed Shot,Turnaround Fadeaway shot,,Above the Break 3,Left Side Center(LC),24+ ft.,33,-172,289,1,0,20211124,MEM,TOR,22100272442,|1627783|1627832|1629018|1630173|1630567,0,REG,,,2022,1627832|1629018,7.0,,,,,,,,MEM,1610612763.0,
Shot Chart Detail,22100272,450,0,Opponent,1610612761,Toronto Raptors,3,3,7,Missed Shot,Turnaround Jump Shot,,In The Paint (Non-RA),Center(C),Less Than 8 ft.,7,18,75,1,0,20211124,MEM,TOR,22100272450,|1627832|1629018|1629139|1630173|1630625,0,REG,,,2022,1627832,4.0,PG,Point of Attack,0.9,MISS Morant 8' Turnaround Jump Shot,,,,MEM,1610612763.0,
Shot Chart Detail,22100272,453,0,Opponent,1610612761,Toronto Raptors,3,2,36,Made Shot,Driving Floating Jump Shot,,In The Paint (Non-RA),Left Side(L),8-16 ft.,9,-71,62,1,1,20211124,MEM,TOR,22100272453,|1627832|1629018|1629139|1630173|1630625,1,REG,,,2022,1629018|1629139,4.0,,,,,,,,MEM,1610612763.0,1629630.0
Shot Chart Detail,22100272,472,0,Opponent,1610612761,Toronto Raptors,3,1,27,Made Shot,Pullup Jump shot,,Mid-Range,Left Side Center(LC),16-24 ft.,22,-157,158,1,1,20211124,MEM,TOR,22100272472,|1629004|1629139|1630173|1630201|1630625,1,REG,,,2022,1629004,3.0,SF,Chaser,-0.31,Williams 22' Pullup Jump Shot (2 PTS) (Morant 9 AST),,,,MEM,1610612763.0,1629630.0
Shot Chart Detail,22100272,476,0,Opponent,1610612761,Toronto Raptors,3,0,53,Missed Shot,Jump Shot,,Left Corner 3,Left Side(L),24+ ft.,22,-225,31,1,0,20211124,MEM,TOR,22100272476,|1629004|1629139|1630173|1630201|1630625,0,REG,,,2022,1629139,0.0,SF,Helper,0.1,MISS Williams 3PT Jump Shot,,,,MEM,1610612763.0,
Shot Chart Detail,22100272,502,0,Opponent,1610612761,Toronto Raptors,4,11,44,Made Shot,Jump Shot,,Right Corner 3,Right Side(R),24+ ft.,23,232,52,1,1,20211124,MEM,TOR,22100272502,|1629004|1629018|1629139|1630201|1630567,1,REG,,,2022,1630567,4.0,PF,Helper,0.63,Jackson Jr. 24' 3PT Jump Shot (16 PTS) (Jones 5 AST),,,,MEM,1610612763.0,1626145.0
Shot Chart Detail,22100272,516,0,Opponent,1610612761,Toronto Raptors,4,10,33,Made Shot,Pullup Jump shot,,Mid-Range,Left Side Center(LC),16-24 ft.,21,-152,146,1,1,20211124,MEM,TOR,22100272516,|1629004|1629018|1629139|1630201|1630567,1,REG,,,2022,1629139,3.0,SF,Helper,0.1,Brooks 21' Pullup Jump Shot (14 PTS) (Jackson Jr. 1 AST),,,,MEM,1610612763.0,1628991.0
Shot Chart Detail,22100272,520,0,Opponent,1610612761,Toronto Raptors,4,9,55,Made Shot,Pullup Jump shot,,Above the Break 3,Center(C),24+ ft.,26,-66,258,1,1,20211124,MEM,TOR,22100272520,|1629004|1629018|1629139|1630201|1630567,1,REG,,,2022,1629139,4.0,SF,Helper,0.1,Brooks 27' 3PT Pullup Jump Shot (17 PTS) (Clarke 1 AST),,,,MEM,1610612763.0,1629634.0
Shot Chart Detail,22100272,526,0,Opponent,1610612761,Toronto Raptors,4,9,12,Made Shot,Jump Shot,,Above the Break 3,Right Side Center(RC),24+ ft.,26,113,243,1,1,20211124,MEM,TOR,22100272526,|1629004|1629018|1629139|1630201|1630567,0,REG,,,2022,1629018|1629139,4.0,,,,,,,,MEM,1610612763.0,
Shot Chart Detail,22100272,528,0,Opponent,1610612761,Toronto Raptors,4,8,49,Made Shot,Driving Floating Jump Shot,,In The Paint (Non-RA),Left Side(L),8-16 ft.,8,-50,63,1,1,20211124,MEM,TOR,22100272528,|1629004|1629018|1629139|1630201|1630567,0,REG,,,2022,1629139,4.0,SF,Helper,0.1,Clarke 8' Driving Floating Jump Shot (15 PTS),,,,MEM,1610612763.0,
Shot Chart Detail,22100272,540,0,Opponent,1610612761,Toronto Raptors,4,8,1,Missed Shot,Jump Shot,,Left Corner 3,Left Side(L),24+ ft.,23,-237,28,1,0,20211124,MEM,TOR,22100272540,|1627783|1627832|1629018|1630201|1630567,0,REG,,,2022,1627783,3.0,PF,Helper,0.72,MISS Konchar 24' 3PT Jump Shot,,,,MEM,1610612763.0,
Shot Chart Detail,22100272,558,0,Opponent,1610612761,Toronto Raptors,4,6,51,Missed Shot,Pullup Jump shot,,Mid-Range,Right Side(R),8-16 ft.,10,103,18,1,0,20211124,MEM,TOR,22100272558,|1627783|1627832|1629018|1630173|1630567,0,REG,,,2022,1627832|1630567,-1.0,,,,,,,,MEM,1610612763.0,
Shot Chart Detail,22100272,579,0,Opponent,1610612761,Toronto Raptors,4,5,50,Missed Shot,Cutting Finger Roll Layup Shot,,Restricted Area,Center(C),Less Than 8 ft.,3,-27,17,1,0,20211124,MEM,TOR,22100272579,|1627783|1627832|1629018|1630173|1630567,0,REG,,,2022,1627832,1.0,PG,Point of Attack,0.9,MISS Morant 3' Cutting Finger Roll Layup Shot,,,,MEM,1610612763.0,
Shot Chart Detail,22100272,584,0,Opponent,1610612761,Toronto Raptors,4,10,55,Missed Shot,Driving Dunk Shot,,Restricted Area,Center(C),Less Than 8 ft.,0,-9,0,1,0,20211124,MEM,TOR,22100272584,|1629004|1629018|1629139|1630201|1630567,0,REG,,,2022,1629018|1630201,1.0,,,,,,,,MEM,1610612763.0,
Shot Chart Detail,22100272,589,0,Opponent,1610612761,Toronto Raptors,4,5,20,Missed Shot,Pullup Jump shot,,In The Paint (Non-RA),Center(C),8-16 ft.,9,-5,90,1,0,20211124,MEM,TOR,22100272589,|1627783|1627832|1629018|1630173|1630567,0,REG,,,2022,1627832|1630567,-2.0,,,,,,,,MEM,1610612763.0,
Shot Chart Detail,22100272,592,0,Opponent,1610612761,Toronto Raptors,4,4,52,Missed Shot,Driving Floating Jump Shot,,In The Paint (Non-RA),Center(C),8-16 ft.,12,-32,125,1,0,20211124,MEM,TOR,22100272592,|1627783|1627832|1629018|1630173|1630567,0,REG,,,2022,1627783|1630567,-4.0,,,,,,,,MEM,1610612763.0,
Shot Chart Detail,22100272,596,0,Opponent,1610612761,Toronto Raptors,4,4,21,Made Shot,Driving Finger Roll Layup Shot,,Restricted Area,Center(C),Less Than 8 ft.,1,-9,12,1,1,20211124,MEM,TOR,22100272596,|1627783|1627832|1629018|1630173|1630567,0,REG,,,2022,1627832|1630173,-4.0,,,,,,,,MEM,1610612763.0,
Shot Chart Detail,22100272,598,0,Opponent,1610612761,Toronto Raptors,4,3,47,Missed Shot,Jump Shot,,Above the Break 3,Right Side Center(RC),24+ ft.,27,157,221,1,0,20211124,MEM,TOR,22100272598,|1627783|1627832|1629018|1630173|1630567,0,REG,,,2022,1627783,-7.0,PF,Helper,0.72,MISS Bane 27' 3PT Jump Shot,,,,MEM,1610612763.0,
Shot Chart Detail,22100272,616,0,Opponent,1610612761,Toronto Raptors,4,3,9,Missed Shot,Driving Finger Roll Layup Shot,,Restricted Area,Center(C),Less Than 8 ft.,1,-10,13,1,0,20211124,MEM,TOR,22100272616,|1627783|1627832|1629018|1630173|1630567,0,REG,,,2022,1630567,-11.0,PF,Helper,0.63,MISS Brooks 2' Driving Finger Roll Layup,,,,MEM,1610612763.0,
Shot Chart Detail,22100272,619,0,Opponent,1610612761,Toronto Raptors,4,2,48,Missed Shot,Driving Layup Shot,,In The Paint (Non-RA),Center(C),Less Than 8 ft.,5,-22,53,1,0,20211124,MEM,TOR,22100272619,|1627783|1627832|1629018|1630173|1630567,0,REG,,,2022,1630173,-11.0,C,Mobile Big,0.24,MISS Morant 6' Driving Layup,,,,MEM,1610612763.0,
Shot Chart Detail,22100272,625,0,Opponent,1610612761,Toronto Raptors,4,2,21,Made Shot,Driving Finger Roll Layup Shot,,Restricted Area,Center(C),Less Than 8 ft.,1,-1,16,1,1,20211124,MEM,TOR,22100272625,|1627783|1627832|1629018|1630173|1630567,1,REG,,,2022,1627832,-9.0,PG,Point of Attack,0.9,Morant 2' Driving Finger Roll Layup (23 PTS) (Bane 1 AST),,,,MEM,1610612763.0,1630217.0
Shot Chart Detail,22100272,633,0,Opponent,1610612761,Toronto Raptors,4,1,44,Missed Shot,Driving Floating Jump Shot,,In The Paint (Non-RA),Center(C),Less Than 8 ft.,5,28,49,1,0,20211124,MEM,TOR,22100272633,|1627783|1627832|1629018|1630173|1630567,0,REG,,,2022,1629018,-9.0,SG,Chaser,0.19,MISS Bane 6' Driving Floating Jump Shot,,,,MEM,1610612763.0,
Shot Chart Detail,22100272,640,0,Opponent,1610612761,Toronto Raptors,4,1,11,Missed Shot,Driving Layup Shot,,Restricted Area,Center(C),Less Than 8 ft.,0,-5,7,1,0,20211124,MEM,TOR,22100272640,|1627783|1627832|1629018|1630173|1630567,0,REG,,,2022,1627783,-9.0,PF,Helper,0.72,MISS Morant 1' Driving Layup,,,,MEM,1610612763.0,
Shot Chart Detail,22100272,644,0,Opponent,1610612761,Toronto Raptors,4,0,43,Missed Shot,Running Jump Shot,,Above the Break 3,Left Side Center(LC),24+ ft.,29,-145,254,1,0,20211124,MEM,TOR,22100272644,|1627783|1627832|1629018|1630173|1630567,0,REG,,,2022,1627832,-9.0,PG,Point of Attack,0.9,MISS Brooks 29' 3PT Running Jump Shot,,,,MEM,1610612763.0,
Shot Chart Detail,22100272,653,0,Opponent,1610612761,Toronto Raptors,4,0,31,Missed Shot,Jump Shot,,Left Corner 3,Left Side(L),24+ ft.,23,-234,12,1,0,20211124,MEM,TOR,22100272653,|1627783|1627832|1629018|1630567|1630625,0,REG,,,2022,1630567,-11.0,PF,Helper,0.63,MISS Brooks 3PT Jump Shot,,,,MEM,1610612763.0,
Shot Chart Detail,22100272,657,0,Opponent,1610612761,Toronto Raptors,4,0,7,Missed Shot,Jump Shot,,Above the Break 3,Left Side Center(LC),24+ ft.,26,-151,212,1,0,20211124,MEM,TOR,22100272657,|1627783|1627832|1629018|1630567|1630625,0,REG,,,2022,1630625,-13.0,PG,Chaser,0.27,MISS Brooks 26' 3PT Jump Shot,,,,MEM,1610612763.0,
Shot Chart Detail,22100284,10,0,Opponent,1610612761,Toronto Raptors,1,11,21,Missed Shot,Hook Shot,,In The Paint (Non-RA),Center(C),8-16 ft.,9,44,88,1,0,20211126,IND,TOR,2210028410,|1627783|1627832|1629018|1630173|1630567,0,REG,,,2022,1627783|1630173,0.0,,,,,,,,IND,1610612754.0,
Shot Chart Detail,22100284,13,0,Opponent,1610612761,Toronto Raptors,1,10,44,Made Shot,Cutting Dunk Shot,,Restricted Area,Center(C),Less Than 8 ft.,0,-1,6,1,1,20211126,IND,TOR,2210028413,|1627783|1627832|1629018|1630173|1630567,1,REG,,,2022,1627832|1627783,0.0,,,,,,,,IND,1610612754.0,1627763.0
Shot Chart Detail,22100284,19,0,Opponent,1610612761,Toronto Raptors,1,10,3,Missed Shot,Driving Reverse Layup Shot,,Restricted Area,Center(C),Less Than 8 ft.,2,-13,22,1,0,20211126,IND,TOR,2210028419,|1627783|1627832|1629018|1630173|1630567,0,REG,,,2022,1627783|1630173,-2.0,,,,,,,,IND,1610612754.0,
Shot Chart Detail,22100284,22,0,Opponent,1610612761,Toronto Raptors,1,9,56,Missed Shot,Driving Layup Shot,,Restricted Area,Center(C),Less Than 8 ft.,2,-21,2,1,0,20211126,IND,TOR,2210028422,|1627783|1627832|1629018|1630173|1630567,0,REG,,,2022,1630173,-2.0,C,Mobile Big,0.24,MISS Sabonis 2' Driving Layup,,,,IND,1610612754.0,
Shot Chart Detail,22100284,26,0,Opponent,1610612761,Toronto Raptors,1,9,32,Made Shot,Pullup Jump shot,,Mid-Range,Right Side Center(RC),16-24 ft.,17,127,123,1,1,20211126,IND,TOR,2210028426,|1627783|1627832|1629018|1630173|1630567,0,REG,,,2022,1627783|1630567,-3.0,,,,,,,,IND,1610612754.0,
Shot Chart Detail,22100284,29,0,Opponent,1610612761,Toronto Raptors,1,8,58,Missed Shot,Jump Shot,,Above the Break 3,Right Side Center(RC),24+ ft.,25,186,173,1,0,20211126,IND,TOR,2210028429,|1627783|1627832|1629018|1630173|1630567,0,REG,,,2022,1630567,-3.0,PF,Helper,0.63,MISS Turner 25' 3PT Jump Shot,,,,IND,1610612754.0,
Shot Chart Detail,22100284,31,0,Opponent,1610612761,Toronto Raptors,1,8,53,Missed Shot,Reverse Layup Shot,,Restricted Area,Center(C),Less Than 8 ft.,2,9,21,1,0,20211126,IND,TOR,2210028431,|1627783|1627832|1629018|1630173|1630567,0,REG,,,2022,1627832|1629018|1630173,-3.0,,,,,,,,IND,1610612754.0,
Shot Chart Detail,22100284,33,0,Opponent,1610612761,Toronto Raptors,1,8,49,Made Shot,Tip Layup Shot,,Restricted Area,Center(C),Less Than 8 ft.,0,0,0,1,1,20211126,IND,TOR,2210028433,|1627783|1627832|1629018|1630173|1630567,0,REG,,,2022,1627832|1629018|1630173,-1.0,,,,,,,,IND,1610612754.0,
Shot Chart Detail,22100284,35,0,Opponent,1610612761,Toronto Raptors,1,8,25,Made Shot,Driving Reverse Layup Shot,,Restricted Area,Center(C),Less Than 8 ft.,1,-10,13,1,1,20211126,IND,TOR,2210028435,|1627783|1627832|1629018|1630173|1630567,0,REG,,,2022,1630567,-1.0,PF,Helper,0.63,Brogdon 2' Driving Reverse Layup (2 PTS),,,,IND,1610612754.0,
Shot Chart Detail,22100284,43,0,Opponent,1610612761,Toronto Raptors,1,7,31,Made Shot,Driving Layup Shot,,Restricted Area,Center(C),Less Than 8 ft.,0,-1,6,1,1,20211126,IND,TOR,2210028443,|1627783|1627832|1629018|1630173|1630567,1,REG,,,2022,1630173,-1.0,C,Mobile Big,0.24,Sabonis 1' Driving Layup (4 PTS) (Brogdon 2 AST),,,,IND,1610612754.0,1627763.0
Shot Chart Detail,22100284,47,0,Opponent,1610612761,Toronto Raptors,1,7,5,Made Shot,Step Back Jump shot,,Above the Break 3,Center(C),24+ ft.,25,59,246,1,1,20211126,IND,TOR,2210028447,|1627783|1627832|1629018|1630173|1630567,1,REG,,,2022,1630173,-1.0,C,Mobile Big,0.24,LeVert 25' 3PT Step Back Jump Shot (5 PTS) (Brogdon 3 AST),,,,IND,1610612754.0,1627763.0
Shot Chart Detail,22100284,50,0,Opponent,1610612761,Toronto Raptors,1,6,38,Missed Shot,Jump Shot,,Left Corner 3,Left Side(L),24+ ft.,23,-235,32,1,0,20211126,IND,TOR,2210028450,|1627783|1627832|1629018|1630173|1630567,0,REG,,,2022,1630567,-3.0,PF,Helper,0.63,MISS Holiday 24' 3PT Jump Shot,,,,IND,1610612754.0,
Shot Chart Detail,22100284,54,0,Opponent,1610612761,Toronto Raptors,1,6,13,Missed Shot,Jump Shot,,Above the Break 3,Left Side Center(LC),24+ ft.,25,-190,167,1,0,20211126,IND,TOR,2210028454,|1627783|1627832|1629018|1630173|1630567,0,REG,,,2022,1630567,-3.0,PF,Helper,0.63,MISS Brogdon 25' 3PT Jump Shot,,,,IND,1610612754.0,
Shot Chart Detail,22100284,60,0,Opponent,1610612761,Toronto Raptors,1,5,54,Made Shot,Pullup Jump shot,,Above the Break 3,Left Side Center(LC),24+ ft.,25,-146,205,1,1,20211126,IND,TOR,2210028460,|1627783|1627832|1629018|1630173|1630567,0,REG,,,2022,1630173|1630567,-2.0,,,,,,,,IND,1610612754.0,
Shot Chart Detail,22100284,63,0,Opponent,1610612761,Toronto Raptors,1,5,21,Missed Shot,Layup Shot,,Restricted Area,Center(C),Less Than 8 ft.,3,36,16,1,0,20211126,IND,TOR,2210028463,|1627783|1627832|1629018|1630173|1630567,0,REG,,,2022,1627832|1630173,-5.0,,,,,,,,IND,1610612754.0,
Shot Chart Detail,22100284,67,0,Opponent,1610612761,Toronto Raptors,1,5,7,Made Shot,Pullup Jump shot,,Above the Break 3,Right Side Center(RC),24+ ft.,25,164,193,1,1,20211126,IND,TOR,2210028467,|1627783|1627832|1629018|1630173|1630567,1,REG,,,2022,1627783,-2.0,PF,Helper,0.72,Turner 25' 3PT Pullup Jump Shot (5 PTS) (Holiday 1 AST),,,,IND,1610612754.0,203200.0
Shot Chart Detail,22100284,71,0,Opponent,1610612761,Toronto Raptors,1,4,29,Made Shot,Layup Shot,,Restricted Area,Center(C),Less Than 8 ft.,2,-22,7,1,1,20211126,IND,TOR,2210028471,|1627783|1627832|1629018|1630173|1630567,0,REG,,,2022,1630173|1630567,0.0,,,,,,,,IND,1610612754.0,
Shot Chart Detail,22100284,73,0,Opponent,1610612761,Toronto Raptors,1,3,53,Missed Shot,Turnaround Jump Shot,,In The Paint (Non-RA),Center(C),Less Than 8 ft.,7,-33,68,1,0,20211126,IND,TOR,2210028473,|1627783|1627832|1629018|1630173|1630567,0,REG,,,2022,1627783|1630567,-3.0,,,,,,,,IND,1610612754.0,
Shot Chart Detail,22100284,77,0,Opponent,1610612761,Toronto Raptors,1,3,24,Made Shot,Running Finger Roll Layup Shot,,Restricted Area,Center(C),Less Than 8 ft.,0,-2,5,1,1,20211126,IND,TOR,2210028477,|1627783|1627832|1629018|1630173|1630567,1,REG,,,2022,1627783,-1.0,PF,Helper,0.72,Turner 1' Running Finger Roll Layup (7 PTS) (Brogdon 4 AST),,,,IND,1610612754.0,1627763.0
Shot Chart Detail,22100284,96,0,Opponent,1610612761,Toronto Raptors,1,2,42,Missed Shot,Step Back Jump shot,,Right Corner 3,Right Side(R),24+ ft.,23,229,31,1,0,20211126,IND,TOR,2210028496,|1627783|1627832|1628449|1629004|1630625,0,REG,,,2022,1628449,-1.0,SF,Helper,0.4,MISS Duarte 3PT Step Back Jump Shot,,,,IND,1610612754.0,
Shot Chart Detail,22100284,100,0,Opponent,1610612761,Toronto Raptors,1,2,26,Made Shot,Running Finger Roll Layup Shot,,Restricted Area,Center(C),Less Than 8 ft.,2,27,12,1,1,20211126,IND,TOR,22100284100,|1627783|1627832|1628449|1629004|1630625,1,REG,,,2022,1630625,1.0,PG,Chaser,0.27,Duarte 3' Running Finger Roll Layup (2 PTS) (McConnell 1 AST),,,,IND,1610612754.0,204456.0
Shot Chart Detail,22100284,104,0,Opponent,1610612761,Toronto Raptors,1,2,1,Made Shot,Running Layup Shot,,Restricted Area,Center(C),Less Than 8 ft.,2,-18,16,1,1,20211126,IND,TOR,22100284104,|1627783|1627832|1628449|1629004|1630625,1,REG,,,2022,1629004,3.0,SF,Chaser,-0.31,Craig 2' Running Layup (2 PTS) (Brogdon 5 AST),,,,IND,1610612754.0,1627763.0
Shot Chart Detail,22100284,111,0,Opponent,1610612761,Toronto Raptors,1,1,38,Missed Shot,Driving Floating Jump Shot,,In The Paint (Non-RA),Center(C),Less Than 8 ft.,5,33,38,1,0,20211126,IND,TOR,22100284111,|1627783|1627832|1628449|1629004|1630625,0,REG,,,2022,1628449|1629004,1.0,,,,,,,,IND,1610612754.0,
Shot Chart Detail,22100284,121,0,Opponent,1610612761,Toronto Raptors,1,1,19,Made Shot,Layup Shot,,Restricted Area,Center(C),Less Than 8 ft.,2,22,20,1,1,20211126,IND,TOR,22100284121,|1627832|1628449|1629004|1630567|1630625,1,REG,,,2022,1628449|1630625,2.0,,,,,,,,IND,1610612754.0,1626167.0
Shot Chart Detail,22100284,125,0,Opponent,1610612761,Toronto Raptors,1,0,53,Made Shot,Pullup Jump shot,,Mid-Range,Right Side(R),8-16 ft.,13,137,11,1,1,20211126,IND,TOR,22100284125,|1627832|1628449|1629004|1630567|1630625,1,REG,,,2022,1628449,2.0,SF,Helper,0.4,McConnell 14' Pullup Jump Shot (2 PTS) (Craig 1 AST),,,,IND,1610612754.0,1628470.0
Shot Chart Detail,22100284,132,0,Opponent,1610612761,Toronto Raptors,1,0,0,Missed Shot,Running Jump Shot,,Backcourt,Back Court(BC),Back Court Shot,59,-194,567,1,0,20211126,IND,TOR,22100284132,|1627832|1628449|1629004|1630567|1630625,0,REG,,,2022,,,,,,,,,,IND,1610612754.0,
Shot Chart Detail,22100284,144,0,Opponent,1610612761,Toronto Raptors,2,11,49,Made Shot,Cutting Dunk Shot,,Restricted Area,Center(C),Less Than 8 ft.,0,-2,7,1,1,20211126,IND,TOR,22100284144,|1629004|1629018|1630173|1630567|1630625,1,REG,,,2022,1630625,-2.0,PG,Chaser,0.27,Sabonis 1' Cutting Dunk Shot (8 PTS) (Duarte 1 AST),,,,IND,1610612754.0,1630537.0
Shot Chart Detail,22100284,147,0,Opponent,1610612761,Toronto Raptors,2,11,15,Missed Shot,Turnaround Fadeaway shot,,Mid-Range,Right Side(R),8-16 ft.,11,104,38,1,0,20211126,IND,TOR,22100284147,|1629004|1629018|1630173|1630567|1630625,0,REG,,,2022,1630173,-4.0,C,Mobile Big,0.24,MISS McConnell 11' Turnaround Fadeaway Shot,,,,IND,1610612754.0,
Shot Chart Detail,22100284,154,0,Opponent,1610612761,Toronto Raptors,2,10,50,Made Shot,Dunk Shot,,Restricted Area,Center(C),Less Than 8 ft.,0,4,8,1,1,20211126,IND,TOR,22100284154,|1629004|1629018|1630173|1630567|1630625,1,REG,,,2022,1630173,0.0,C,Mobile Big,0.24,Sabonis 1' Dunk (12 PTS) (McConnell 2 AST),,,,IND,1610612754.0,204456.0
Shot Chart Detail,22100284,169,0,Opponent,1610612761,Toronto Raptors,2,9,48,Missed Shot,Jump Shot,,Above the Break 3,Center(C),24+ ft.,25,16,254,1,0,20211126,IND,TOR,22100284169,|1629004|1629018|1630173|1630567|1630625,0,REG,,,2022,1630173,-4.0,C,Mobile Big,0.24,MISS Sabonis 25' 3PT Jump Shot,,,,IND,1610612754.0,
Shot Chart Detail,22100284,172,0,Opponent,1610612761,Toronto Raptors,2,9,30,Made Shot,Driving Floating Jump Shot,,In The Paint (Non-RA),Center(C),Less Than 8 ft.,6,38,53,1,1,20211126,IND,TOR,22100284172,|1629004|1629018|1630173|1630567|1630625,0,REG,,,2022,1630625|1629018|1630567,-2.0,,,,,,,,IND,1610612754.0,
Shot Chart Detail,22100284,176,0,Opponent,1610612761,Toronto Raptors,2,8,52,Made Shot,Pullup Jump shot,,Mid-Range,Left Side(L),8-16 ft.,14,-125,79,1,1,20211126,IND,TOR,22100284176,|1629004|1629018|1630173|1630567|1630625,0,REG,,,2022,1630625,-2.0,PG,Chaser,0.27,Duarte 15' Pullup Jump Shot (4 PTS),,,,IND,1610612754.0,
Shot Chart Detail,22100284,184,0,Opponent,1610612761,Toronto Raptors,2,8,19,Made Shot,Pullup Jump shot,,In The Paint (Non-RA),Center(C),8-16 ft.,11,31,109,1,1,20211126,IND,TOR,22100284184,|1628449|1629018|1630173|1630201|1630567,0,REG,,,2022,1629018,0.0,SG,Chaser,0.19,LeVert 11' Pullup Jump Shot (12 PTS),,,,IND,1610612754.0,
Shot Chart Detail,22100284,187,0,Opponent,1610612761,Toronto Raptors,2,7,54,Made Shot,Running Jump Shot,,Above the Break 3,Left Side Center(LC),24+ ft.,25,-146,214,1,1,20211126,IND,TOR,22100284187,|1628449|1629018|1630173|1630201|1630567,1,REG,,,2022,1630201,3.0,PG,Point of Attack,-0.52,Duarte 26' 3PT Running Jump Shot (7 PTS) (McConnell 3 AST),,,,IND,1610612754.0,204456.0
Shot Chart Detail,22100284,192,0,Opponent,1610612761,Toronto Raptors,2,7,16,Made Shot,Cutting Layup Shot,,Restricted Area,Center(C),Less Than 8 ft.,2,-16,17,1,1,20211126,IND,TOR,22100284192,|1628449|1629018|1630173|1630201|1630567,1,REG,,,2022,1628449|1630567,3.0,,,,,,,,IND,1610612754.0,1627734.0
Shot Chart Detail,22100284,217,0,Opponent,1610612761,Toronto Raptors,2,6,31,Missed Shot,Pullup Jump shot,,Above the Break 3,Right Side Center(RC),24+ ft.,25,130,221,1,0,20211126,IND,TOR,22100284217,|1627783|1627832|1628449|1629018|1630201,0,REG,,,2022,1630201,2.0,PG,Point of Attack,-0.52,MISS Martin 26' 3PT Pullup Jump Shot,,,,IND,1610612754.0,
Shot Chart Detail,22100284,222,0,Opponent,1610612761,Toronto Raptors,2,6,17,Missed Shot,Jump Shot,,Above the Break 3,Right Side Center(RC),24+ ft.,25,213,141,1,0,20211126,IND,TOR,22100284222,|1627783|1627832|1628449|1629018|1630201,0,REG,,,2022,,,,,,,,,,IND,1610612754.0,
Shot Chart Detail,22100284,224,0,Opponent,1610612761,Toronto Raptors,2,6,10,Missed Shot,Jump Shot,,Right Corner 3,Right Side(R),24+ ft.,22,229,16,1,0,20211126,IND,TOR,22100284224,|1627783|1627832|1628449|1629018|1630201,0,REG,,,2022,1627783,2.0,PF,Helper,0.72,MISS Martin 3PT Jump Shot,,,,IND,1610612754.0,
Shot Chart Detail,22100284,227,0,Opponent,1610612761,Toronto Raptors,2,5,45,Missed Shot,Floating Jump shot,,Mid-Range,Left Side(L),8-16 ft.,14,-126,65,1,0,20211126,IND,TOR,22100284227,|1627783|1627832|1628449|1629018|1630201,0,REG,,,2022,1628449,0.0,SF,Helper,0.4,MISS Martin 14' Floating Jump Shot,,,,IND,1610612754.0,
Shot Chart Detail,22100284,232,0,Opponent,1610612761,Toronto Raptors,2,5,18,Missed Shot,Pullup Jump shot,,Above the Break 3,Left Side Center(LC),24+ ft.,25,-132,217,1,0,20211126,IND,TOR,22100284232,|1627783|1627832|1628449|1629018|1630201,0,REG,,,2022,1627832|1627783,-2.0,,,,,,,,IND,1610612754.0,
Shot Chart Detail,22100284,234,0,Opponent,1610612761,Toronto Raptors,2,5,13,Made Shot,Layup Shot,,Restricted Area,Center(C),Less Than 8 ft.,2,-15,18,1,1,20211126,IND,TOR,22100284234,|1627783|1627832|1628449|1629018|1630201,0,REG,,,2022,1629018,0.0,SG,Chaser,0.19,Martin 2' Layup (2 PTS),,,,IND,1610612754.0,
Shot Chart Detail,22100284,237,0,Opponent,1610612761,Toronto Raptors,2,4,46,Made Shot,Pullup Jump shot,,Mid-Range,Left Side(L),8-16 ft.,12,-125,18,1,1,20211126,IND,TOR,22100284237,|1627783|1627832|1628449|1629018|1630201,1,REG,,,2022,1629018,2.0,SG,Chaser,0.19,Holiday 13' Pullup Jump Shot (2 PTS) (LeVert 1 AST),,,,IND,1610612754.0,1627747.0
Shot Chart Detail,22100284,241,0,Opponent,1610612761,Toronto Raptors,2,4,23,Made Shot,Layup Shot,,Restricted Area,Center(C),Less Than 8 ft.,2,-16,18,1,1,20211126,IND,TOR,22100284241,|1627783|1627832|1628449|1629018|1630201,1,REG,,,2022,1627783,4.0,PF,Helper,0.72,Martin 2' Layup (4 PTS) (McConnell 4 AST),,,,IND,1610612754.0,204456.0
Shot Chart Detail,22100284,252,0,Opponent,1610612761,Toronto Raptors,2,3,32,Made Shot,Driving Reverse Layup Shot,,Restricted Area,Center(C),Less Than 8 ft.,2,-17,11,1,1,20211126,IND,TOR,22100284252,|1627783|1627832|1628449|1629018|1630201,1,REG,,,2022,1627832|1627783,4.0,,,,,,,,IND,1610612754.0,203200.0
Shot Chart Detail,22100284,262,0,Opponent,1610612761,Toronto Raptors,2,2,57,Made Shot,Cutting Layup Shot,,Restricted Area,Center(C),Less Than 8 ft.,1,16,10,1,1,20211126,IND,TOR,22100284262,|1627783|1627832|1629004|1629018|1630567,1,REG,,,2022,1629018,6.0,SG,Chaser,0.19,Martin 2' Cutting Layup Shot (8 PTS) (Brogdon 6 AST),,,,IND,1610612754.0,1627763.0
Shot Chart Detail,22100284,267,0,Opponent,1610612761,Toronto Raptors,2,2,27,Made Shot,Running Layup Shot,,In The Paint (Non-RA),Center(C),Less Than 8 ft.,4,-26,32,1,1,20211126,IND,TOR,22100284267,|1627783|1627832|1629004|1629018|1630567,0,REG,,,2022,1627783,8.0,PF,Helper,0.72,Duarte 4' Running Layup (12 PTS),,,,IND,1610612754.0,
Shot Chart Detail,22100284,280,0,Opponent,1610612761,Toronto Raptors,2,1,32,Missed Shot,Jump Shot,,Above the Break 3,Center(C),24+ ft.,26,25,268,1,0,20211126,IND,TOR,22100284280,|1627783|1627832|1629004|1629018|1630173,0,REG,,,2022,1627783,8.0,PF,Helper,0.72,MISS Holiday 27' 3PT Jump Shot,,,,IND,1610612754.0,
Shot Chart Detail,22100284,284,0,Opponent,1610612761,Toronto Raptors,2,1,20,Made Shot,Jump Shot,,Above the Break 3,Right Side Center(RC),24+ ft.,25,165,199,1,1,20211126,IND,TOR,22100284284,|1627783|1627832|1629004|1629018|1630173,1,REG,,,2022,1627832,11.0,PG,Point of Attack,0.9,Martin 26' 3PT Jump Shot (11 PTS) (Brogdon 7 AST),,,,IND,1610612754.0,1627763.0
Shot Chart Detail,22100284,287,0,Opponent,1610612761,Toronto Raptors,2,0,31,Missed Shot,Pullup Jump shot,,Above the Break 3,Left Side Center(LC),24+ ft.,25,-103,236,1,0,20211126,IND,TOR,22100284287,|1627783|1627832|1629004|1629018|1630173,0,REG,,,2022,1627783,9.0,PF,Helper,0.72,MISS Martin 26' 3PT Pullup Jump Shot,,,,IND,1610612754.0,
Shot Chart Detail,22100284,290,0,Opponent,1610612761,Toronto Raptors,2,0,4,Made Shot,Step Back Jump shot,,Mid-Range,Left Side Center(LC),16-24 ft.,16,-107,127,1,1,20211126,IND,TOR,22100284290,|1627783|1627832|1629004|1629018|1630173,0,REG,,,2022,1627832,9.0,PG,Point of Attack,0.9,Brogdon 17' Step Back Jump Shot (4 PTS),,,,IND,1610612754.0,
Shot Chart Detail,22100284,301,0,Opponent,1610612761,Toronto Raptors,3,11,44,Missed Shot,Jump Shot,,Right Corner 3,Right Side(R),24+ ft.,22,222,31,1,0,20211126,IND,TOR,22100284301,|1627783|1627832|1629018|1630173|1630567,0,REG,,,2022,1627783,9.0,PF,Helper,0.72,MISS Turner 3PT Jump Shot,,,,IND,1610612754.0,
Shot Chart Detail,22100284,311,0,Opponent,1610612761,Toronto Raptors,3,10,51,Missed Shot,Jump Shot,,Above the Break 3,Left Side Center(LC),24+ ft.,24,-202,135,1,0,20211126,IND,TOR,22100284311,|1627783|1627832|1629018|1630173|1630567,0,REG,,,2022,1630567,9.0,PF,Helper,0.63,MISS Brogdon 24' 3PT Jump Shot,,,,IND,1610612754.0,
Shot Chart Detail,22100284,315,0,Opponent,1610612761,Toronto Raptors,3,10,33,Missed Shot,Running Pull-Up Jump Shot,,Above the Break 3,Right Side Center(RC),24+ ft.,24,113,216,1,0,20211126,IND,TOR,22100284315,|1627783|1627832|1629018|1630173|1630567,0,REG,,,2022,1627783,9.0,PF,Helper,0.72,MISS LeVert 24' 3PT Running Pull-Up Jump Shot,,,,IND,1610612754.0,
Shot Chart Detail,22100284,334,0,Opponent,1610612761,Toronto Raptors,3,9,39,Made Shot,Jump Shot,,Left Corner 3,Left Side(L),24+ ft.,22,-227,30,1,1,20211126,IND,TOR,22100284334,|1627783|1627832|1629018|1630173|1630567,1,REG,,,2022,1627783,10.0,PF,Helper,0.72,Turner 3PT Jump Shot (10 PTS) (Brogdon 8 AST),,,,IND,1610612754.0,1627763.0
Shot Chart Detail,22100284,340,0,Opponent,1610612761,Toronto Raptors,3,9,4,Made Shot,Cutting Layup Shot,,Restricted Area,Center(C),Less Than 8 ft.,0,5,3,1,1,20211126,IND,TOR,22100284340,|1627783|1627832|1629018|1630173|1630567,1,REG,,,2022,1627832,12.0,PG,Point of Attack,0.9,LeVert 1' Cutting Layup Shot (14 PTS) (Brogdon 9 AST),,,,IND,1610612754.0,1627763.0
Shot Chart Detail,22100284,344,0,Opponent,1610612761,Toronto Raptors,3,8,49,Missed Shot,Running Finger Roll Layup Shot,,Restricted Area,Center(C),Less Than 8 ft.,2,-20,8,1,0,20211126,IND,TOR,22100284344,|1627783|1627832|1629018|1630173|1630567,0,REG,,,2022,1627783,12.0,PF,Helper,0.72,MISS LeVert 2' Running Finger Roll Layup,,,,IND,1610612754.0,
Shot Chart Detail,22100284,347,0,Opponent,1610612761,Toronto Raptors,3,8,45,Missed Shot,Jump Shot,,Above the Break 3,Left Side Center(LC),24+ ft.,25,-115,224,1,0,20211126,IND,TOR,22100284347,|1627783|1627832|1629018|1630173|1630567,0,REG,,,2022,1630567,12.0,PF,Helper,0.63,MISS Brogdon 25' 3PT Jump Shot,,,,IND,1610612754.0,
Shot Chart Detail,22100284,359,0,Opponent,1610612761,Toronto Raptors,3,7,51,Missed Shot,Turnaround Hook Shot,,In The Paint (Non-RA),Center(C),Less Than 8 ft.,7,-72,14,1,0,20211126,IND,TOR,22100284359,|1627783|1627832|1629018|1630173|1630567,0,REG,,,2022,1630173|1630567,9.0,,,,,,,,IND,1610612754.0,
Shot Chart Detail,22100284,366,0,Opponent,1610612761,Toronto Raptors,3,7,27,Made Shot,Driving Floating Bank Jump Shot,,In The Paint (Non-RA),Center(C),Less Than 8 ft.,4,-44,16,1,1,20211126,IND,TOR,22100284366,|1627783|1627832|1629018|1630173|1630567,1,REG,,,2022,1629018|1627783,10.0,,,,,,,,IND,1610612754.0,1627734.0
Shot Chart Detail,22100284,370,0,Opponent,1610612761,Toronto Raptors,3,6,47,Missed Shot,Pullup Jump shot,,Above the Break 3,Center(C),24+ ft.,26,-13,261,1,0,20211126,IND,TOR,22100284370,|1627783|1627832|1629018|1630173|1630567,0,REG,,,2022,1627783,10.0,PF,Helper,0.72,MISS Turner 26' 3PT Pullup Jump Shot,,,,IND,1610612754.0,
Shot Chart Detail,22100284,379,0,Opponent,1610612761,Toronto Raptors,3,6,18,Missed Shot,Pullup Jump shot,,Mid-Range,Center(C),16-24 ft.,20,-6,204,1,0,20211126,IND,TOR,22100284379,|1627783|1627832|1629018|1630173|1630567,0,REG,,,2022,1629018,8.0,SG,Chaser,0.19,MISS Holiday 20' Pullup Jump Shot,,,,IND,1610612754.0,
Shot Chart Detail,22100284,382,0,Opponent,1610612761,Toronto Raptors,3,5,56,Missed Shot,Jump Shot,,Above the Break 3,Center(C),24+ ft.,24,29,241,1,0,20211126,IND,TOR,22100284382,|1627783|1627832|1629018|1630173|1630567,0,REG,,,2022,1627783,6.0,PF,Helper,0.72,MISS Holiday 24' 3PT Jump Shot,,,,IND,1610612754.0,
Shot Chart Detail,22100284,389,0,Opponent,1610612761,Toronto Raptors,3,5,24,Made Shot,Layup Shot,,Restricted Area,Center(C),Less Than 8 ft.,2,18,10,1,1,20211126,IND,TOR,22100284389,|1627783|1627832|1629018|1630173|1630567,1,REG,,,2022,1629018|1630173,8.0,,,,,,,,IND,1610612754.0,1627763.0
Shot Chart Detail,22100284,399,0,Opponent,1610612761,Toronto Raptors,3,4,51,Missed Shot,Driving Finger Roll Layup Shot,,Restricted Area,Center(C),Less Than 8 ft.,3,-1,35,1,0,20211126,IND,TOR,22100284399,|1627783|1627832|1629018|1630173|1630567,0,REG,,,2022,1630567,8.0,PF,Helper,0.63,MISS Brogdon 4' Driving Finger Roll Layup,,,,IND,1610612754.0,
Shot Chart Detail,22100284,403,0,Opponent,1610612761,Toronto Raptors,3,4,49,Made Shot,Jump Shot,,Left Corner 3,Left Side(L),24+ ft.,22,-228,5,1,1,20211126,IND,TOR,22100284403,|1627783|1627832|1629018|1630173|1630567,1,REG,,,2022,1630173,11.0,C,Mobile Big,0.24,Craig 3PT Jump Shot (7 PTS) (McConnell 5 AST),,,,IND,1610612754.0,204456.0
Shot Chart Detail,22100284,424,0,Opponent,1610612761,Toronto Raptors,3,3,34,Missed Shot,Pullup Jump shot,,In The Paint (Non-RA),Center(C),Less Than 8 ft.,7,71,20,1,0,20211126,IND,TOR,22100284424,|1627783|1627832|1629004|1629018|1630567,0,REG,,,2022,1627832,10.0,PG,Point of Attack,0.9,MISS McConnell 7' Pullup Jump Shot,,,,IND,1610612754.0,
Shot Chart Detail,22100284,438,0,Opponent,1610612761,Toronto Raptors,3,3,16,Made Shot,Cutting Dunk Shot,,Restricted Area,Center(C),Less Than 8 ft.,0,-6,5,1,1,20211126,IND,TOR,22100284438,|1627832|1629004|1630173|1630201|1630567,1,REG,,,2022,1630567,10.0,PF,Helper,0.63,Martin 1' Cutting Dunk Shot (13 PTS) (McConnell 6 AST),,,,IND,1610612754.0,204456.0
Shot Chart Detail,22100284,445,0,Opponent,1610612761,Toronto Raptors,3,2,43,Missed Shot,Pullup Jump shot,,In The Paint (Non-RA),Center(C),8-16 ft.,9,22,89,1,0,20211126,IND,TOR,22100284445,|1627832|1629004|1630173|1630201|1630567,0,REG,,,2022,1630173|1629004,7.0,,,,,,,,IND,1610612754.0,
Shot Chart Detail,22100284,447,0,Opponent,1610612761,Toronto Raptors,3,2,34,Missed Shot,Pullup Jump shot,,Above the Break 3,Right Side Center(RC),24+ ft.,24,194,153,1,0,20211126,IND,TOR,22100284447,|1627832|1629004|1630173|1630201|1630567,0,REG,,,2022,1627832,7.0,PG,Point of Attack,0.9,MISS Duarte 25' 3PT Pullup Jump Shot,,,,IND,1610612754.0,
Shot Chart Detail,22100284,449,0,Opponent,1610612761,Toronto Raptors,3,2,31,Made Shot,Putback Layup Shot,,Restricted Area,Center(C),Less Than 8 ft.,1,-16,10,1,1,20211126,IND,TOR,22100284449,|1627832|1629004|1630173|1630201|1630567,0,REG,,,2022,1630173,9.0,C,Mobile Big,0.24,Craig 2' Putback Layup (9 PTS),,,,IND,1610612754.0,
Shot Chart Detail,22100284,453,0,Opponent,1610612761,Toronto Raptors,3,2,8,Missed Shot,Running Jump Shot,,Above the Break 3,Left Side Center(LC),24+ ft.,25,-205,148,1,0,20211126,IND,TOR,22100284453,|1627832|1629004|1630173|1630201|1630567,0,REG,,,2022,1630201,9.0,PG,Point of Attack,-0.52,MISS Duarte 25' 3PT Running Jump Shot,,,,IND,1610612754.0,
Shot Chart Detail,22100284,455,0,Opponent,1610612761,Toronto Raptors,3,2,4,Made Shot,Putback Layup Shot,,Restricted Area,Center(C),Less Than 8 ft.,1,18,8,1,1,20211126,IND,TOR,22100284455,|1627832|1629004|1630173|1630201|1630567,0,REG,,,2022,1629004,11.0,SF,Chaser,-0.31,Craig 2' Putback Layup (11 PTS),,,,IND,1610612754.0,
Shot Chart Detail,22100284,457,0,Opponent,1610612761,Toronto Raptors,3,1,37,Missed Shot,Jump Shot,,Above the Break 3,Left Side Center(LC),24+ ft.,23,-210,115,1,0,20211126,IND,TOR,22100284457,|1627832|1629004|1630173|1630201|1630567,0,REG,,,2022,1630567,9.0,PF,Helper,0.63,MISS Martin 24' 3PT Jump Shot,,,,IND,1610612754.0,
Shot Chart Detail,22100284,461,0,Opponent,1610612761,Toronto Raptors,3,1,20,Made Shot,Driving Floating Jump Shot,,In The Paint (Non-RA),Center(C),8-16 ft.,10,15,99,1,1,20211126,IND,TOR,22100284461,|1627832|1629004|1630173|1630201|1630567,1,REG,,,2022,1629004,11.0,SF,Chaser,-0.31,Martin 10' Driving Floating Jump Shot (15 PTS) (Craig 2 AST),,,,IND,1610612754.0,1628470.0
Shot Chart Detail,22100284,469,0,Opponent,1610612761,Toronto Raptors,3,0,31,Made Shot,Turnaround Fadeaway shot,,In The Paint (Non-RA),Center(C),Less Than 8 ft.,6,40,51,1,1,20211126,IND,TOR,22100284469,|1627832|1629004|1630173|1630201|1630567,0,REG,,,2022,1630201,11.0,PG,Point of Attack,-0.52,McConnell 6' Turnaround Fadeaway (4 PTS),,,,IND,1610612754.0,
Shot Chart Detail,22100284,487,0,Opponent,1610612761,Toronto Raptors,4,11,30,Missed Shot,Jump Shot,,Above the Break 3,Left Side Center(LC),24+ ft.,25,-208,143,1,0,20211126,IND,TOR,22100284487,|1627783|1629004|1630173|1630201|1630625,0,REG,,,2022,1630625,9.0,PG,Chaser,0.27,MISS Martin 25' 3PT Jump Shot,,,,IND,1610612754.0,
Shot Chart Detail,22100284,491,0,Opponent,1610612761,Toronto Raptors,4,10,56,Missed Shot,Driving Floating Jump Shot,,Restricted Area,Center(C),Less Than 8 ft.,3,7,30,1,0,20211126,IND,TOR,22100284491,|1627783|1629004|1630173|1630201|1630625,0,REG,,,2022,1630625|1627783|1630173,9.0,,,,,,,,IND,1610612754.0,
Shot Chart Detail,22100284,495,0,Opponent,1610612761,Toronto Raptors,4,10,37,Missed Shot,Driving Layup Shot,,Restricted Area,Center(C),Less Than 8 ft.,3,-32,22,1,0,20211126,IND,TOR,22100284495,|1627783|1629004|1630173|1630201|1630625,0,REG,,,2022,1630201,9.0,PG,Point of Attack,-0.52,MISS Duarte 4' Driving Layup,,,,IND,1610612754.0,
Shot Chart Detail,22100284,497,0,Opponent,1610612761,Toronto Raptors,4,10,33,Missed Shot,Tip Layup Shot,,Restricted Area,Center(C),Less Than 8 ft.,0,0,0,1,0,20211126,IND,TOR,22100284497,|1627783|1629004|1630173|1630201|1630625,0,REG,,,2022,1630201|1630173,9.0,,,,,,,,IND,1610612754.0,
Shot Chart Detail,22100284,511,0,Opponent,1610612761,Toronto Raptors,4,9,42,Missed Shot,Jump Shot,,Left Corner 3,Left Side(L),24+ ft.,23,-235,1,1,0,20211126,IND,TOR,22100284511,|1627783|1629004|1630173|1630201|1630625,0,REG,,,2022,,,,,,,,,,IND,1610612754.0,
Shot Chart Detail,22100284,513,0,Opponent,1610612761,Toronto Raptors,4,9,37,Made Shot,Jump Shot,,Above the Break 3,Center(C),24+ ft.,26,6,267,1,1,20211126,IND,TOR,22100284513,|1627783|1629004|1630173|1630201|1630625,1,REG,,,2022,,,,,,,,,,IND,1610612754.0,1629103.0
Shot Chart Detail,22100284,517,0,Opponent,1610612761,Toronto Raptors,4,9,3,Made Shot,Turnaround Jump Shot,,In The Paint (Non-RA),Center(C),Less Than 8 ft.,6,-10,66,1,1,20211126,IND,TOR,22100284517,|1627783|1629004|1630173|1630201|1630625,1,REG,,,2022,1630625|1630173,11.0,,,,,,,,IND,1610612754.0,1627763.0
Shot Chart Detail,22100284,521,0,Opponent,1610612761,Toronto Raptors,4,8,38,Made Shot,Driving Finger Roll Layup Shot,,Restricted Area,Center(C),Less Than 8 ft.,2,-13,21,1,1,20211126,IND,TOR,22100284521,|1627783|1629004|1630173|1630201|1630625,0,REG,,,2022,1627783,13.0,PF,Helper,0.72,Brogdon 2' Driving Finger Roll Layup (8 PTS),,,,IND,1610612754.0,
Shot Chart Detail,22100284,531,0,Opponent,1610612761,Toronto Raptors,4,8,5,Missed Shot,Driving Layup Shot,,In The Paint (Non-RA),Center(C),Less Than 8 ft.,5,-50,29,1,0,20211126,IND,TOR,22100284531,|1627783|1627832|1629018|1630173|1630567,0,REG,,,2022,1627832,13.0,PG,Point of Attack,0.9,MISS Duarte 6' Driving Layup,,,,IND,1610612754.0,
Shot Chart Detail,22100284,534,0,Opponent,1610612761,Toronto Raptors,4,8,1,Missed Shot,Jump Shot,,Left Corner 3,Left Side(L),24+ ft.,22,-228,15,1,0,20211126,IND,TOR,22100284534,|1627783|1627832|1629018|1630173|1630567,0,REG,,,2022,1627832,13.0,PG,Point of Attack,0.9,MISS Duarte 3PT Jump Shot,,,,IND,1610612754.0,
Shot Chart Detail,22100284,538,0,Opponent,1610612761,Toronto Raptors,4,7,27,Missed Shot,Pullup Jump shot,,Mid-Range,Right Side(R),8-16 ft.,9,92,26,1,0,20211126,IND,TOR,22100284538,|1627783|1627832|1629018|1630173|1630567,0,REG,,,2022,1627832,13.0,PG,Point of Attack,0.9,MISS LeVert 10' Pullup Jump Shot,,,,IND,1610612754.0,
Shot Chart Detail,22100284,540,0,Opponent,1610612761,Toronto Raptors,4,7,24,Made Shot,Putback Layup Shot,,Restricted Area,Center(C),Less Than 8 ft.,1,-18,4,1,1,20211126,IND,TOR,22100284540,|1627783|1627832|1629018|1630173|1630567,0,REG,,,2022,1630173,15.0,C,Mobile Big,0.24,Sabonis 2' Putback Layup (18 PTS),,,,IND,1610612754.0,
Shot Chart Detail,22100284,545,0,Opponent,1610612761,Toronto Raptors,4,6,46,Made Shot,Jump Shot,,Above the Break 3,Left Side Center(LC),24+ ft.,25,-119,231,1,1,20211126,IND,TOR,22100284545,|1627783|1627832|1629018|1630173|1630567,1,REG,,,2022,1630173,17.0,C,Mobile Big,0.24,Sabonis 26' 3PT Jump Shot (22 PTS) (LeVert 2 AST),,,,IND,1610612754.0,1627747.0
Shot Chart Detail,22100284,549,0,Opponent,1610612761,Toronto Raptors,4,6,24,Missed Shot,Running Jump Shot,,Right Corner 3,Right Side(R),24+ ft.,24,240,17,1,0,20211126,IND,TOR,22100284549,|1627783|1627832|1629018|1630173|1630567,0,REG,,,2022,,,,,,,,,,IND,1610612754.0,
Shot Chart Detail,22100284,574,0,Opponent,1610612761,Toronto Raptors,4,5,12,Missed Shot,Pullup Jump shot,,Mid-Range,Left Side Center(LC),16-24 ft.,19,-107,161,1,0,20211126,IND,TOR,22100284574,|1627783|1627832|1628449|1630567|1630625,0,REG,,,2022,1630625|1627832,13.0,,,,,,,,IND,1610612754.0,
Shot Chart Detail,22100284,578,0,Opponent,1610612761,Toronto Raptors,4,4,55,Missed Shot,Pullup Jump shot,,Above the Break 3,Center(C),24+ ft.,25,-15,251,1,0,20211126,IND,TOR,22100284578,|1627783|1627832|1628449|1630567|1630625,0,REG,,,2022,1630567,13.0,PF,Helper,0.63,MISS Brogdon 25' 3PT Pullup Jump Shot,,,,IND,1610612754.0,
Shot Chart Detail,22100284,580,0,Opponent,1610612761,Toronto Raptors,4,4,44,Missed Shot,Jump Shot,,Left Corner 3,Left Side(L),24+ ft.,23,-232,6,1,0,20211126,IND,TOR,22100284580,|1627783|1627832|1628449|1630567|1630625,0,REG,,,2022,1627832,13.0,PG,Point of Attack,0.9,MISS Sabonis 3PT Jump Shot,,,,IND,1610612754.0,
Shot Chart Detail,22100284,588,0,Opponent,1610612761,Toronto Raptors,4,4,18,Made Shot,Jump Shot,,Right Corner 3,Right Side(R),24+ ft.,23,232,-1,1,1,20211126,IND,TOR,22100284588,|1627783|1627832|1628449|1630567|1630625,1,REG,,,2022,1630567,14.0,PF,Helper,0.63,Brogdon 3PT Jump Shot (11 PTS) (McConnell 7 AST),,,,IND,1610612754.0,204456.0
Shot Chart Detail,22100284,600,0,Opponent,1610612761,Toronto Raptors,4,3,11,Missed Shot,Hook Shot,,In The Paint (Non-RA),Center(C),8-16 ft.,8,40,80,1,0,20211126,IND,TOR,22100284600,|1627783|1627832|1628449|1630567|1630625,0,REG,,,2022,1628449,14.0,SF,Helper,0.4,MISS Turner 9' Hook Shot,,,,IND,1610612754.0,
Shot Chart Detail,22100284,606,0,Opponent,1610612761,Toronto Raptors,4,2,34,Made Shot,Jump Shot,,Above the Break 3,Right Side Center(RC),24+ ft.,24,216,124,1,1,20211126,IND,TOR,22100284606,|1627783|1627832|1628449|1630567|1630625,1,REG,,,2022,1627832,15.0,PG,Point of Attack,0.9,Turner 25' 3PT Jump Shot (17 PTS) (LeVert 3 AST),,,,IND,1610612754.0,1627747.0
Shot Chart Detail,22100284,616,0,Opponent,1610612761,Toronto Raptors,4,1,38,Made Shot,Pullup Jump shot,,Mid-Range,Right Side(R),8-16 ft.,14,104,101,1,1,20211126,IND,TOR,22100284616,|1627783|1627832|1628449|1630567|1630625,1,REG,,,2022,1630625|1627832,16.0,,,,,,,,IND,1610612754.0,1627763.0
Shot Chart Detail,22100284,621,0,Opponent,1610612761,Toronto Raptors,4,1,32,Missed Shot,Jump Shot,,Above the Break 3,Left Side Center(LC),24+ ft.,25,-228,105,1,0,20211126,IND,TOR,22100284621,|1627783|1627832|1628449|1630567|1630625,0,REG,,,2022,1627783,16.0,PF,Helper,0.72,MISS Turner 25' 3PT Jump Shot,,,,IND,1610612754.0,
Shot Chart Detail,22100302,13,0,Opponent,1610612761,Toronto Raptors,1,11,16,Made Shot,Running Jump Shot,,Mid-Range,Left Side(L),16-24 ft.,17,-145,100,1,1,20211128,TOR,BOS,2210030213,|1627783|1627832|1629004|1630173|1630567,1,REG,,,2022,1630173,4.0,C,Mobile Big,0.24,Horford 18' Running Jump Shot (4 PTS) (Tatum 1 AST),,,,BOS,1610612738.0,1628369.0
Shot Chart Detail,22100302,17,0,Opponent,1610612761,Toronto Raptors,1,11,4,Missed Shot,Layup Shot,,Restricted Area,Center(C),Less Than 8 ft.,1,-7,15,1,0,20211128,TOR,BOS,2210030217,|1627783|1627832|1629004|1630173|1630567,0,REG,,,2022,1630567,4.0,PF,Helper,0.63,Barnes BLOCK (1 BLK),,,,BOS,1610612738.0,
Shot Chart Detail,22100302,22,0,Opponent,1610612761,Toronto Raptors,1,10,50,Missed Shot,Driving Floating Bank Jump Shot,,In The Paint (Non-RA),Center(C),Less Than 8 ft.,5,-44,36,1,0,20211128,TOR,BOS,2210030222,|1627783|1627832|1629004|1630173|1630567,0,REG,,,2022,1627832,4.0,PG,Point of Attack,0.9,MISS Brown 6' Driving Floating Bank Jump Shot,,,,BOS,1610612738.0,
Shot Chart Detail,22100302,31,0,Opponent,1610612761,Toronto Raptors,1,10,14,Missed Shot,Pullup Jump shot,,Mid-Range,Left Side Center(LC),16-24 ft.,17,-122,124,1,0,20211128,TOR,BOS,2210030231,|1627783|1627832|1629004|1629139|1630173,0,REG,,,2022,1630173,4.0,C,Mobile Big,0.24,MISS Tatum 17' Pullup Jump Shot,,,,BOS,1610612738.0,
Shot Chart Detail,22100302,48,0,Opponent,1610612761,Toronto Raptors,1,9,14,Missed Shot,Driving Floating Jump Shot,,In The Paint (Non-RA),Center(C),Less Than 8 ft.,4,-23,39,1,0,20211128,TOR,BOS,2210030248,|1627783|1627832|1629004|1629139|1630173,0,REG,,,2022,1627783|1630173|1629004,0.0,,,,,,,,BOS,1610612738.0,
Shot Chart Detail,22100302,51,0,Opponent,1610612761,Toronto Raptors,1,8,45,Made Shot,Jump Shot,,Right Corner 3,Right Side(R),24+ ft.,23,234,10,1,1,20211128,TOR,BOS,2210030251,|1627783|1627832|1629004|1629139|1630173,1,REG,,,2022,1629004,0.0,SF,Chaser,-0.31,Williams 3PT Jump Shot (3 PTS) (Tatum 2 AST),,,,BOS,1610612738.0,1628369.0
Shot Chart Detail,22100302,55,0,Opponent,1610612761,Toronto Raptors,1,8,14,Missed Shot,Jump Shot,,Mid-Range,Left Side(L),8-16 ft.,12,-123,-9,1,0,20211128,TOR,BOS,2210030255,|1627783|1627832|1629004|1629139|1630173,0,REG,,,2022,,,,,,,,,,BOS,1610612738.0,
Shot Chart Detail,22100302,58,0,Opponent,1610612761,Toronto Raptors,1,7,54,Missed Shot,Pullup Jump shot,,Above the Break 3,Center(C),24+ ft.,25,-7,257,1,0,20211128,TOR,BOS,2210030258,|1627783|1627832|1629004|1629139|1630173,0,REG,,,2022,1627832|1630173,-2.0,,,,,,,,BOS,1610612738.0,
Shot Chart Detail,22100302,62,0,Opponent,1610612761,Toronto Raptors,1,7,28,Missed Shot,Jump Shot,,Above the Break 3,Right Side Center(RC),24+ ft.,26,128,227,1,0,20211128,TOR,BOS,2210030262,|1627783|1627832|1629004|1629139|1630173,0,REG,,,2022,1629004,-2.0,SF,Chaser,-0.31,MISS Smart 26' 3PT Jump Shot,,,,BOS,1610612738.0,
Shot Chart Detail,22100302,65,0,Opponent,1610612761,Toronto Raptors,1,6,59,Made Shot,Jump Shot,,Above the Break 3,Right Side Center(RC),24+ ft.,26,181,188,1,1,20211128,TOR,BOS,2210030265,|1627783|1627832|1629004|1629139|1630173,1,REG,,,2022,1629139,-1.0,SF,Helper,0.1,Tatum 26' 3PT Jump Shot (3 PTS) (Horford 1 AST),,,,BOS,1610612738.0,201143.0
Shot Chart Detail,22100302,68,0,Opponent,1610612761,Toronto Raptors,1,6,30,Missed Shot,Driving Finger Roll Layup Shot,,Restricted Area,Center(C),Less Than 8 ft.,2,18,18,1,0,20211128,TOR,BOS,2210030268,|1627783|1627832|1629004|1629139|1630173,0,REG,,,2022,1629004|1629139,-3.0,,,,,,,,BOS,1610612738.0,
Shot Chart Detail,22100302,76,0,Opponent,1610612761,Toronto Raptors,1,6,2,Made Shot,Driving Floating Jump Shot,,In The Paint (Non-RA),Center(C),Less Than 8 ft.,6,-16,59,1,1,20211128,TOR,BOS,2210030276,|1627783|1627832|1629004|1629139|1630173,1,REG,,,2022,1627832|1627783,-1.0,,,,,,,,BOS,1610612738.0,201143.0
Shot Chart Detail,22100302,87,0,Opponent,1610612761,Toronto Raptors,1,5,29,Made Shot,Jump Shot,,Left Corner 3,Left Side(L),24+ ft.,23,-235,-1,1,1,20211128,TOR,BOS,2210030287,|1627783|1627832|1629004|1629067|1630567,1,REG,,,2022,1627783,-1.0,PF,Helper,0.72,Brown 24' 3PT Jump Shot (5 PTS) (Williams 1 AST),,,,BOS,1610612738.0,1629684.0
Shot Chart Detail,22100302,91,0,Opponent,1610612761,Toronto Raptors,1,4,54,Missed Shot,Driving Layup Shot,,Restricted Area,Center(C),Less Than 8 ft.,2,-24,13,1,0,20211128,TOR,BOS,2210030291,|1627783|1627832|1629004|1629067|1630567,0,REG,,,2022,1629067|1627783|1630567,-4.0,,,,,,,,BOS,1610612738.0,
Shot Chart Detail,22100302,98,0,Opponent,1610612761,Toronto Raptors,1,4,39,Missed Shot,Jump Shot,,Above the Break 3,Center(C),24+ ft.,27,6,279,1,0,20211128,TOR,BOS,2210030298,|1627783|1627832|1629004|1629067|1630567,0,REG,,,2022,1627783,-4.0,PF,Helper,0.72,MISS Richardson 28' 3PT Jump Shot,,,,BOS,1610612738.0,
Shot Chart Detail,22100302,102,0,Opponent,1610612761,Toronto Raptors,1,4,23,Missed Shot,Driving Layup Shot,,Restricted Area,Center(C),Less Than 8 ft.,3,-26,18,1,0,20211128,TOR,BOS,22100302102,|1627783|1627832|1629004|1629067|1630567,0,REG,,,2022,1629067|1627783|1629004,-4.0,,,,,,,,BOS,1610612738.0,
Shot Chart Detail,22100302,104,0,Opponent,1610612761,Toronto Raptors,1,4,21,Made Shot,Tip Layup Shot,,Restricted Area,Center(C),Less Than 8 ft.,0,0,0,1,1,20211128,TOR,BOS,22100302104,|1627783|1627832|1629004|1629067|1630567,0,REG,,,2022,1627832|1627783,-2.0,,,,,,,,BOS,1610612738.0,
Shot Chart Detail,22100302,108,0,Opponent,1610612761,Toronto Raptors,1,3,53,Missed Shot,Driving Finger Roll Layup Shot,,In The Paint (Non-RA),Center(C),Less Than 8 ft.,4,-34,26,1,0,20211128,TOR,BOS,22100302108,|1627783|1627832|1629004|1629067|1630567,0,REG,,,2022,1629067|1630567,-2.0,,,,,,,,BOS,1610612738.0,
Shot Chart Detail,22100302,115,0,Opponent,1610612761,Toronto Raptors,1,3,31,Missed Shot,Jump Shot,,Above the Break 3,Right Side Center(RC),24+ ft.,26,183,191,1,0,20211128,TOR,BOS,22100302115,|1627783|1627832|1629004|1629067|1630567,0,REG,,,2022,1629067,-2.0,SF,Helper,-0.22,MISS Horford 26' 3PT Jump Shot,,,,BOS,1610612738.0,
Shot Chart Detail,22100302,120,0,Opponent,1610612761,Toronto Raptors,1,3,8,Made Shot,Driving Finger Roll Layup Shot,,Restricted Area,Center(C),Less Than 8 ft.,3,12,33,1,1,20211128,TOR,BOS,22100302120,|1627783|1627832|1629004|1629067|1630567,0,REG,,,2022,1629067,-2.0,SF,Helper,-0.22,Smart 4' Driving Finger Roll Layup (2 PTS),,,,BOS,1610612738.0,
Shot Chart Detail,22100302,138,0,Opponent,1610612761,Toronto Raptors,1,2,3,Missed Shot,Jump Shot,,Above the Break 3,Center(C),24+ ft.,25,39,254,1,0,20211128,TOR,BOS,22100302138,|1627832|1629067|1630173|1630567|1630625,0,REG,,,2022,1630625|1630567,-2.0,,,,,,,,BOS,1610612738.0,
Shot Chart Detail,22100302,142,0,Opponent,1610612761,Toronto Raptors,1,1,22,Missed Shot,Jump Shot,,Above the Break 3,Right Side Center(RC),24+ ft.,28,126,255,1,0,20211128,TOR,BOS,22100302142,|1627832|1629067|1630173|1630567|1630625,0,REG,,,2022,1630625,-4.0,PG,Chaser,0.27,MISS Smart 28' 3PT Jump Shot,,,,BOS,1610612738.0,
Shot Chart Detail,22100302,146,0,Opponent,1610612761,Toronto Raptors,1,0,58,Missed Shot,Driving Reverse Layup Shot,,Restricted Area,Center(C),Less Than 8 ft.,1,-15,1,1,0,20211128,TOR,BOS,22100302146,|1627832|1629067|1630173|1630567|1630625,0,REG,,,2022,1629067,-4.0,SF,Helper,-0.22,MISS Smart 2' Driving Reverse Layup,,,,BOS,1610612738.0,
Shot Chart Detail,22100302,154,0,Opponent,1610612761,Toronto Raptors,1,0,51,Made Shot,Pullup Jump shot,,Mid-Range,Left Side(L),8-16 ft.,15,-141,59,1,1,20211128,TOR,BOS,22100302154,|1629067|1630173|1630201|1630567|1630625,0,REG,,,2022,1630173,-2.0,C,Mobile Big,0.24,Richardson 15' Pullup Jump Shot (4 PTS),,,,BOS,1610612738.0,
Shot Chart Detail,22100302,158,0,Opponent,1610612761,Toronto Raptors,1,0,28,Made Shot,Jump Shot,,Right Corner 3,Right Side(R),24+ ft.,23,229,41,1,1,20211128,TOR,BOS,22100302158,|1629067|1630173|1630201|1630567|1630625,1,REG,,,2022,1629067,1.0,SF,Helper,-0.22,Langford 3PT Jump Shot (3 PTS) (Tatum 3 AST),,,,BOS,1610612738.0,1628369.0
Shot Chart Detail,22100302,170,0,Opponent,1610612761,Toronto Raptors,1,0,0,Missed Shot,Driving Floating Bank Jump Shot,,Backcourt,Back Court(BC),Back Court Shot,53,-86,524,1,0,20211128,TOR,BOS,22100302170,|1627783|1627832|1630173|1630201|1630567,0,REG,,,2022,,,,,,,,,,BOS,1610612738.0,
Shot Chart Detail,22100302,183,0,Opponent,1610612761,Toronto Raptors,2,11,18,Made Shot,Jump Shot,,Above the Break 3,Right Side Center(RC),24+ ft.,24,202,145,1,1,20211128,TOR,BOS,22100302183,|1627783|1629004|1630173|1630201|1630567,1,REG,,,2022,1629004,4.0,SF,Chaser,-0.31,Richardson 25' 3PT Jump Shot (7 PTS) (Tatum 4 AST),,,,BOS,1610612738.0,1628369.0
Shot Chart Detail,22100302,201,0,Opponent,1610612761,Toronto Raptors,2,9,23,Missed Shot,Step Back Jump shot,,Above the Break 3,Left Side Center(LC),24+ ft.,26,-147,218,1,0,20211128,TOR,BOS,22100302201,|1627783|1629004|1630173|1630201|1630567,0,REG,,,2022,1630173,7.0,C,Mobile Big,0.24,MISS Tatum 26' 3PT Step Back Jump Shot,,,,BOS,1610612738.0,
Shot Chart Detail,22100302,216,0,Opponent,1610612761,Toronto Raptors,2,8,21,Missed Shot,Driving Finger Roll Layup Shot,,In The Paint (Non-RA),Center(C),Less Than 8 ft.,4,43,20,1,0,20211128,TOR,BOS,22100302216,|1627783|1629004|1629139|1630173|1630201,0,REG,,,2022,1627783|1630173,7.0,,,,,,,,BOS,1610612738.0,
Shot Chart Detail,22100302,227,0,Opponent,1610612761,Toronto Raptors,2,7,47,Missed Shot,Jump Shot,,Above the Break 3,Left Side Center(LC),24+ ft.,29,-161,242,1,0,20211128,TOR,BOS,22100302227,|1627783|1627832|1629139|1630173|1630201,0,REG,,,2022,1627832,5.0,PG,Point of Attack,0.9,MISS Pritchard 29' 3PT Jump Shot,,,,BOS,1610612738.0,
Shot Chart Detail,22100302,231,0,Opponent,1610612761,Toronto Raptors,2,7,16,Missed Shot,Pullup Jump shot,,Mid-Range,Left Side Center(LC),16-24 ft.,17,-93,144,1,0,20211128,TOR,BOS,22100302231,|1627783|1627832|1629139|1630173|1630201,0,REG,,,2022,1630173|1629139,3.0,,,,,,,,BOS,1610612738.0,
Shot Chart Detail,22100302,233,0,Opponent,1610612761,Toronto Raptors,2,7,8,Made Shot,Jump Shot,,Above the Break 3,Left Side Center(LC),24+ ft.,25,-184,183,1,1,20211128,TOR,BOS,22100302233,|1627783|1627832|1629139|1630173|1630201,1,REG,,,2022,1629139,6.0,SF,Helper,0.1,Williams 26' 3PT Jump Shot (6 PTS) (Brown 1 AST),,,,BOS,1610612738.0,1627759.0
Shot Chart Detail,22100302,254,0,Opponent,1610612761,Toronto Raptors,2,6,12,Made Shot,Cutting Dunk Shot,,Restricted Area,Center(C),Less Than 8 ft.,1,-2,10,1,1,20211128,TOR,BOS,22100302254,|1627783|1627832|1629139|1630201|1630567,1,REG,,,2022,1627783,6.0,PF,Helper,0.72,Brown 1' Cutting Dunk Shot (7 PTS) (Smart 1 AST),,,,BOS,1610612738.0,203935.0
Shot Chart Detail,22100302,273,0,Opponent,1610612761,Toronto Raptors,2,4,42,Missed Shot,Jump Shot,,Left Corner 3,Left Side(L),24+ ft.,24,-229,75,1,0,20211128,TOR,BOS,22100302273,|1627783|1627832|1629139|1630201|1630567,0,REG,,,2022,1630201,1.0,PG,Point of Attack,-0.52,MISS Williams 24' 3PT Jump Shot,,,,BOS,1610612738.0,
Shot Chart Detail,22100302,275,0,Opponent,1610612761,Toronto Raptors,2,4,38,Made Shot,Putback Layup Shot,,Restricted Area,Center(C),Less Than 8 ft.,1,4,12,1,1,20211128,TOR,BOS,22100302275,|1627783|1627832|1629139|1630201|1630567,0,REG,,,2022,1627832,3.0,PG,Point of Attack,0.9,Brown 1' Putback Layup (11 PTS),,,,BOS,1610612738.0,
Shot Chart Detail,22100302,278,0,Opponent,1610612761,Toronto Raptors,2,4,12,Missed Shot,Jump Shot,,Above the Break 3,Right Side Center(RC),24+ ft.,25,98,233,1,0,20211128,TOR,BOS,22100302278,|1627783|1627832|1629139|1630201|1630567,0,REG,,,2022,1627832,1.0,PG,Point of Attack,0.9,MISS Smart 25' 3PT Jump Shot,,,,BOS,1610612738.0,
Shot Chart Detail,22100302,280,0,Opponent,1610612761,Toronto Raptors,2,4,8,Missed Shot,Jump Shot,,Above the Break 3,Left Side Center(LC),24+ ft.,27,-156,231,1,0,20211128,TOR,BOS,22100302280,|1627783|1627832|1629139|1630201|1630567,0,REG,,,2022,1627783,1.0,PF,Helper,0.72,MISS Brown 28' 3PT Jump Shot,,,,BOS,1610612738.0,
Shot Chart Detail,22100302,305,0,Opponent,1610612761,Toronto Raptors,2,2,27,Made Shot,Jump Shot,,Above the Break 3,Right Side Center(RC),24+ ft.,25,188,172,1,1,20211128,TOR,BOS,22100302305,|1627783|1627832|1629004|1629067|1630567,1,REG,,,2022,1630567,8.0,PF,Helper,0.63,Horford 25' 3PT Jump Shot (9 PTS) (Brown 2 AST),,,,BOS,1610612738.0,1627759.0
Shot Chart Detail,22100302,309,0,Opponent,1610612761,Toronto Raptors,2,1,54,Missed Shot,Jump Shot,,Above the Break 3,Center(C),24+ ft.,24,0,248,1,0,20211128,TOR,BOS,22100302309,|1627783|1627832|1629004|1629067|1630567,0,REG,,,2022,1629067,8.0,SF,Helper,-0.22,MISS Tatum 25' 3PT Jump Shot,,,,BOS,1610612738.0,
Shot Chart Detail,22100302,314,0,Opponent,1610612761,Toronto Raptors,2,1,18,Missed Shot,Jump Shot,,Left Corner 3,Left Side(L),24+ ft.,23,-235,10,1,0,20211128,TOR,BOS,22100302314,|1627783|1627832|1629004|1629067|1630567,0,REG,,,2022,1629067,5.0,SF,Helper,-0.22,MISS Smart 24' 3PT Jump Shot,,,,BOS,1610612738.0,
Shot Chart Detail,22100302,345,0,Opponent,1610612761,Toronto Raptors,2,0,7,Missed Shot,Driving Layup Shot,,In The Paint (Non-RA),Center(C),Less Than 8 ft.,6,4,60,1,0,20211128,TOR,BOS,22100302345,|1627832|1629004|1629139|1630173|1630567,0,REG,,,2022,1629004,3.0,SF,Chaser,-0.31,Mykhailiuk BLOCK (1 BLK),,,,BOS,1610612738.0,
Shot Chart Detail,22100302,374,0,Opponent,1610612761,Toronto Raptors,3,11,7,Made Shot,Driving Finger Roll Layup Shot,,In The Paint (Non-RA),Center(C),Less Than 8 ft.,4,-9,43,1,1,20211128,TOR,BOS,22100302374,|1627783|1627832|1629004|1630173|1630567,0,REG,,,2022,1627783|1630567,2.0,,,,,,,,BOS,1610612738.0,
Shot Chart Detail,22100302,384,0,Opponent,1610612761,Toronto Raptors,3,10,19,Made Shot,Cutting Finger Roll Layup Shot,,Restricted Area,Center(C),Less Than 8 ft.,2,20,15,1,1,20211128,TOR,BOS,22100302384,|1627783|1627832|1629004|1630173|1630567,1,REG,,,2022,1630173,4.0,C,Mobile Big,0.24,Brown 3' Cutting Finger Roll Layup Shot (13 PTS) (Smart 2 AST),,,,BOS,1610612738.0,203935.0
Shot Chart Detail,22100302,390,0,Opponent,1610612761,Toronto Raptors,3,9,39,Made Shot,Cutting Layup Shot,,Restricted Area,Center(C),Less Than 8 ft.,2,18,17,1,1,20211128,TOR,BOS,22100302390,|1627783|1627832|1629004|1630173|1630567,1,REG,,,2022,1629004,3.0,SF,Chaser,-0.31,Williams 2' Cutting Layup Shot (12 PTS) (Smart 3 AST),,,,BOS,1610612738.0,203935.0
Shot Chart Detail,22100302,394,0,Opponent,1610612761,Toronto Raptors,3,9,14,Missed Shot,Step Back Jump shot,,Mid-Range,Center(C),16-24 ft.,21,10,210,1,0,20211128,TOR,BOS,22100302394,|1627783|1627832|1629004|1630173|1630567,0,REG,,,2022,1627832,3.0,PG,Point of Attack,0.9,MISS Tatum 21' Step Back Jump Shot,,,,BOS,1610612738.0,
Shot Chart Detail,22100302,412,0,Opponent,1610612761,Toronto Raptors,3,7,42,Made Shot,Jump Shot,,Right Corner 3,Right Side(R),24+ ft.,23,237,13,1,1,20211128,TOR,BOS,22100302412,|1627783|1627832|1629004|1630173|1630567,1,REG,,,2022,1630173,3.0,C,Mobile Big,0.24,Williams 24' 3PT Jump Shot (15 PTS) (Tatum 5 AST),,,,BOS,1610612738.0,1628369.0
Shot Chart Detail,22100302,416,0,Opponent,1610612761,Toronto Raptors,3,7,9,Missed Shot,Jump Shot,,Above the Break 3,Left Side Center(LC),24+ ft.,25,-157,202,1,0,20211128,TOR,BOS,22100302416,|1627783|1627832|1629004|1630173|1630567,0,REG,,,2022,1630173,3.0,C,Mobile Big,0.24,MISS Horford 26' 3PT Jump Shot,,,,BOS,1610612738.0,
Shot Chart Detail,22100302,420,0,Opponent,1610612761,Toronto Raptors,3,6,37,Made Shot,Jump Shot,,Right Corner 3,Right Side(R),24+ ft.,23,235,9,1,1,20211128,TOR,BOS,22100302420,|1627783|1627832|1629004|1630173|1630567,1,REG,,,2022,,,,,,,,,,BOS,1610612738.0,1627759.0
Shot Chart Detail,22100302,431,0,Opponent,1610612761,Toronto Raptors,3,5,47,Missed Shot,Jump Shot,,Above the Break 3,Right Side Center(RC),24+ ft.,26,147,218,1,0,20211128,TOR,BOS,22100302431,|1627783|1627832|1629004|1629139|1630567,0,REG,,,2022,1629139,0.0,SF,Helper,0.1,MISS Richardson 26' 3PT Jump Shot,,,,BOS,1610612738.0,
Shot Chart Detail,22100302,447,0,Opponent,1610612761,Toronto Raptors,3,4,55,Missed Shot,Jump Shot,,Above the Break 3,Center(C),24+ ft.,25,-53,253,1,0,20211128,TOR,BOS,22100302447,|1627832|1629004|1629067|1629139|1630567,0,REG,,,2022,1629067,-1.0,SF,Helper,-0.22,MISS Horford 26' 3PT Jump Shot,,,,BOS,1610612738.0,
Shot Chart Detail,22100302,461,0,Opponent,1610612761,Toronto Raptors,3,3,33,Missed Shot,Driving Floating Bank Jump Shot,,Mid-Range,Right Side(R),8-16 ft.,10,97,28,1,0,20211128,TOR,BOS,22100302461,|1627832|1629004|1629067|1629139|1630567,0,REG,,,2022,1629067,-2.0,SF,Helper,-0.22,MISS Horford 10' Driving Floating Bank Jump Shot,,,,BOS,1610612738.0,
Shot Chart Detail,22100302,463,0,Opponent,1610612761,Toronto Raptors,3,3,20,Missed Shot,Jump Shot,,Left Corner 3,Left Side(L),24+ ft.,23,-230,8,1,0,20211128,TOR,BOS,22100302463,|1627832|1629004|1629067|1629139|1630567,0,REG,,,2022,1629004,-2.0,SF,Chaser,-0.31,MISS Smart 3PT Jump Shot,,,,BOS,1610612738.0,
Shot Chart Detail,22100302,469,0,Opponent,1610612761,Toronto Raptors,3,3,2,Made Shot,Layup Shot,,In The Paint (Non-RA),Center(C),Less Than 8 ft.,7,50,51,1,1,20211128,TOR,BOS,22100302469,|1627832|1629004|1629067|1629139|1630567,1,REG,,,2022,1627832,0.0,PG,Point of Attack,0.9,Horford 7' Layup (15 PTS) (Smart 4 AST),,,,BOS,1610612738.0,203935.0
Shot Chart Detail,22100302,484,0,Opponent,1610612761,Toronto Raptors,3,2,24,Made Shot,Hook Shot,,In The Paint (Non-RA),Center(C),8-16 ft.,9,48,85,1,1,20211128,TOR,BOS,22100302484,|1627832|1630173|1630201|1630551|1630567,1,REG,,,2022,1630551|1630173,2.0,,,,,,,,BOS,1610612738.0,203935.0
Shot Chart Detail,22100302,489,0,Opponent,1610612761,Toronto Raptors,3,1,50,Made Shot,Jump Shot,,Right Corner 3,Right Side(R),24+ ft.,25,236,85,1,1,20211128,TOR,BOS,22100302489,|1627832|1630173|1630201|1630551|1630567,1,REG,,,2022,1627832,5.0,PG,Point of Attack,0.9,Smart 25' 3PT Jump Shot (13 PTS) (Richardson 1 AST),,,,BOS,1610612738.0,1626196.0
Shot Chart Detail,22100302,501,0,Opponent,1610612761,Toronto Raptors,3,1,14,Missed Shot,Driving Floating Jump Shot,,In The Paint (Non-RA),Center(C),8-16 ft.,8,-39,71,1,0,20211128,TOR,BOS,22100302501,|1627832|1630173|1630201|1630551|1630567,0,REG,,,2022,1627832|1630201,4.0,,,,,,,,BOS,1610612738.0,
Shot Chart Detail,22100302,505,0,Opponent,1610612761,Toronto Raptors,3,0,38,Made Shot,Step Back Jump shot,,Mid-Range,Center(C),16-24 ft.,17,4,174,1,1,20211128,TOR,BOS,22100302505,|1627832|1630173|1630201|1630551|1630567,0,REG,,,2022,1630173,6.0,C,Mobile Big,0.24,Richardson 17' Step Back Jump Shot (12 PTS),,,,BOS,1610612738.0,
Shot Chart Detail,22100302,516,0,Opponent,1610612761,Toronto Raptors,3,0,1,Missed Shot,Jump Shot,,Left Corner 3,Left Side(L),24+ ft.,22,-227,17,1,0,20211128,TOR,BOS,22100302516,|1627832|1629067|1630201|1630551|1630567,0,REG,,,2022,1627832,4.0,PG,Point of Attack,0.9,MISS Smart 3PT Jump Shot,,,,BOS,1610612738.0,
Shot Chart Detail,22100302,528,0,Opponent,1610612761,Toronto Raptors,4,11,40,Made Shot,Driving Finger Roll Layup Shot,,Restricted Area,Center(C),Less Than 8 ft.,3,34,13,1,1,20211128,TOR,BOS,22100302528,|1627783|1629004|1630173|1630201|1630551,1,REG,,,2022,1630173,6.0,C,Mobile Big,0.24,Smart 4' Driving Finger Roll Layup (15 PTS) (Tatum 6 AST),,,,BOS,1610612738.0,1628369.0
Shot Chart Detail,22100302,533,0,Opponent,1610612761,Toronto Raptors,4,11,20,Missed Shot,Running Layup Shot,,Restricted Area,Center(C),Less Than 8 ft.,1,-5,13,1,0,20211128,TOR,BOS,22100302533,|1627783|1629004|1630173|1630201|1630551,0,REG,,,2022,1630201,6.0,PG,Point of Attack,-0.52,Flynn BLOCK (1 BLK),,,,BOS,1610612738.0,
Shot Chart Detail,22100302,538,0,Opponent,1610612761,Toronto Raptors,4,11,18,Missed Shot,Fadeaway Jump Shot,,Mid-Range,Right Side(R),8-16 ft.,14,136,57,1,0,20211128,TOR,BOS,22100302538,|1627783|1629004|1630173|1630201|1630551,0,REG,,,2022,1630201,6.0,PG,Point of Attack,-0.52,MISS Tatum 15' Fadeaway Jumper,,,,BOS,1610612738.0,
Shot Chart Detail,22100302,545,0,Opponent,1610612761,Toronto Raptors,4,10,48,Missed Shot,Jump Shot,,Above the Break 3,Right Side Center(RC),24+ ft.,27,142,237,1,0,20211128,TOR,BOS,22100302545,|1627783|1629004|1630173|1630201|1630551,0,REG,,,2022,1627783,6.0,PF,Helper,0.72,MISS Pritchard 28' 3PT Jump Shot,,,,BOS,1610612738.0,
Shot Chart Detail,22100302,557,0,Opponent,1610612761,Toronto Raptors,4,9,54,Missed Shot,Driving Floating Jump Shot,,In The Paint (Non-RA),Center(C),Less Than 8 ft.,7,41,65,1,0,20211128,TOR,BOS,22100302557,|1627783|1629004|1630173|1630201|1630551,0,REG,,,2022,1630551|1627783,6.0,,,,,,,,BOS,1610612738.0,
Shot Chart Detail,22100302,562,0,Opponent,1610612761,Toronto Raptors,4,9,25,Missed Shot,Layup Shot,,In The Paint (Non-RA),Center(C),Less Than 8 ft.,4,23,41,1,0,20211128,TOR,BOS,22100302562,|1627783|1629004|1630173|1630201|1630551,0,REG,,,2022,1630551|1630173|1629004,3.0,,,,,,,,BOS,1610612738.0,
Shot Chart Detail,22100302,567,0,Opponent,1610612761,Toronto Raptors,4,8,59,Made Shot,Jump Shot,,Mid-Range,Right Side(R),16-24 ft.,21,214,13,1,1,20211128,TOR,BOS,22100302567,|1627783|1629004|1630173|1630201|1630551,1,REG,,,2022,1630173,3.0,C,Mobile Big,0.24,Richardson 21' Jump Shot (14 PTS) (Tatum 7 AST),,,,BOS,1610612738.0,1628369.0
Shot Chart Detail,22100302,583,0,Opponent,1610612761,Toronto Raptors,4,8,0,Made Shot,Running Reverse Layup Shot,,Restricted Area,Center(C),Less Than 8 ft.,2,25,15,1,1,20211128,TOR,BOS,22100302583,|1627832|1629004|1630173|1630551|1630567,0,REG,,,2022,1627832|1630551|1629004,7.0,,,,,,,,BOS,1610612738.0,
Shot Chart Detail,22100302,586,0,Opponent,1610612761,Toronto Raptors,4,7,27,Made Shot,Jump Shot,,Above the Break 3,Right Side Center(RC),24+ ft.,25,194,172,1,1,20211128,TOR,BOS,22100302586,|1627832|1629004|1630173|1630551|1630567,1,REG,,,2022,1627832,10.0,PG,Point of Attack,0.9,Smart 26' 3PT Jump Shot (18 PTS) (Tatum 8 AST),,,,BOS,1610612738.0,1628369.0
Shot Chart Detail,22100302,594,0,Opponent,1610612761,Toronto Raptors,4,6,51,Missed Shot,Driving Finger Roll Layup Shot,,Restricted Area,Center(C),Less Than 8 ft.,2,-20,3,1,0,20211128,TOR,BOS,22100302594,|1627783|1627832|1629004|1630173|1630567,0,REG,,,2022,1630567,8.0,PF,Helper,0.63,MISS Tatum 2' Driving Finger Roll Layup,,,,BOS,1610612738.0,
Shot Chart Detail,22100302,596,0,Opponent,1610612761,Toronto Raptors,4,6,45,Made Shot,Tip Layup Shot,,Restricted Area,Center(C),Less Than 8 ft.,0,0,0,1,1,20211128,TOR,BOS,22100302596,|1627783|1627832|1629004|1630173|1630567,0,REG,,,2022,1629004,10.0,SF,Chaser,-0.31,Kanter Tip Layup Shot (4 PTS),,,,BOS,1610612738.0,
Shot Chart Detail,22100302,599,0,Opponent,1610612761,Toronto Raptors,4,6,21,Made Shot,Jump Shot,,Above the Break 3,Left Side Center(LC),24+ ft.,25,-105,236,1,1,20211128,TOR,BOS,22100302599,|1627783|1627832|1629004|1630173|1630567,1,REG,,,2022,1627832,13.0,PG,Point of Attack,0.9,Smart 26' 3PT Jump Shot (21 PTS) (Tatum 9 AST),,,,BOS,1610612738.0,1628369.0
Shot Chart Detail,22100302,614,0,Opponent,1610612761,Toronto Raptors,4,4,52,Missed Shot,Driving Floating Bank Jump Shot,,In The Paint (Non-RA),Center(C),Less Than 8 ft.,6,54,43,1,0,20211128,TOR,BOS,22100302614,|1627783|1627832|1629004|1630173|1630567,0,REG,,,2022,1627783,11.0,PF,Helper,0.72,MISS Langford 7' Driving Floating Bank Jump Shot,,,,BOS,1610612738.0,
Shot Chart Detail,22100302,622,0,Opponent,1610612761,Toronto Raptors,4,4,21,Made Shot,Pullup Jump shot,,Mid-Range,Left Side Center(LC),16-24 ft.,16,-72,146,1,1,20211128,TOR,BOS,22100302622,|1627783|1627832|1629004|1630173|1630567,1,REG,,,2022,1627783|1629004,11.0,,,,,,,,BOS,1610612738.0,1628369.0
Shot Chart Detail,22100302,627,0,Opponent,1610612761,Toronto Raptors,4,3,44,Missed Shot,Jump Shot,,Right Corner 3,Right Side(R),24+ ft.,23,232,21,1,0,20211128,TOR,BOS,22100302627,|1627783|1627832|1629004|1630173|1630567,0,REG,,,2022,1627832,9.0,PG,Point of Attack,0.9,MISS Langford 3PT Jump Shot,,,,BOS,1610612738.0,
Shot Chart Detail,22100302,630,0,Opponent,1610612761,Toronto Raptors,4,3,38,Missed Shot,Driving Floating Jump Shot,,In The Paint (Non-RA),Center(C),Less Than 8 ft.,7,18,73,1,0,20211128,TOR,BOS,22100302630,|1627783|1627832|1629004|1630173|1630567,0,REG,,,2022,1630173,9.0,C,Mobile Big,0.24,MISS Langford 8' Driving Floating Jump Shot,,,,BOS,1610612738.0,
Shot Chart Detail,22100302,632,0,Opponent,1610612761,Toronto Raptors,4,3,35,Made Shot,Tip Layup Shot,,Restricted Area,Center(C),Less Than 8 ft.,0,0,0,1,1,20211128,TOR,BOS,22100302632,|1627783|1627832|1629004|1630173|1630567,0,REG,,,2022,1630567,11.0,PF,Helper,0.63,Kanter Tip Layup Shot (6 PTS),,,,BOS,1610612738.0,
Shot Chart Detail,22100302,635,0,Opponent,1610612761,Toronto Raptors,4,2,58,Missed Shot,Driving Floating Bank Jump Shot,,In The Paint (Non-RA),Center(C),Less Than 8 ft.,5,-38,41,1,0,20211128,TOR,BOS,22100302635,|1627783|1627832|1629004|1630173|1630567,0,REG,,,2022,1627783,11.0,PF,Helper,0.72,MISS Brown 6' Driving Floating Bank Jump Shot,,,,BOS,1610612738.0,
Shot Chart Detail,22100302,637,0,Opponent,1610612761,Toronto Raptors,4,2,44,Missed Shot,Fadeaway Jump Shot,,Mid-Range,Right Side(R),16-24 ft.,19,184,55,1,0,20211128,TOR,BOS,22100302637,|1627783|1627832|1629004|1630173|1630567,0,REG,,,2022,1630567|1629004,11.0,,,,,,,,BOS,1610612738.0,
Shot Chart Detail,22100302,641,0,Opponent,1610612761,Toronto Raptors,4,2,31,Made Shot,Driving Finger Roll Layup Shot,,Restricted Area,Center(C),Less Than 8 ft.,1,-5,11,1,1,20211128,TOR,BOS,22100302641,|1627783|1627832|1629004|1630173|1630567,0,REG,,,2022,1629004,13.0,SF,Chaser,-0.31,Richardson 1' Driving Finger Roll Layup (18 PTS),,,,BOS,1610612738.0,
Shot Chart Detail,22100302,645,0,Opponent,1610612761,Toronto Raptors,4,2,3,Missed Shot,Driving Finger Roll Layup Shot,,Restricted Area,Center(C),Less Than 8 ft.,1,15,9,1,0,20211128,TOR,BOS,22100302645,|1627783|1627832|1629004|1630173|1630567,0,REG,,,2022,1630567,13.0,PF,Helper,0.63,MISS Tatum 2' Driving Finger Roll Layup,,,,BOS,1610612738.0,
Shot Chart Detail,22100302,649,0,Opponent,1610612761,Toronto Raptors,4,1,40,Missed Shot,Jump Shot,,Right Corner 3,Right Side(R),24+ ft.,23,234,40,1,0,20211128,TOR,BOS,22100302649,|1627783|1627832|1629004|1630173|1630567,0,REG,,,2022,1629004,13.0,SF,Chaser,-0.31,MISS Richardson 24' 3PT Jump Shot,,,,BOS,1610612738.0,
Shot Chart Detail,22100302,659,0,Opponent,1610612761,Toronto Raptors,4,0,56,Made Shot,Cutting Finger Roll Layup Shot,,Restricted Area,Center(C),Less Than 8 ft.,2,26,14,1,1,20211128,TOR,BOS,22100302659,|1627783|1627832|1629004|1630173|1630567,1,REG,,,2022,1630173,11.0,C,Mobile Big,0.24,Brown 3' Cutting Finger Roll Layup Shot (16 PTS) (Richardson 2 AST),,,,BOS,1610612738.0,1626196.0
Shot Chart Detail,22100302,662,0,Opponent,1610612761,Toronto Raptors,4,0,26,Made Shot,Cutting Finger Roll Layup Shot,,Restricted Area,Center(C),Less Than 8 ft.,3,36,9,1,1,20211128,TOR,BOS,22100302662,|1627783|1627832|1629004|1630173|1630567,1,REG,,,2022,1630567,11.0,PF,Helper,0.63,Kanter 4' Cutting Finger Roll Layup Shot (8 PTS) (Smart 6 AST),,,,BOS,1610612738.0,203935.0
Shot Chart Detail,22100315,7,0,Opponent,1610612761,Toronto Raptors,1,11,35,Made Shot,Driving Layup Shot,,Restricted Area,Center(C),Less Than 8 ft.,0,0,1,1,1,20211130,TOR,MEM,221003157,|1627783|1627832|1629004|1630173|1630567,0,REG,,,2022,1627832,2.0,PG,Point of Attack,0.9,Brooks Driving Layup (2 PTS),,,,MEM,1610612763.0,
Shot Chart Detail,22100315,15,0,Opponent,1610612761,Toronto Raptors,1,10,32,Missed Shot,Driving Finger Roll Layup Shot,,In The Paint (Non-RA),Center(C),Less Than 8 ft.,5,-48,29,1,0,20211130,TOR,MEM,2210031515,|1627783|1627832|1629004|1630173|1630567,0,REG,,,2022,1627832,2.0,PG,Point of Attack,0.9,MISS Jones 6' Driving Finger Roll Layup,,,,MEM,1610612763.0,
Shot Chart Detail,22100315,17,0,Opponent,1610612761,Toronto Raptors,1,10,28,Made Shot,Tip Layup Shot,,Restricted Area,Center(C),Less Than 8 ft.,0,0,0,1,1,20211130,TOR,MEM,2210031517,|1627783|1627832|1629004|1630173|1630567,0,REG,,,2022,1627832|1630173,4.0,,,,,,,,MEM,1610612763.0,
Shot Chart Detail,22100315,20,0,Opponent,1610612761,Toronto Raptors,1,10,12,Made Shot,Running Reverse Layup Shot,,Restricted Area,Center(C),Less Than 8 ft.,1,-10,-1,1,1,20211130,TOR,MEM,2210031520,|1627783|1627832|1629004|1630173|1630567,1,REG,,,2022,1630173,6.0,C,Mobile Big,0.24,Bane 1' Running Reverse Layup (2 PTS) (Jones 1 AST),,,,MEM,1610612763.0,1626145.0
Shot Chart Detail,22100315,23,0,Opponent,1610612761,Toronto Raptors,1,9,30,Missed Shot,Driving Floating Jump Shot,,In The Paint (Non-RA),Center(C),Less Than 8 ft.,6,-65,11,1,0,20211130,TOR,MEM,2210031523,|1627783|1627832|1629004|1630173|1630567,0,REG,,,2022,1627832|1630173,4.0,,,,,,,,MEM,1610612763.0,
Shot Chart Detail,22100315,29,0,Opponent,1610612761,Toronto Raptors,1,9,0,Missed Shot,Driving Floating Jump Shot,,In The Paint (Non-RA),Center(C),8-16 ft.,8,-6,80,1,0,20211130,TOR,MEM,2210031529,|1627783|1627832|1629004|1630173|1630567,0,REG,,,2022,1630173,1.0,C,Mobile Big,0.24,MISS Jones 8' Driving Floating Jump Shot,,,,MEM,1610612763.0,
Shot Chart Detail,22100315,33,0,Opponent,1610612761,Toronto Raptors,1,8,43,Made Shot,Running Jump Shot,,Left Corner 3,Left Side(L),24+ ft.,22,-229,1,1,1,20211130,TOR,MEM,2210031533,|1627783|1627832|1629004|1630173|1630567,1,REG,,,2022,1629004,4.0,SF,Chaser,-0.31,Bane 3PT Running Jump Shot (5 PTS) (Jones 2 AST),,,,MEM,1610612763.0,1626145.0
Shot Chart Detail,22100315,45,0,Opponent,1610612761,Toronto Raptors,1,7,37,Made Shot,Fadeaway Jump Shot,,Mid-Range,Left Side(L),8-16 ft.,12,-129,2,1,1,20211130,TOR,MEM,2210031545,|1627783|1627832|1629004|1630173|1630567,1,REG,,,2022,1630173,6.0,C,Mobile Big,0.24,Bane 13' Fadeaway Jumper (7 PTS) (Adams 1 AST),,,,MEM,1610612763.0,203500.0
Shot Chart Detail,22100315,50,0,Opponent,1610612761,Toronto Raptors,1,6,47,Missed Shot,Step Back Jump shot,,Mid-Range,Left Side Center(LC),16-24 ft.,19,-141,137,1,0,20211130,TOR,MEM,2210031550,|1627783|1627832|1629004|1630173|1630567,0,REG,,,2022,1627832,6.0,PG,Point of Attack,0.9,MISS Brooks 20' Step Back Jump Shot,,,,MEM,1610612763.0,
Shot Chart Detail,22100315,52,0,Opponent,1610612761,Toronto Raptors,1,6,42,Made Shot,Jump Shot,,Above the Break 3,Right Side Center(RC),24+ ft.,25,129,215,1,1,20211130,TOR,MEM,2210031552,|1627783|1627832|1629004|1630173|1630567,1,REG,,,2022,1630567,9.0,PF,Helper,0.63,Jackson Jr. 25' 3PT Jump Shot (3 PTS) (Bane 1 AST),,,,MEM,1610612763.0,1630217.0
Shot Chart Detail,22100315,61,0,Opponent,1610612761,Toronto Raptors,1,5,55,Missed Shot,Step Back Jump shot,,Above the Break 3,Right Side Center(RC),24+ ft.,24,152,195,1,0,20211130,TOR,MEM,2210031561,|1627783|1627832|1629004|1630173|1630567,0,REG,,,2022,1627832,9.0,PG,Point of Attack,0.9,MISS Brooks 25' 3PT Step Back Jump Shot,,,,MEM,1610612763.0,
Shot Chart Detail,22100315,82,0,Opponent,1610612761,Toronto Raptors,1,4,45,Missed Shot,Jump Shot,,Above the Break 3,Right Side Center(RC),24+ ft.,25,173,190,1,0,20211130,TOR,MEM,2210031582,|1627783|1627832|1629139|1630173|1630625,0,REG,,,2022,1627832,7.0,PG,Point of Attack,0.9,MISS Melton 26' 3PT Jump Shot,,,,MEM,1610612763.0,
Shot Chart Detail,22100315,84,0,Opponent,1610612761,Toronto Raptors,1,4,40,Missed Shot,Jump Shot,,Right Corner 3,Right Side(R),24+ ft.,23,233,2,1,0,20211130,TOR,MEM,2210031584,|1627783|1627832|1629139|1630173|1630625,0,REG,,,2022,1627783,7.0,PF,Helper,0.72,MISS Jones 3PT Jump Shot,,,,MEM,1610612763.0,
Shot Chart Detail,22100315,87,0,Opponent,1610612761,Toronto Raptors,1,4,14,Missed Shot,Driving Floating Jump Shot,,In The Paint (Non-RA),Center(C),8-16 ft.,9,20,88,1,0,20211130,TOR,MEM,2210031587,|1627783|1627832|1629139|1630173|1630625,0,REG,,,2022,1627783,5.0,PF,Helper,0.72,MISS Anderson 9' Driving Floating Jump Shot,,,,MEM,1610612763.0,
Shot Chart Detail,22100315,98,0,Opponent,1610612761,Toronto Raptors,1,3,52,Missed Shot,Jump Shot,,Above the Break 3,Right Side Center(RC),24+ ft.,24,153,196,1,0,20211130,TOR,MEM,2210031598,|1627783|1627832|1629139|1630567|1630625,0,REG,,,2022,1630567,2.0,PF,Helper,0.63,MISS Aldama 25' 3PT Jump Shot,,,,MEM,1610612763.0,
Shot Chart Detail,22100315,100,0,Opponent,1610612761,Toronto Raptors,1,3,48,Made Shot,Floating Jump shot,,In The Paint (Non-RA),Center(C),Less Than 8 ft.,4,47,12,1,1,20211130,TOR,MEM,22100315100,|1627783|1627832|1629139|1630567|1630625,0,REG,,,2022,1629139,4.0,SF,Helper,0.1,Anderson 5' Floating Jump Shot (2 PTS),,,,MEM,1610612763.0,
Shot Chart Detail,22100315,103,0,Opponent,1610612761,Toronto Raptors,1,3,19,Missed Shot,Jump Shot,,Left Corner 3,Left Side(L),24+ ft.,22,-225,31,1,0,20211130,TOR,MEM,22100315103,|1627783|1627832|1629139|1630567|1630625,0,REG,,,2022,1629139,4.0,SF,Helper,0.1,MISS Aldama 3PT Jump Shot,,,,MEM,1610612763.0,
Shot Chart Detail,22100315,114,0,Opponent,1610612761,Toronto Raptors,1,2,29,Missed Shot,Driving Floating Jump Shot,,In The Paint (Non-RA),Center(C),8-16 ft.,12,-49,112,1,0,20211130,TOR,MEM,22100315114,|1627783|1627832|1629139|1630567|1630625,0,REG,,,2022,1630567|1627783,3.0,,,,,,,,MEM,1610612763.0,
Shot Chart Detail,22100315,124,0,Opponent,1610612761,Toronto Raptors,1,1,57,Missed Shot,Running Jump Shot,,Above the Break 3,Left Side Center(LC),24+ ft.,28,-153,236,1,0,20211130,TOR,MEM,22100315124,|1627783|1627832|1629139|1630567|1630625,0,REG,,,2022,1630625,5.0,PG,Chaser,0.27,MISS Bane 28' 3PT Running Jump Shot,,,,MEM,1610612763.0,
Shot Chart Detail,22100315,133,0,Opponent,1610612761,Toronto Raptors,1,1,36,Missed Shot,Running Jump Shot,,Right Corner 3,Right Side(R),24+ ft.,22,229,13,1,0,20211130,TOR,MEM,22100315133,|1629139|1630173|1630201|1630567|1630625,0,REG,,,2022,1630201,5.0,PG,Point of Attack,-0.52,MISS Anderson 3PT Running Jump Shot,,,,MEM,1610612763.0,
Shot Chart Detail,22100315,140,0,Opponent,1610612761,Toronto Raptors,1,1,24,Made Shot,Pullup Jump shot,,Left Corner 3,Left Side(L),24+ ft.,23,-222,83,1,1,20211130,TOR,MEM,22100315140,|1629139|1630173|1630201|1630567|1630625,1,REG,,,2022,1630201,8.0,PG,Point of Attack,-0.52,Bane 24' 3PT Pullup Jump Shot (10 PTS) (Jackson Jr. 1 AST),,,,MEM,1610612763.0,1628991.0
Shot Chart Detail,22100315,144,0,Opponent,1610612761,Toronto Raptors,1,1,3,Missed Shot,Running Pull-Up Jump Shot,,In The Paint (Non-RA),Left Side(L),8-16 ft.,8,-49,69,1,0,20211130,TOR,MEM,22100315144,|1629139|1630173|1630201|1630567|1630625,0,REG,,,2022,1630567,8.0,PF,Helper,0.63,MISS Clarke 8' Running Pull-Up Jump Shot,,,,MEM,1610612763.0,
Shot Chart Detail,22100315,148,0,Opponent,1610612761,Toronto Raptors,1,0,43,Made Shot,Running Jump Shot,,Above the Break 3,Center(C),24+ ft.,25,64,251,1,1,20211130,TOR,MEM,22100315148,|1629139|1630173|1630201|1630567|1630625,1,REG,,,2022,1629139,11.0,SF,Helper,0.1,Bane 26' 3PT Running Jump Shot (13 PTS) (Aldama 1 AST),,,,MEM,1610612763.0,1630583.0
Shot Chart Detail,22100315,155,0,Opponent,1610612761,Toronto Raptors,1,0,6,Missed Shot,Jump Shot,,Above the Break 3,Left Side Center(LC),24+ ft.,28,-191,214,1,0,20211130,TOR,MEM,22100315155,|1629139|1630173|1630201|1630567|1630625,0,REG,,,2022,1630625,9.0,PG,Chaser,0.27,MISS Bane 29' 3PT Jump Shot,,,,MEM,1610612763.0,
Shot Chart Detail,22100315,177,0,Opponent,1610612761,Toronto Raptors,2,11,31,Made Shot,Driving Floating Jump Shot,,In The Paint (Non-RA),Center(C),8-16 ft.,10,26,105,1,1,20211130,TOR,MEM,22100315177,|1627832|1629139|1630173|1630201|1630567,1,REG,,,2022,1629139,9.0,SF,Helper,0.1,Brooks 11' Driving Floating Jump Shot (6 PTS) (Clarke 1 AST),,,,MEM,1610612763.0,1629634.0
Shot Chart Detail,22100315,193,0,Opponent,1610612761,Toronto Raptors,2,10,31,Missed Shot,Driving Floating Jump Shot,,In The Paint (Non-RA),Center(C),Less Than 8 ft.,4,-10,44,1,0,20211130,TOR,MEM,22100315193,|1627832|1629139|1630173|1630201|1630567,0,REG,,,2022,1629139|1627832,8.0,,,,,,,,MEM,1610612763.0,
Shot Chart Detail,22100315,198,0,Opponent,1610612761,Toronto Raptors,2,10,1,Missed Shot,Floating Jump shot,,In The Paint (Non-RA),Center(C),Less Than 8 ft.,7,26,70,1,0,20211130,TOR,MEM,22100315198,|1627832|1629139|1630173|1630201|1630567,0,REG,,,2022,1630201,6.0,PG,Point of Attack,-0.52,MISS Brooks 7' Floating Jump Shot,,,,MEM,1610612763.0,
Shot Chart Detail,22100315,206,0,Opponent,1610612761,Toronto Raptors,2,9,36,Missed Shot,Jump Shot,,Above the Break 3,Left Side Center(LC),24+ ft.,26,-168,210,1,0,20211130,TOR,MEM,22100315206,|1627832|1629139|1630173|1630201|1630567,0,REG,,,2022,1629139,6.0,SF,Helper,0.1,MISS Konchar 27' 3PT Jump Shot,,,,MEM,1610612763.0,
Shot Chart Detail,22100315,210,0,Opponent,1610612761,Toronto Raptors,2,9,24,Missed Shot,Layup Shot,,Restricted Area,Center(C),Less Than 8 ft.,2,21,-1,1,0,20211130,TOR,MEM,22100315210,|1627832|1629139|1630173|1630201|1630567,0,REG,,,2022,1629139|1627832|1630173,6.0,,,,,,,,MEM,1610612763.0,
Shot Chart Detail,22100315,218,0,Opponent,1610612761,Toronto Raptors,2,9,6,Made Shot,Driving Floating Jump Shot,,In The Paint (Non-RA),Center(C),Less Than 8 ft.,6,-44,52,1,1,20211130,TOR,MEM,22100315218,|1627832|1629139|1630173|1630201|1630567,0,REG,,,2022,1630201,8.0,PG,Point of Attack,-0.52,Jones 7' Driving Floating Jump Shot (2 PTS),,,,MEM,1610612763.0,
Shot Chart Detail,22100315,221,0,Opponent,1610612761,Toronto Raptors,2,8,38,Made Shot,Jump Shot,,Above the Break 3,Left Side Center(LC),24+ ft.,28,-158,233,1,1,20211130,TOR,MEM,22100315221,|1627832|1629139|1630173|1630201|1630567,1,REG,,,2022,1630567,11.0,PF,Helper,0.63,Jackson Jr. 28' 3PT Jump Shot (9 PTS) (Jones 3 AST),,,,MEM,1610612763.0,1626145.0
Shot Chart Detail,22100315,236,0,Opponent,1610612761,Toronto Raptors,2,7,33,Made Shot,Driving Floating Bank Jump Shot,,Mid-Range,Left Side(L),8-16 ft.,10,-94,42,1,1,20211130,TOR,MEM,22100315236,|1627783|1627832|1629067|1630173|1630201,0,REG,,,2022,1630201,13.0,PG,Point of Attack,-0.52,Melton 10' Driving Floating Bank Jump Shot (2 PTS),,,,MEM,1610612763.0,
Shot Chart Detail,22100315,238,0,Opponent,1610612761,Toronto Raptors,2,7,7,Made Shot,Cutting Layup Shot,,In The Paint (Non-RA),Center(C),Less Than 8 ft.,7,-54,55,1,1,20211130,TOR,MEM,22100315238,|1627783|1627832|1629067|1630173|1630201,1,REG,,,2022,1629067,15.0,SF,Helper,-0.22,Konchar 8' Cutting Layup Shot (2 PTS) (Adams 2 AST),,,,MEM,1610612763.0,203500.0
Shot Chart Detail,22100315,254,0,Opponent,1610612761,Toronto Raptors,2,6,32,Missed Shot,Jump Shot,,Right Corner 3,Right Side(R),24+ ft.,23,234,25,1,0,20211130,TOR,MEM,22100315254,|1627783|1627832|1629004|1629067|1630173,0,REG,,,2022,1627832,15.0,PG,Point of Attack,0.9,MISS Melton 24' 3PT Jump Shot,,,,MEM,1610612763.0,
Shot Chart Detail,22100315,259,0,Opponent,1610612761,Toronto Raptors,2,6,1,Missed Shot,Jump Shot,,Left Corner 3,Left Side(L),24+ ft.,23,-232,32,1,0,20211130,TOR,MEM,22100315259,|1627783|1627832|1629004|1629067|1630173,0,REG,,,2022,1629067,15.0,SF,Helper,-0.22,MISS Aldama 3PT Jump Shot,,,,MEM,1610612763.0,
Shot Chart Detail,22100315,261,0,Opponent,1610612761,Toronto Raptors,2,5,55,Made Shot,Finger Roll Layup Shot,,Restricted Area,Center(C),Less Than 8 ft.,3,26,21,1,1,20211130,TOR,MEM,22100315261,|1627783|1627832|1629004|1629067|1630173,0,REG,,,2022,1627783,17.0,PF,Helper,0.72,Adams 3' Finger Roll Layup (4 PTS),,,,MEM,1610612763.0,
Shot Chart Detail,22100315,264,0,Opponent,1610612761,Toronto Raptors,2,5,29,Missed Shot,Floating Jump shot,,In The Paint (Non-RA),Center(C),8-16 ft.,9,-29,86,1,0,20211130,TOR,MEM,22100315264,|1627783|1627832|1629004|1629067|1630173,0,REG,,,2022,1627832,17.0,PG,Point of Attack,0.9,MISS Melton 9' Floating Jump Shot,,,,MEM,1610612763.0,
Shot Chart Detail,22100315,266,0,Opponent,1610612761,Toronto Raptors,2,5,25,Missed Shot,Driving Floating Jump Shot,,Mid-Range,Left Side(L),8-16 ft.,11,-115,16,1,0,20211130,TOR,MEM,22100315266,|1627783|1627832|1629004|1629067|1630173,0,REG,,,2022,1627783,17.0,PF,Helper,0.72,MISS Aldama 12' Driving Floating Jump Shot,,,,MEM,1610612763.0,
Shot Chart Detail,22100315,268,0,Opponent,1610612761,Toronto Raptors,2,5,22,Missed Shot,Fadeaway Jump Shot,,In The Paint (Non-RA),Center(C),Less Than 8 ft.,4,1,44,1,0,20211130,TOR,MEM,22100315268,|1627783|1627832|1629004|1629067|1630173,0,REG,,,2022,,,,,,,,,,MEM,1610612763.0,
Shot Chart Detail,22100315,277,0,Opponent,1610612761,Toronto Raptors,2,4,52,Missed Shot,Jump Shot,,Above the Break 3,Left Side Center(LC),24+ ft.,28,-107,263,1,0,20211130,TOR,MEM,22100315277,|1627783|1627832|1629004|1629067|1630173,0,REG,,,2022,1627832,13.0,PG,Point of Attack,0.9,MISS Melton 28' 3PT Jump Shot,,,,MEM,1610612763.0,
Shot Chart Detail,22100315,279,0,Opponent,1610612761,Toronto Raptors,2,4,45,Made Shot,Jump Shot,,Above the Break 3,Right Side Center(RC),24+ ft.,25,186,174,1,1,20211130,TOR,MEM,22100315279,|1627783|1627832|1629004|1629067|1630173,1,REG,,,2022,1627783,16.0,PF,Helper,0.72,Bane 25' 3PT Jump Shot (16 PTS) (Melton 1 AST),,,,MEM,1610612763.0,1629001.0
Shot Chart Detail,22100315,291,0,Opponent,1610612761,Toronto Raptors,2,3,11,Made Shot,Driving Reverse Layup Shot,,Restricted Area,Center(C),Less Than 8 ft.,1,18,8,1,1,20211130,TOR,MEM,22100315291,|1627783|1627832|1629004|1629067|1630173,0,REG,,,2022,1627832|1630173,12.0,,,,,,,,MEM,1610612763.0,
Shot Chart Detail,22100315,294,0,Opponent,1610612761,Toronto Raptors,2,2,46,Missed Shot,Jump Shot,,Above the Break 3,Left Side Center(LC),24+ ft.,24,-127,215,1,0,20211130,TOR,MEM,22100315294,|1627783|1627832|1629004|1629067|1630173,0,REG,,,2022,1629067,12.0,SF,Helper,-0.22,MISS Brooks 25' 3PT Jump Shot,,,,MEM,1610612763.0,
Shot Chart Detail,22100315,306,0,Opponent,1610612761,Toronto Raptors,2,2,28,Missed Shot,Jump Shot,,Left Corner 3,Left Side(L),24+ ft.,22,-223,13,1,0,20211130,TOR,MEM,22100315306,|1627783|1627832|1629004|1629139|1630173,0,REG,,,2022,1629139,12.0,SF,Helper,0.1,MISS Jones 3PT Jump Shot,,,,MEM,1610612763.0,
Shot Chart Detail,22100315,309,0,Opponent,1610612761,Toronto Raptors,2,2,7,Made Shot,Jump Shot,,Left Corner 3,Left Side(L),24+ ft.,23,-234,17,1,1,20211130,TOR,MEM,22100315309,|1627783|1627832|1629004|1629139|1630173,1,REG,,,2022,1629139,13.0,SF,Helper,0.1,Jackson Jr. 3PT Jump Shot (12 PTS) (Jones 4 AST),,,,MEM,1610612763.0,1626145.0
Shot Chart Detail,22100315,323,0,Opponent,1610612761,Toronto Raptors,2,1,9,Missed Shot,Driving Reverse Layup Shot,,Restricted Area,Center(C),Less Than 8 ft.,2,21,4,1,0,20211130,TOR,MEM,22100315323,|1627832|1629004|1629067|1629139|1630567,0,REG,,,2022,1629139|1629067,15.0,,,,,,,,MEM,1610612763.0,
Shot Chart Detail,22100315,331,0,Opponent,1610612761,Toronto Raptors,2,0,45,Missed Shot,Jump Shot,,Above the Break 3,Left Side Center(LC),24+ ft.,25,-185,173,1,0,20211130,TOR,MEM,22100315331,|1627832|1629004|1629067|1629139|1630567,0,REG,,,2022,1627832,13.0,PG,Point of Attack,0.9,MISS Jackson Jr. 25' 3PT Jump Shot,,,,MEM,1610612763.0,
Shot Chart Detail,22100315,335,0,Opponent,1610612761,Toronto Raptors,2,0,9,Missed Shot,Jump Shot,,Above the Break 3,Left Side Center(LC),24+ ft.,24,-222,113,1,0,20211130,TOR,MEM,22100315335,|1627832|1629004|1629067|1629139|1630567,0,REG,,,2022,1630567,11.0,PF,Helper,0.63,MISS Bane 25' 3PT Jump Shot,,,,MEM,1610612763.0,
Shot Chart Detail,22100315,351,0,Opponent,1610612761,Toronto Raptors,3,11,25,Missed Shot,Driving Layup Shot,,Restricted Area,Center(C),Less Than 8 ft.,1,-10,10,1,0,20211130,TOR,MEM,22100315351,|1627783|1627832|1629004|1630173|1630567,0,REG,,,2022,1630567,11.0,PF,Helper,0.63,Barnes BLOCK (2 BLK),,,,MEM,1610612763.0,
Shot Chart Detail,22100315,361,0,Opponent,1610612761,Toronto Raptors,3,10,54,Made Shot,Driving Dunk Shot,,Restricted Area,Center(C),Less Than 8 ft.,2,10,20,1,1,20211130,TOR,MEM,22100315361,|1627783|1627832|1629004|1630173|1630567,1,REG,,,2022,1627832,13.0,PG,Point of Attack,0.9,Jackson Jr. 2' Driving Dunk (16 PTS) (Brooks 1 AST),,,,MEM,1610612763.0,1628415.0
Shot Chart Detail,22100315,371,0,Opponent,1610612761,Toronto Raptors,3,9,50,Missed Shot,Jump Shot,,Above the Break 3,Right Side Center(RC),24+ ft.,25,120,220,1,0,20211130,TOR,MEM,22100315371,|1627783|1627832|1629004|1630173|1630567,0,REG,,,2022,1627783,9.0,PF,Helper,0.72,MISS Jackson Jr. 25' 3PT Jump Shot,,,,MEM,1610612763.0,
Shot Chart Detail,22100315,375,0,Opponent,1610612761,Toronto Raptors,3,9,23,Made Shot,Running Finger Roll Layup Shot,,In The Paint (Non-RA),Center(C),Less Than 8 ft.,5,27,50,1,1,20211130,TOR,MEM,22100315375,|1627783|1627832|1629004|1630173|1630567,0,REG,,,2022,1627832|1627783,11.0,,,,,,,,MEM,1610612763.0,
Shot Chart Detail,22100315,378,0,Opponent,1610612761,Toronto Raptors,3,8,46,Missed Shot,Jump Shot,,Above the Break 3,Left Side Center(LC),24+ ft.,26,-170,201,1,0,20211130,TOR,MEM,22100315378,|1627783|1627832|1629004|1630173|1630567,0,REG,,,2022,1630567,11.0,PF,Helper,0.63,MISS Bane 26' 3PT Jump Shot,,,,MEM,1610612763.0,
Shot Chart Detail,22100315,382,0,Opponent,1610612761,Toronto Raptors,3,8,26,Missed Shot,Step Back Jump shot,,Mid-Range,Right Side Center(RC),16-24 ft.,20,98,184,1,0,20211130,TOR,MEM,22100315382,|1627783|1627832|1629004|1630173|1630567,0,REG,,,2022,1630173,11.0,C,Mobile Big,0.24,MISS Brooks 21' Step Back Jump Shot,,,,MEM,1610612763.0,
Shot Chart Detail,22100315,386,0,Opponent,1610612761,Toronto Raptors,3,7,49,Missed Shot,Driving Floating Jump Shot,,In The Paint (Non-RA),Center(C),8-16 ft.,8,16,80,1,0,20211130,TOR,MEM,22100315386,|1627783|1627832|1629004|1630173|1630567,0,REG,,,2022,1630567|1627783|1630173,8.0,,,,,,,,MEM,1610612763.0,
Shot Chart Detail,22100315,402,0,Opponent,1610612761,Toronto Raptors,3,7,6,Missed Shot,Driving Hook Shot,,In The Paint (Non-RA),Center(C),8-16 ft.,12,6,121,1,0,20211130,TOR,MEM,22100315402,|1627832|1629139|1630173|1630567|1630625,0,REG,,,2022,1630567,5.0,PF,Helper,0.63,MISS Jackson Jr. 12' Driving Hook Shot,,,,MEM,1610612763.0,
Shot Chart Detail,22100315,405,0,Opponent,1610612761,Toronto Raptors,3,6,42,Missed Shot,Driving Layup Shot,,In The Paint (Non-RA),Center(C),Less Than 8 ft.,6,43,47,1,0,20211130,TOR,MEM,22100315405,|1627832|1629139|1630173|1630567|1630625,0,REG,,,2022,1629139|1630173,3.0,,,,,,,,MEM,1610612763.0,
Shot Chart Detail,22100315,407,0,Opponent,1610612761,Toronto Raptors,3,6,37,Missed Shot,Jump Shot,,Above the Break 3,Right Side Center(RC),24+ ft.,26,237,109,1,0,20211130,TOR,MEM,22100315407,|1627832|1629139|1630173|1630567|1630625,0,REG,,,2022,1629139,3.0,SF,Helper,0.1,MISS Jackson Jr. 26' 3PT Jump Shot,,,,MEM,1610612763.0,
Shot Chart Detail,22100315,419,0,Opponent,1610612761,Toronto Raptors,3,5,49,Made Shot,Jump Shot,,Above the Break 3,Right Side Center(RC),24+ ft.,27,110,247,1,1,20211130,TOR,MEM,22100315419,|1627832|1629139|1630173|1630567|1630625,1,REG,,,2022,1630625,4.0,PG,Chaser,0.27,Jackson Jr. 27' 3PT Jump Shot (19 PTS) (Jones 5 AST),,,,MEM,1610612763.0,1626145.0
Shot Chart Detail,22100315,423,0,Opponent,1610612761,Toronto Raptors,3,5,18,Made Shot,Driving Bank Hook Shot,,Mid-Range,Right Side(R),8-16 ft.,10,100,38,1,1,20211130,TOR,MEM,22100315423,|1627832|1629139|1630173|1630567|1630625,0,REG,,,2022,1630173,4.0,C,Mobile Big,0.24,Melton 11' Driving Bank Hook Shot (4 PTS),,,,MEM,1610612763.0,
Shot Chart Detail,22100315,435,0,Opponent,1610612761,Toronto Raptors,3,4,24,Missed Shot,Driving Floating Jump Shot,,In The Paint (Non-RA),Center(C),Less Than 8 ft.,7,38,69,1,0,20211130,TOR,MEM,22100315435,|1627832|1629139|1630173|1630567|1630625,0,REG,,,2022,1630625|1627832,1.0,,,,,,,,MEM,1610612763.0,
Shot Chart Detail,22100315,437,0,Opponent,1610612761,Toronto Raptors,3,4,19,Made Shot,Floating Jump shot,,In The Paint (Non-RA),Center(C),8-16 ft.,10,4,103,1,1,20211130,TOR,MEM,22100315437,|1627832|1629139|1630173|1630567|1630625,1,REG,,,2022,1627832,3.0,PG,Point of Attack,0.9,Aldama 10' Floating Jump Shot (2 PTS) (Melton 2 AST),,,,MEM,1610612763.0,1629001.0
Shot Chart Detail,22100315,442,0,Opponent,1610612761,Toronto Raptors,3,3,50,Missed Shot,Jump Shot,,Above the Break 3,Right Side Center(RC),24+ ft.,26,175,199,1,0,20211130,TOR,MEM,22100315442,|1627832|1629067|1629139|1630567|1630625,0,REG,,,2022,1627832,3.0,PG,Point of Attack,0.9,MISS Melton 27' 3PT Jump Shot,,,,MEM,1610612763.0,
Shot Chart Detail,22100315,447,0,Opponent,1610612761,Toronto Raptors,3,3,25,Made Shot,Driving Floating Jump Shot,,In The Paint (Non-RA),Center(C),8-16 ft.,9,-1,94,1,1,20211130,TOR,MEM,22100315447,|1627832|1629067|1629139|1630567|1630625,0,REG,,,2022,1629067,5.0,SF,Helper,-0.22,Melton 9' Driving Floating Jump Shot (6 PTS),,,,MEM,1610612763.0,
Shot Chart Detail,22100315,450,0,Opponent,1610612761,Toronto Raptors,3,2,54,Missed Shot,Jump Shot,,Above the Break 3,Center(C),24+ ft.,26,12,260,1,0,20211130,TOR,MEM,22100315450,|1627832|1629067|1629139|1630567|1630625,0,REG,,,2022,1630567,5.0,PF,Helper,0.63,MISS Aldama 26' 3PT Jump Shot,,,,MEM,1610612763.0,
Shot Chart Detail,22100315,470,0,Opponent,1610612761,Toronto Raptors,3,2,2,Missed Shot,Turnaround Hook Shot,,In The Paint (Non-RA),Center(C),8-16 ft.,8,15,83,1,0,20211130,TOR,MEM,22100315470,|1627783|1629067|1629139|1630201|1630625,0,REG,,,2022,1629139,2.0,SF,Helper,0.1,MISS Anderson 8' Turnaround Hook Shot,,,,MEM,1610612763.0,
Shot Chart Detail,22100315,474,0,Opponent,1610612761,Toronto Raptors,3,1,35,Missed Shot,Driving Floating Jump Shot,,In The Paint (Non-RA),Center(C),Less Than 8 ft.,5,-4,56,1,0,20211130,TOR,MEM,22100315474,|1627783|1629067|1629139|1630201|1630625,0,REG,,,2022,1629067,2.0,SF,Helper,-0.22,Siakam BLOCK (2 BLK),,,,MEM,1610612763.0,
Shot Chart Detail,22100315,489,0,Opponent,1610612761,Toronto Raptors,3,0,49,Made Shot,Driving Hook Shot,,In The Paint (Non-RA),Center(C),Less Than 8 ft.,7,17,72,1,1,20211130,TOR,MEM,22100315489,|1628449|1629067|1629139|1630201|1630625,0,REG,,,2022,1629067,3.0,SF,Helper,-0.22,Anderson 7' Driving Hook Shot (6 PTS),,,,MEM,1610612763.0,
Shot Chart Detail,22100315,493,0,Opponent,1610612761,Toronto Raptors,3,0,15,Missed Shot,Driving Reverse Layup Shot,,Restricted Area,Center(C),Less Than 8 ft.,2,-11,19,1,0,20211130,TOR,MEM,22100315493,|1628449|1629067|1629139|1630201|1630625,0,REG,,,2022,1629139,3.0,SF,Helper,0.1,MISS Brooks 2' Driving Reverse Layup,,,,MEM,1610612763.0,
Shot Chart Detail,22100315,495,0,Opponent,1610612761,Toronto Raptors,3,0,14,Made Shot,Tip Layup Shot,,Restricted Area,Center(C),Less Than 8 ft.,0,0,0,1,1,20211130,TOR,MEM,22100315495,|1628449|1629067|1629139|1630201|1630625,0,REG,,,2022,1629067,5.0,SF,Helper,-0.22,Clarke Tip Layup Shot (2 PTS),,,,MEM,1610612763.0,
Shot Chart Detail,22100315,513,0,Opponent,1610612761,Toronto Raptors,4,11,45,Missed Shot,Jump Shot,,Above the Break 3,Left Side Center(LC),24+ ft.,26,-161,209,1,0,20211130,TOR,MEM,22100315513,|1628449|1629139|1630201|1630567|1630625,0,REG,,,2022,1629139,3.0,SF,Helper,0.1,MISS Brooks 26' 3PT Jump Shot,,,,MEM,1610612763.0,
Shot Chart Detail,22100315,517,0,Opponent,1610612761,Toronto Raptors,4,11,22,Made Shot,Running Finger Roll Layup Shot,,Restricted Area,Center(C),Less Than 8 ft.,3,9,35,1,1,20211130,TOR,MEM,22100315517,|1628449|1629139|1630201|1630567|1630625,0,REG,,,2022,1630567|1628449,5.0,,,,,,,,MEM,1610612763.0,
Shot Chart Detail,22100315,522,0,Opponent,1610612761,Toronto Raptors,4,10,57,Made Shot,Cutting Dunk Shot,,Restricted Area,Center(C),Less Than 8 ft.,1,-1,15,1,1,20211130,TOR,MEM,22100315522,|1628449|1629139|1630201|1630567|1630625,1,REG,,,2022,1629139,6.0,SF,Helper,0.1,Clarke 2' Cutting Dunk Shot (4 PTS) (Bane 2 AST),,,,MEM,1610612763.0,1630217.0
Shot Chart Detail,22100315,526,0,Opponent,1610612761,Toronto Raptors,4,10,29,Made Shot,Turnaround Hook Shot,,In The Paint (Non-RA),Center(C),Less Than 8 ft.,7,25,69,1,1,20211130,TOR,MEM,22100315526,|1628449|1629139|1630201|1630567|1630625,1,REG,,,2022,1630567|1630625|1630201,8.0,,,,,,,,MEM,1610612763.0,1629723.0
Shot Chart Detail,22100315,535,0,Opponent,1610612761,Toronto Raptors,4,9,57,Missed Shot,Pullup Jump shot,,Mid-Range,Left Side(L),8-16 ft.,13,-129,35,1,0,20211130,TOR,MEM,22100315535,|1627832|1628449|1629139|1630201|1630567,0,REG,,,2022,1630201,5.0,PG,Point of Attack,-0.52,MISS Bane 13' Pullup Jump Shot,,,,MEM,1610612763.0,
Shot Chart Detail,22100315,555,0,Opponent,1610612761,Toronto Raptors,4,8,48,Made Shot,Driving Bank Hook Shot,,In The Paint (Non-RA),Center(C),Less Than 8 ft.,7,49,52,1,1,20211130,TOR,MEM,22100315555,|1627832|1628449|1629139|1630201|1630567,0,REG,,,2022,1630567,8.0,PF,Helper,0.63,Jackson Jr. 7' Driving Bank Hook Shot (23 PTS),,,,MEM,1610612763.0,
Shot Chart Detail,22100315,558,0,Opponent,1610612761,Toronto Raptors,4,8,13,Missed Shot,Jump Shot,,In The Paint (Non-RA),Center(C),Less Than 8 ft.,7,15,74,1,0,20211130,TOR,MEM,22100315558,|1627832|1628449|1629139|1630201|1630567,0,REG,,,2022,1630567,8.0,PF,Helper,0.63,Boucher BLOCK (1 BLK),,,,MEM,1610612763.0,
Shot Chart Detail,22100315,563,0,Opponent,1610612761,Toronto Raptors,4,8,1,Made Shot,Running Pull-Up Jump Shot,,Above the Break 3,Center(C),24+ ft.,27,-69,263,1,1,20211130,TOR,MEM,22100315563,|1627832|1628449|1629139|1630201|1630567,0,REG,,,2022,1629139,11.0,SF,Helper,0.1,Brooks 27' 3PT Running Pull-Up Jump Shot (15 PTS),,,,MEM,1610612763.0,
Shot Chart Detail,22100315,574,0,Opponent,1610612761,Toronto Raptors,4,7,13,Missed Shot,Driving Layup Shot,,Restricted Area,Center(C),Less Than 8 ft.,1,-16,11,1,0,20211130,TOR,MEM,22100315574,|1627783|1627832|1628449|1630201|1630567,0,REG,,,2022,1628449,11.0,SF,Helper,0.4,MISS Jones 2' Driving Layup,,,,MEM,1610612763.0,
Shot Chart Detail,22100315,578,0,Opponent,1610612761,Toronto Raptors,4,6,44,Missed Shot,Driving Layup Shot,,In The Paint (Non-RA),Center(C),Less Than 8 ft.,4,-29,30,1,0,20211130,TOR,MEM,22100315578,|1627783|1627832|1628449|1630201|1630567,0,REG,,,2022,1627783,11.0,PF,Helper,0.72,Boucher BLOCK (2 BLK),,,,MEM,1610612763.0,
Shot Chart Detail,22100315,592,0,Opponent,1610612761,Toronto Raptors,4,6,15,Missed Shot,Driving Layup Shot,,In The Paint (Non-RA),Center(C),Less Than 8 ft.,6,34,56,1,0,20211130,TOR,MEM,22100315592,|1627783|1627832|1630173|1630201|1630567,0,REG,,,2022,1630567,9.0,PF,Helper,0.63,MISS Brooks 7' Driving Layup,,,,MEM,1610612763.0,
Shot Chart Detail,22100315,607,0,Opponent,1610612761,Toronto Raptors,4,5,35,Made Shot,Floating Jump shot,,In The Paint (Non-RA),Center(C),8-16 ft.,10,36,94,1,1,20211130,TOR,MEM,22100315607,|1627783|1627832|1630173|1630201|1630567,0,REG,,,2022,1627832|1630173,9.0,,,,,,,,MEM,1610612763.0,
Shot Chart Detail,22100315,613,0,Opponent,1610612761,Toronto Raptors,4,5,12,Made Shot,Driving Floating Jump Shot,,Mid-Range,Right Side(R),8-16 ft.,13,116,68,1,1,20211130,TOR,MEM,22100315613,|1627783|1627832|1629139|1630201|1630567,0,REG,,,2022,1627832|1630201,11.0,,,,,,,,MEM,1610612763.0,
Shot Chart Detail,22100315,618,0,Opponent,1610612761,Toronto Raptors,4,4,44,Missed Shot,Jump Shot,,Above the Break 3,Left Side Center(LC),24+ ft.,26,-201,167,1,0,20211130,TOR,MEM,22100315618,|1627783|1627832|1629139|1630201|1630567,0,REG,,,2022,1627783,8.0,PF,Helper,0.72,Siakam BLOCK (3 BLK),,,,MEM,1610612763.0,
Shot Chart Detail,22100315,634,0,Opponent,1610612761,Toronto Raptors,4,4,19,Missed Shot,Driving Floating Jump Shot,,In The Paint (Non-RA),Center(C),8-16 ft.,8,6,83,1,0,20211130,TOR,MEM,22100315634,|1627783|1627832|1629139|1630201|1630567,0,REG,,,2022,1627832,8.0,PG,Point of Attack,0.9,MISS Clarke 8' Driving Floating Jump Shot,,,,MEM,1610612763.0,
Shot Chart Detail,22100315,646,0,Opponent,1610612761,Toronto Raptors,4,3,18,Missed Shot,Driving Finger Roll Layup Shot,,Restricted Area,Center(C),Less Than 8 ft.,3,38,10,1,0,20211130,TOR,MEM,22100315646,|1627783|1627832|1629139|1630201|1630567,0,REG,,,2022,1627783,8.0,PF,Helper,0.72,Barnes BLOCK (3 BLK),,,,MEM,1610612763.0,
Shot Chart Detail,22100315,648,0,Opponent,1610612761,Toronto Raptors,4,3,11,Made Shot,Tip Layup Shot,,Restricted Area,Center(C),Less Than 8 ft.,0,2,6,1,1,20211130,TOR,MEM,22100315648,|1627783|1627832|1629139|1630201|1630567,0,REG,,,2022,1627832|1630201|1627783,10.0,,,,,,,,MEM,1610612763.0,
Shot Chart Detail,22100315,651,0,Opponent,1610612761,Toronto Raptors,4,2,37,Missed Shot,Jump Shot,,Mid-Range,Left Side Center(LC),16-24 ft.,17,-108,140,1,0,20211130,TOR,MEM,22100315651,|1627783|1627832|1629139|1630201|1630567,0,REG,,,2022,1629139,8.0,SF,Helper,0.1,MISS Bane 18' Jump Shot,,,,MEM,1610612763.0,
Shot Chart Detail,22100315,656,0,Opponent,1610612761,Toronto Raptors,4,2,25,Missed Shot,Driving Layup Shot,,Restricted Area,Center(C),Less Than 8 ft.,2,-11,25,1,0,20211130,TOR,MEM,22100315656,|1627783|1627832|1629139|1630201|1630567,0,REG,,,2022,1630567|1630201,8.0,,,,,,,,MEM,1610612763.0,
Shot Chart Detail,22100315,667,0,Opponent,1610612761,Toronto Raptors,4,1,51,Missed Shot,Driving Hook Shot,,In The Paint (Non-RA),Center(C),Less Than 8 ft.,7,10,75,1,0,20211130,TOR,MEM,22100315667,|1627783|1627832|1629139|1630201|1630567,0,REG,,,2022,1629139,8.0,SF,Helper,0.1,MISS Brooks 8' Driving Hook Shot,,,,MEM,1610612763.0,
Shot Chart Detail,22100315,672,0,Opponent,1610612761,Toronto Raptors,4,1,18,Made Shot,Jump Shot,,Above the Break 3,Right Side Center(RC),24+ ft.,26,103,245,1,1,20211130,TOR,MEM,22100315672,|1627783|1627832|1629139|1630201|1630567,1,REG,,,2022,1627832,8.0,PG,Point of Attack,0.9,Bane 27' 3PT Jump Shot (22 PTS) (Clarke 2 AST),,,,MEM,1610612763.0,1629634.0
Shot Chart Detail,22100315,678,0,Opponent,1610612761,Toronto Raptors,4,0,41,Missed Shot,Jump Shot,,Above the Break 3,Left Side Center(LC),24+ ft.,26,-189,183,1,0,20211130,TOR,MEM,22100315678,|1627783|1627832|1629139|1630201|1630567,0,REG,,,2022,1629139,8.0,SF,Helper,0.1,MISS Brooks 26' 3PT Jump Shot,,,,MEM,1610612763.0,
Shot Chart Detail,22100315,683,0,Opponent,1610612761,Toronto Raptors,4,0,24,Made Shot,Cutting Dunk Shot,,Restricted Area,Center(C),Less Than 8 ft.,1,1,17,1,1,20211130,TOR,MEM,22100315683,|1627783|1627832|1629139|1630201|1630567,1,REG,,,2022,,,,,,,,,,MEM,1610612763.0,1626145.0
Shot Chart Detail,22100329,9,0,Opponent,1610612761,Toronto Raptors,1,11,10,Missed Shot,Turnaround Fadeaway shot,,Mid-Range,Left Side(L),8-16 ft.,11,-116,23,1,0,20211202,TOR,MIL,221003299,|1627783|1627832|1629018|1630173|1630567,0,REG,,,2022,1630173,-3.0,C,Mobile Big,0.24,MISS Portis 12' Turnaround Fadeaway Shot,,,,MIL,1610612749.0,
Shot Chart Detail,22100329,11,0,Opponent,1610612761,Toronto Raptors,1,11,4,Missed Shot,Jump Shot,,Above the Break 3,Right Side Center(RC),24+ ft.,26,85,247,1,0,20211202,TOR,MIL,2210032911,|1627783|1627832|1629018|1630173|1630567,0,REG,,,2022,,,,,,,,,,MIL,1610612749.0,
Shot Chart Detail,22100329,14,0,Opponent,1610612761,Toronto Raptors,1,10,27,Missed Shot,Turnaround Hook Shot,,In The Paint (Non-RA),Center(C),Less Than 8 ft.,7,-51,49,1,0,20211202,TOR,MIL,2210032914,|1627783|1627832|1629018|1630173|1630567,0,REG,,,2022,1630567,-5.0,PF,Helper,0.63,MISS Connaughton 7' Turnaround Hook Shot,,,,MIL,1610612749.0,
Shot Chart Detail,22100329,18,0,Opponent,1610612761,Toronto Raptors,1,10,6,Missed Shot,Jump Shot,,Left Corner 3,Left Side(L),24+ ft.,22,-228,-5,1,0,20211202,TOR,MIL,2210032918,|1627783|1627832|1629018|1630173|1630567,0,REG,,,2022,1629018,-5.0,SG,Chaser,0.19,MISS Allen 3PT Jump Shot,,,,MIL,1610612749.0,
Shot Chart Detail,22100329,22,0,Opponent,1610612761,Toronto Raptors,1,9,47,Made Shot,Driving Bank Hook Shot,,Mid-Range,Left Side(L),8-16 ft.,10,-98,33,1,1,20211202,TOR,MIL,2210032922,|1627783|1627832|1629018|1630173|1630567,0,REG,,,2022,1630173,-3.0,C,Mobile Big,0.24,Holiday 10' Driving Bank Hook Shot (2 PTS),,,,MIL,1610612749.0,
Shot Chart Detail,22100329,27,0,Opponent,1610612761,Toronto Raptors,1,9,12,Made Shot,Pullup Jump shot,,Mid-Range,Center(C),16-24 ft.,16,-18,159,1,1,20211202,TOR,MIL,2210032927,|1627783|1627832|1629018|1630173|1630567,0,REG,,,2022,1627783,-1.0,PF,Helper,0.72,Holiday 16' Pullup Jump Shot (4 PTS),,,,MIL,1610612749.0,
Shot Chart Detail,22100329,30,0,Opponent,1610612761,Toronto Raptors,1,8,46,Missed Shot,Layup Shot,,Restricted Area,Center(C),Less Than 8 ft.,2,-23,17,1,0,20211202,TOR,MIL,2210032930,|1627783|1627832|1629018|1630173|1630567,0,REG,,,2022,1630173,-4.0,C,Mobile Big,0.24,VanVleet BLOCK (1 BLK),,,,MIL,1610612749.0,
Shot Chart Detail,22100329,36,0,Opponent,1610612761,Toronto Raptors,1,8,28,Made Shot,Running Layup Shot,,Restricted Area,Center(C),Less Than 8 ft.,0,0,-4,1,1,20211202,TOR,MIL,2210032936,|1627783|1627832|1629018|1630173|1630567,1,REG,,,2022,1627832,-2.0,PG,Point of Attack,0.9,Holiday Running Layup (6 PTS) (Middleton 1 AST),,,,MIL,1610612749.0,203114.0
Shot Chart Detail,22100329,44,0,Opponent,1610612761,Toronto Raptors,1,7,56,Made Shot,Floating Jump shot,,Mid-Range,Right Side(R),8-16 ft.,9,97,16,1,1,20211202,TOR,MIL,2210032944,|1627783|1627832|1629018|1630173|1630567,1,REG,,,2022,1627832,1.0,PG,Point of Attack,0.9,Allen 10' Floating Jump Shot (2 PTS) (Holiday 1 AST),,,,MIL,1610612749.0,201950.0
Shot Chart Detail,22100329,49,0,Opponent,1610612761,Toronto Raptors,1,7,23,Missed Shot,Hook Shot,,Restricted Area,Center(C),Less Than 8 ft.,1,12,15,1,0,20211202,TOR,MIL,2210032949,|1627783|1627832|1629018|1630173|1630567,0,REG,,,2022,1627783|1630567,1.0,,,,,,,,MIL,1610612749.0,
Shot Chart Detail,22100329,60,0,Opponent,1610612761,Toronto Raptors,1,6,53,Missed Shot,Driving Bank Hook Shot,,In The Paint (Non-RA),Center(C),Less Than 8 ft.,7,66,37,1,0,20211202,TOR,MIL,2210032960,|1627783|1627832|1629018|1630173|1630567,0,REG,,,2022,1630173,2.0,C,Mobile Big,0.24,MISS Portis 8' Driving Bank Hook Shot,,,,MIL,1610612749.0,
Shot Chart Detail,22100329,64,0,Opponent,1610612761,Toronto Raptors,1,6,32,Missed Shot,Jump Shot,,Mid-Range,Left Side(L),8-16 ft.,9,-93,8,1,0,20211202,TOR,MIL,2210032964,|1627783|1627832|1629018|1630173|1630567,0,REG,,,2022,1630173|1630567,-1.0,,,,,,,,MIL,1610612749.0,
Shot Chart Detail,22100329,71,0,Opponent,1610612761,Toronto Raptors,1,6,27,Missed Shot,Jump Shot,,Left Corner 3,Left Side(L),24+ ft.,22,-229,10,1,0,20211202,TOR,MIL,2210032971,|1627783|1627832|1629018|1630173|1630567,0,REG,,,2022,1630567,-1.0,PF,Helper,0.63,MISS Hill 3PT Jump Shot,,,,MIL,1610612749.0,
Shot Chart Detail,22100329,73,0,Opponent,1610612761,Toronto Raptors,1,6,13,Made Shot,Cutting Dunk Shot,,Restricted Area,Center(C),Less Than 8 ft.,0,4,8,1,1,20211202,TOR,MIL,2210032973,|1627783|1627832|1629018|1630173|1630567,1,REG,,,2022,1627783,1.0,PF,Helper,0.72,Mamukelashvili 1' Cutting Dunk Shot (2 PTS) (Holiday 2 AST),,,,MIL,1610612749.0,201950.0
Shot Chart Detail,22100329,82,0,Opponent,1610612761,Toronto Raptors,1,5,17,Made Shot,Jump Shot,,Above the Break 3,Left Side Center(LC),24+ ft.,26,-175,193,1,1,20211202,TOR,MIL,2210032982,|1627783|1627832|1629018|1630173|1630567,1,REG,,,2022,1629018,0.0,SG,Chaser,0.19,Allen 26' 3PT Jump Shot (5 PTS) (Hill 1 AST),,,,MIL,1610612749.0,201588.0
Shot Chart Detail,22100329,99,0,Opponent,1610612761,Toronto Raptors,1,4,26,Missed Shot,Alley Oop Layup shot,,Restricted Area,Center(C),Less Than 8 ft.,2,26,8,1,0,20211202,TOR,MIL,2210032999,|1627783|1627832|1628449|1629018|1630625,0,REG,,,2022,1627783,0.0,PF,Helper,0.72,MISS T. Antetokounmpo 3' Alley Oop Layup,,,,MIL,1610612749.0,
Shot Chart Detail,22100329,105,0,Opponent,1610612761,Toronto Raptors,1,3,42,Made Shot,Fadeaway Jump Shot,,Mid-Range,Right Side(R),8-16 ft.,11,116,7,1,1,20211202,TOR,MIL,22100329105,|1627783|1627832|1628449|1629018|1630625,0,REG,,,2022,1627832,3.0,PG,Point of Attack,0.9,Holiday 12' Fadeaway Jumper (9 PTS),,,,MIL,1610612749.0,
Shot Chart Detail,22100329,116,0,Opponent,1610612761,Toronto Raptors,1,2,56,Missed Shot,Pullup Jump shot,,Mid-Range,Center(C),8-16 ft.,15,-4,157,1,0,20211202,TOR,MIL,22100329116,|1627832|1628449|1629004|1630567|1630625,0,REG,,,2022,1629004,3.0,SF,Chaser,-0.31,MISS Hood 16' Pullup Jump Shot,,,,MIL,1610612749.0,
Shot Chart Detail,22100329,120,0,Opponent,1610612761,Toronto Raptors,1,2,31,Missed Shot,Jump Shot,,Right Corner 3,Right Side(R),24+ ft.,23,235,20,1,0,20211202,TOR,MIL,22100329120,|1627832|1628449|1629004|1630567|1630625,0,REG,,,2022,1630567,0.0,PF,Helper,0.63,MISS Hood 24' 3PT Jump Shot,,,,MIL,1610612749.0,
Shot Chart Detail,22100329,122,0,Opponent,1610612761,Toronto Raptors,1,2,28,Missed Shot,Jump Shot,,Above the Break 3,Center(C),24+ ft.,27,-6,270,1,0,20211202,TOR,MIL,22100329122,|1627832|1628449|1629004|1630567|1630625,0,REG,,,2022,1627832,0.0,PG,Point of Attack,0.9,MISS Hill 27' 3PT Jump Shot,,,,MIL,1610612749.0,
Shot Chart Detail,22100329,127,0,Opponent,1610612761,Toronto Raptors,1,2,18,Missed Shot,Pullup Jump shot,,Mid-Range,Right Side Center(RC),16-24 ft.,19,119,151,1,0,20211202,TOR,MIL,22100329127,|1627832|1628449|1629004|1630567|1630625,0,REG,,,2022,1630567,0.0,PF,Helper,0.63,MISS Middleton 19' Pullup Jump Shot,,,,MIL,1610612749.0,
Shot Chart Detail,22100329,134,0,Opponent,1610612761,Toronto Raptors,1,1,43,Made Shot,Jump Shot,,Left Corner 3,Left Side(L),24+ ft.,24,-232,81,1,1,20211202,TOR,MIL,22100329134,|1627832|1628449|1629004|1630567|1630625,1,REG,,,2022,1630625,3.0,PG,Chaser,0.27,Hill 25' 3PT Jump Shot (4 PTS) (Hood 1 AST),,,,MIL,1610612749.0,203918.0
Shot Chart Detail,22100329,142,0,Opponent,1610612761,Toronto Raptors,1,1,10,Missed Shot,Driving Floating Jump Shot,,In The Paint (Non-RA),Center(C),Less Than 8 ft.,7,-29,69,1,0,20211202,TOR,MIL,22100329142,|1628449|1629004|1629018|1630567|1630625,0,REG,,,2022,1629004,1.0,SF,Chaser,-0.31,MISS Hood 7' Driving Floating Jump Shot,,,,MIL,1610612749.0,
Shot Chart Detail,22100329,144,0,Opponent,1610612761,Toronto Raptors,1,1,7,Missed Shot,Jump Shot,,Above the Break 3,Right Side Center(RC),24+ ft.,25,135,220,1,0,20211202,TOR,MIL,22100329144,|1628449|1629004|1629018|1630567|1630625,0,REG,,,2022,1630625,1.0,PG,Chaser,0.27,MISS Connaughton 26' 3PT Jump Shot,,,,MIL,1610612749.0,
Shot Chart Detail,22100329,147,0,Opponent,1610612761,Toronto Raptors,1,0,38,Made Shot,Layup Shot,,Restricted Area,Center(C),Less Than 8 ft.,2,-5,27,1,1,20211202,TOR,MIL,22100329147,|1628449|1629004|1629018|1630567|1630625,1,REG,,,2022,1628449,0.0,SF,Helper,0.4,Middleton 3' Layup (2 PTS) (T. Antetokounmpo 1 AST),,,,MIL,1610612749.0,203648.0
Shot Chart Detail,22100329,151,0,Opponent,1610612761,Toronto Raptors,1,0,9,Missed Shot,Jump Shot,,Above the Break 3,Right Side Center(RC),24+ ft.,24,162,188,1,0,20211202,TOR,MIL,22100329151,|1628449|1629004|1629018|1630567|1630625,0,REG,,,2022,1630625,-3.0,PG,Chaser,0.27,MISS Hill 25' 3PT Jump Shot,,,,MIL,1610612749.0,
Shot Chart Detail,22100329,155,0,Opponent,1610612761,Toronto Raptors,1,0,0,Missed Shot,Running Jump Shot,,Backcourt,Back Court(BC),Back Court Shot,62,-9,624,1,0,20211202,TOR,MIL,22100329155,|1628449|1629004|1629018|1630567|1630625,0,REG,,,2022,,,,,,,,,,MIL,1610612749.0,
Shot Chart Detail,22100329,165,0,Opponent,1610612761,Toronto Raptors,2,11,42,Missed Shot,Pullup Jump shot,,Mid-Range,Left Side Center(LC),16-24 ft.,20,-74,190,1,0,20211202,TOR,MIL,22100329165,|1628449|1629004|1629018|1630567|1630625,0,REG,,,2022,1630567,-3.0,PF,Helper,0.63,MISS Middleton 20' Pullup Jump Shot,,,,MIL,1610612749.0,
Shot Chart Detail,22100329,169,0,Opponent,1610612761,Toronto Raptors,2,11,8,Missed Shot,Reverse Layup Shot,,Restricted Area,Center(C),Less Than 8 ft.,1,10,1,1,0,20211202,TOR,MIL,22100329169,|1628449|1629004|1629018|1630567|1630625,0,REG,,,2022,1630567,-3.0,PF,Helper,0.63,MISS Middleton 1' Reverse Layup,,,,MIL,1610612749.0,
Shot Chart Detail,22100329,172,0,Opponent,1610612761,Toronto Raptors,2,11,3,Missed Shot,Jump Shot,,Above the Break 3,Right Side Center(RC),24+ ft.,24,170,178,1,0,20211202,TOR,MIL,22100329172,|1628449|1629004|1629018|1630567|1630625,0,REG,,,2022,1629018,-3.0,SG,Chaser,0.19,MISS Allen 25' 3PT Jump Shot,,,,MIL,1610612749.0,
Shot Chart Detail,22100329,176,0,Opponent,1610612761,Toronto Raptors,2,10,38,Made Shot,Step Back Jump shot,,Above the Break 3,Center(C),24+ ft.,25,70,249,1,1,20211202,TOR,MIL,22100329176,|1628449|1629004|1629018|1630567|1630625,0,REG,,,2022,1629004,0.0,SF,Chaser,-0.31,Holiday 26' 3PT Step Back Jump Shot (12 PTS),,,,MIL,1610612749.0,
Shot Chart Detail,22100329,189,0,Opponent,1610612761,Toronto Raptors,2,9,31,Missed Shot,Driving Layup Shot,,In The Paint (Non-RA),Center(C),8-16 ft.,10,0,106,1,0,20211202,TOR,MIL,22100329189,|1629004|1629018|1629139|1630567|1630625,0,REG,,,2022,1629018,0.0,SG,Chaser,0.19,Trent Jr. BLOCK (1 BLK),,,,MIL,1610612749.0,
Shot Chart Detail,22100329,192,0,Opponent,1610612761,Toronto Raptors,2,9,26,Made Shot,Putback Layup Shot,,Restricted Area,Center(C),Less Than 8 ft.,1,11,1,1,1,20211202,TOR,MIL,22100329192,|1629004|1629018|1629139|1630567|1630625,0,REG,,,2022,1629139,2.0,SF,Helper,0.1,Mamukelashvili 1' Putback Layup (4 PTS),,,,MIL,1610612749.0,
Shot Chart Detail,22100329,200,0,Opponent,1610612761,Toronto Raptors,2,8,42,Missed Shot,Layup Shot,,In The Paint (Non-RA),Center(C),Less Than 8 ft.,4,9,41,1,0,20211202,TOR,MIL,22100329200,|1629004|1629018|1629139|1630567|1630625,0,REG,,,2022,1630625,0.0,PG,Chaser,0.27,MISS Holiday 4' Layup,,,,MIL,1610612749.0,
Shot Chart Detail,22100329,222,0,Opponent,1610612761,Toronto Raptors,2,7,43,Missed Shot,Driving Finger Roll Layup Shot,,In The Paint (Non-RA),Center(C),Less Than 8 ft.,4,39,31,1,0,20211202,TOR,MIL,22100329222,|1627783|1627832|1629004|1629139|1630173,0,REG,,,2022,1630173,0.0,C,Mobile Big,0.24,MISS Allen 5' Driving Finger Roll Layup,,,,MIL,1610612749.0,
Shot Chart Detail,22100329,230,0,Opponent,1610612761,Toronto Raptors,2,7,17,Missed Shot,Step Back Jump shot,,Above the Break 3,Left Side Center(LC),24+ ft.,26,-162,206,1,0,20211202,TOR,MIL,22100329230,|1627783|1627832|1629004|1629139|1630173,0,REG,,,2022,1629004,0.0,SF,Chaser,-0.31,MISS Holiday 26' 3PT Step Back Jump Shot,,,,MIL,1610612749.0,
Shot Chart Detail,22100329,242,0,Opponent,1610612761,Toronto Raptors,2,6,35,Missed Shot,Pullup Jump shot,,Mid-Range,Left Side Center(LC),16-24 ft.,20,-89,189,1,0,20211202,TOR,MIL,22100329242,|1627783|1627832|1629004|1629139|1630173,0,REG,,,2022,1627783,-2.0,PF,Helper,0.72,MISS Hood 21' Pullup Jump Shot,,,,MIL,1610612749.0,
Shot Chart Detail,22100329,255,0,Opponent,1610612761,Toronto Raptors,2,5,42,Made Shot,Driving Floating Jump Shot,,In The Paint (Non-RA),Center(C),Less Than 8 ft.,7,-21,68,1,1,20211202,TOR,MIL,22100329255,|1627783|1627832|1629004|1629139|1630173,0,REG,,,2022,1629139|1627832,-5.0,,,,,,,,MIL,1610612749.0,
Shot Chart Detail,22100329,257,0,Opponent,1610612761,Toronto Raptors,2,4,59,Made Shot,Pullup Jump shot,,Mid-Range,Left Side(L),8-16 ft.,14,-104,97,1,1,20211202,TOR,MIL,22100329257,|1627783|1627832|1629004|1629139|1630173,0,REG,,,2022,1629139,-3.0,SF,Helper,0.1,Holiday 14' Pullup Jump Shot (16 PTS),,,,MIL,1610612749.0,
Shot Chart Detail,22100329,271,0,Opponent,1610612761,Toronto Raptors,2,3,45,Missed Shot,Jump Shot,,Above the Break 3,Center(C),24+ ft.,25,78,247,1,0,20211202,TOR,MIL,22100329271,|1627783|1627832|1629018|1630173|1630567,0,REG,,,2022,1630173,-5.0,C,Mobile Big,0.24,MISS Mamukelashvili 26' 3PT Jump Shot,,,,MIL,1610612749.0,
Shot Chart Detail,22100329,275,0,Opponent,1610612761,Toronto Raptors,2,3,18,Missed Shot,Jump Shot,,Above the Break 3,Left Side Center(LC),24+ ft.,26,-165,209,1,0,20211202,TOR,MIL,22100329275,|1627783|1627832|1629018|1630173|1630567,0,REG,,,2022,1627783,-7.0,PF,Helper,0.72,MISS Middleton 27' 3PT Jump Shot,,,,MIL,1610612749.0,
Shot Chart Detail,22100329,284,0,Opponent,1610612761,Toronto Raptors,2,3,3,Missed Shot,Jump Shot,,Above the Break 3,Right Side Center(RC),24+ ft.,25,190,175,1,0,20211202,TOR,MIL,22100329284,|1627783|1627832|1629018|1630173|1630567,0,REG,,,2022,1630173,-7.0,C,Mobile Big,0.24,MISS Portis 26' 3PT Jump Shot,,,,MIL,1610612749.0,
Shot Chart Detail,22100329,288,0,Opponent,1610612761,Toronto Raptors,2,2,19,Missed Shot,Step Back Jump shot,,Above the Break 3,Left Side Center(LC),24+ ft.,25,-219,131,1,0,20211202,TOR,MIL,22100329288,|1627783|1627832|1629018|1630173|1630567,0,REG,,,2022,1630567,-10.0,PF,Helper,0.63,MISS Middleton 26' 3PT Step Back Jump Shot,,,,MIL,1610612749.0,
Shot Chart Detail,22100329,290,0,Opponent,1610612761,Toronto Raptors,2,2,14,Made Shot,Hook Shot,,In The Paint (Non-RA),Center(C),Less Than 8 ft.,5,43,27,1,1,20211202,TOR,MIL,22100329290,|1627783|1627832|1629018|1630173|1630567,0,REG,,,2022,1629018|1627783,-8.0,,,,,,,,MIL,1610612749.0,
Shot Chart Detail,22100329,296,0,Opponent,1610612761,Toronto Raptors,2,1,42,Made Shot,Running Jump Shot,,In The Paint (Non-RA),Center(C),8-16 ft.,13,-34,126,1,1,20211202,TOR,MIL,22100329296,|1627783|1627832|1629018|1630173|1630567,0,REG,,,2022,1627783|1630173|1630567,-6.0,,,,,,,,MIL,1610612749.0,
Shot Chart Detail,22100329,306,0,Opponent,1610612761,Toronto Raptors,2,0,42,Missed Shot,Driving Layup Shot,,In The Paint (Non-RA),Center(C),Less Than 8 ft.,7,44,60,1,0,20211202,TOR,MIL,22100329306,|1627783|1627832|1629018|1630173|1630567,0,REG,,,2022,1630567,-10.0,PF,Helper,0.63,MISS Middleton 7' Driving Layup,,,,MIL,1610612749.0,
Shot Chart Detail,22100329,310,0,Opponent,1610612761,Toronto Raptors,2,0,6,Missed Shot,Driving Finger Roll Layup Shot,,In The Paint (Non-RA),Center(C),Less Than 8 ft.,6,-27,58,1,0,20211202,TOR,MIL,22100329310,|1627783|1627832|1629018|1630173|1630567,0,REG,,,2022,1629018|1627832,-10.0,,,,,,,,MIL,1610612749.0,
Shot Chart Detail,22100329,312,0,Opponent,1610612761,Toronto Raptors,2,0,6,Made Shot,Tip Layup Shot,,Restricted Area,Center(C),Less Than 8 ft.,0,0,0,1,1,20211202,TOR,MIL,22100329312,|1627783|1627832|1629018|1630173|1630567,0,REG,,,2022,1629018|1630567,-8.0,,,,,,,,MIL,1610612749.0,
Shot Chart Detail,22100329,321,0,Opponent,1610612761,Toronto Raptors,3,11,42,Missed Shot,Pullup Jump shot,,Mid-Range,Center(C),8-16 ft.,15,13,150,1,0,20211202,TOR,MIL,22100329321,|1627783|1627832|1629018|1630173|1630567,0,REG,,,2022,1627783,-8.0,PF,Helper,0.72,MISS Holiday 15' Pullup Jump Shot,,,,MIL,1610612749.0,
Shot Chart Detail,22100329,325,0,Opponent,1610612761,Toronto Raptors,3,11,17,Made Shot,Running Layup Shot,,Restricted Area,Center(C),Less Than 8 ft.,2,16,16,1,1,20211202,TOR,MIL,22100329325,|1627783|1627832|1629018|1630173|1630567,0,REG,,,2022,1630567,-6.0,PF,Helper,0.63,Middleton 2' Running Layup (6 PTS),,,,MIL,1610612749.0,
Shot Chart Detail,22100329,342,0,Opponent,1610612761,Toronto Raptors,3,9,47,Missed Shot,Driving Finger Roll Layup Shot,,Restricted Area,Center(C),Less Than 8 ft.,1,-4,16,1,0,20211202,TOR,MIL,22100329342,|1627783|1627832|1629018|1630173|1630567,0,REG,,,2022,1630567|1627832,-7.0,,,,,,,,MIL,1610612749.0,
Shot Chart Detail,22100329,346,0,Opponent,1610612761,Toronto Raptors,3,9,45,Made Shot,Jump Shot,,Right Corner 3,Right Side(R),24+ ft.,23,230,3,1,1,20211202,TOR,MIL,22100329346,|1627783|1627832|1629018|1630173|1630567,1,REG,,,2022,1627783,-4.0,PF,Helper,0.72,Connaughton 3PT Jump Shot (5 PTS) (Holiday 3 AST),,,,MIL,1610612749.0,201950.0
Shot Chart Detail,22100329,364,0,Opponent,1610612761,Toronto Raptors,3,8,35,Missed Shot,Jump Shot,,Above the Break 3,Left Side Center(LC),24+ ft.,26,-184,192,1,0,20211202,TOR,MIL,22100329364,|1627783|1627832|1629018|1630173|1630567,0,REG,,,2022,1627783,-5.0,PF,Helper,0.72,MISS Allen 27' 3PT Jump Shot,,,,MIL,1610612749.0,
Shot Chart Detail,22100329,381,0,Opponent,1610612761,Toronto Raptors,3,7,14,Missed Shot,Pullup Jump shot,,Mid-Range,Left Side Center(LC),16-24 ft.,20,-120,161,1,0,20211202,TOR,MIL,22100329381,|1627783|1627832|1629018|1630173|1630567,0,REG,,,2022,1630567,-9.0,PF,Helper,0.63,MISS Holiday 20' Pullup Jump Shot,,,,MIL,1610612749.0,
Shot Chart Detail,22100329,390,0,Opponent,1610612761,Toronto Raptors,3,6,23,Made Shot,Driving Bank Hook Shot,,In The Paint (Non-RA),Center(C),Less Than 8 ft.,7,55,57,1,1,20211202,TOR,MIL,22100329390,|1627783|1627832|1629018|1630173|1630567,0,REG,,,2022,1629018,-9.0,SG,Chaser,0.19,Allen 8' Driving Bank Hook Shot (7 PTS),,,,MIL,1610612749.0,
Shot Chart Detail,22100329,393,0,Opponent,1610612761,Toronto Raptors,3,5,50,Missed Shot,Cutting Dunk Shot,,Restricted Area,Center(C),Less Than 8 ft.,3,16,29,1,0,20211202,TOR,MIL,22100329393,|1627783|1627832|1629018|1630173|1630567,0,REG,,,2022,1630567,-9.0,PF,Helper,0.63,Achiuwa BLOCK (1 BLK),,,,MIL,1610612749.0,
Shot Chart Detail,22100329,399,0,Opponent,1610612761,Toronto Raptors,3,5,35,Missed Shot,Driving Floating Jump Shot,,Mid-Range,Right Side(R),8-16 ft.,10,104,21,1,0,20211202,TOR,MIL,22100329399,|1627783|1627832|1629018|1630173|1630567,0,REG,,,2022,1627783|1627832,-9.0,,,,,,,,MIL,1610612749.0,
Shot Chart Detail,22100329,401,0,Opponent,1610612761,Toronto Raptors,3,5,31,Missed Shot,Tip Layup Shot,,Restricted Area,Center(C),Less Than 8 ft.,0,0,0,1,0,20211202,TOR,MIL,22100329401,|1627783|1627832|1629018|1630173|1630567,0,REG,,,2022,1627783|1630173,-9.0,,,,,,,,MIL,1610612749.0,
Shot Chart Detail,22100329,420,0,Opponent,1610612761,Toronto Raptors,3,4,44,Missed Shot,Jump Shot,,Above the Break 3,Right Side Center(RC),24+ ft.,26,110,243,1,0,20211202,TOR,MIL,22100329420,|1627783|1627832|1628449|1629004|1630567,0,REG,,,2022,1629004,-10.0,SF,Chaser,-0.31,MISS Hill 27' 3PT Jump Shot,,,,MIL,1610612749.0,
Shot Chart Detail,22100329,422,0,Opponent,1610612761,Toronto Raptors,3,4,34,Made Shot,Jump Shot,,Above the Break 3,Center(C),24+ ft.,26,23,263,1,1,20211202,TOR,MIL,22100329422,|1627783|1627832|1628449|1629004|1630567,1,REG,,,2022,,,,,,,,,,MIL,1610612749.0,1630572.0
Shot Chart Detail,22100329,426,0,Opponent,1610612761,Toronto Raptors,3,4,9,Made Shot,Step Back Jump shot,,Above the Break 3,Right Side Center(RC),24+ ft.,26,142,221,1,1,20211202,TOR,MIL,22100329426,|1627783|1627832|1628449|1629004|1630567,0,REG,,,2022,1630567,-4.0,PF,Helper,0.63,Holiday 26' 3PT Step Back Jump Shot (23 PTS),,,,MIL,1610612749.0,
Shot Chart Detail,22100329,446,0,Opponent,1610612761,Toronto Raptors,3,2,37,Missed Shot,Driving Layup Shot,,In The Paint (Non-RA),Center(C),Less Than 8 ft.,5,0,50,1,0,20211202,TOR,MIL,22100329446,|1627832|1628449|1629004|1629067|1630567,0,REG,,,2022,1630567,-6.0,PF,Helper,0.63,Boucher BLOCK (1 BLK),,,,MIL,1610612749.0,
Shot Chart Detail,22100329,449,0,Opponent,1610612761,Toronto Raptors,3,2,31,Missed Shot,Driving Floating Jump Shot,,In The Paint (Non-RA),Center(C),Less Than 8 ft.,6,59,37,1,0,20211202,TOR,MIL,22100329449,|1627832|1628449|1629004|1629067|1630567,0,REG,,,2022,1629067|1629004,-6.0,,,,,,,,MIL,1610612749.0,
Shot Chart Detail,22100329,464,0,Opponent,1610612761,Toronto Raptors,3,1,44,Missed Shot,Turnaround Fadeaway shot,,Mid-Range,Right Side(R),8-16 ft.,13,130,11,1,0,20211202,TOR,MIL,22100329464,|1627832|1628449|1629004|1629067|1630625,0,REG,,,2022,1627832,-8.0,PG,Point of Attack,0.9,MISS Middleton 13' Turnaround Fadeaway Shot,,,,MIL,1610612749.0,
Shot Chart Detail,22100329,483,0,Opponent,1610612761,Toronto Raptors,3,0,31,Made Shot,Pullup Jump shot,,Above the Break 3,Center(C),24+ ft.,27,-11,274,1,1,20211202,TOR,MIL,22100329483,|1628449|1629004|1629067|1629139|1630625,0,REG,,,2022,1629004,-7.0,SF,Chaser,-0.31,Middleton 27' 3PT Pullup Jump Shot (11 PTS),,,,MIL,1610612749.0,
Shot Chart Detail,22100329,491,0,Opponent,1610612761,Toronto Raptors,3,0,0,Made Shot,Fadeaway Jump Shot,,Mid-Range,Left Side(L),8-16 ft.,14,-138,37,1,1,20211202,TOR,MIL,22100329491,|1629004|1629067|1629139|1630173|1630625,1,REG,,,2022,1629139,-5.0,SF,Helper,0.1,Middleton 14' Fadeaway Jumper (13 PTS) (Hill 2 AST),,,,MIL,1610612749.0,201588.0
Shot Chart Detail,22100329,504,0,Opponent,1610612761,Toronto Raptors,4,11,24,Missed Shot,Turnaround Fadeaway shot,,Mid-Range,Left Side(L),8-16 ft.,10,-96,50,1,0,20211202,TOR,MIL,22100329504,|1627783|1629004|1629139|1630173|1630625,0,REG,,,2022,1630173|1630625,-5.0,,,,,,,,MIL,1610612749.0,
Shot Chart Detail,22100329,511,0,Opponent,1610612761,Toronto Raptors,4,10,45,Missed Shot,Cutting Finger Roll Layup Shot,,In The Paint (Non-RA),Center(C),Less Than 8 ft.,4,25,42,1,0,20211202,TOR,MIL,22100329511,|1627783|1629004|1629139|1630173|1630625,0,REG,,,2022,1627783|1630173,-5.0,,,,,,,,MIL,1610612749.0,
Shot Chart Detail,22100329,525,0,Opponent,1610612761,Toronto Raptors,4,9,51,Made Shot,Step Back Jump shot,,Above the Break 3,Right Side Center(RC),24+ ft.,26,173,203,1,1,20211202,TOR,MIL,22100329525,|1627783|1629004|1630173|1630567|1630625,0,REG,,,2022,1630173,-4.0,C,Mobile Big,0.24,Holiday 27' 3PT Step Back Jump Shot (26 PTS),,,,MIL,1610612749.0,
Shot Chart Detail,22100329,528,0,Opponent,1610612761,Toronto Raptors,4,9,28,Made Shot,Running Jump Shot,,Restricted Area,Center(C),Less Than 8 ft.,3,28,19,1,1,20211202,TOR,MIL,22100329528,|1627783|1629004|1630173|1630567|1630625,1,REG,,,2022,1630567,-2.0,PF,Helper,0.63,Connaughton 3' Running Jump Shot (7 PTS) (Holiday 4 AST),,,,MIL,1610612749.0,201950.0
Shot Chart Detail,22100329,543,0,Opponent,1610612761,Toronto Raptors,4,8,35,Missed Shot,Jump Shot,,Above the Break 3,Right Side Center(RC),24+ ft.,26,140,229,1,0,20211202,TOR,MIL,22100329543,|1627783|1627832|1629018|1630173|1630567,0,REG,,,2022,1630173,-5.0,C,Mobile Big,0.24,MISS Portis 27' 3PT Jump Shot,,,,MIL,1610612749.0,
Shot Chart Detail,22100329,549,0,Opponent,1610612761,Toronto Raptors,4,8,12,Missed Shot,Driving Floating Jump Shot,,In The Paint (Non-RA),Center(C),8-16 ft.,10,0,100,1,0,20211202,TOR,MIL,22100329549,|1627783|1627832|1629018|1630173|1630567,0,REG,,,2022,1630173|1627832,-7.0,,,,,,,,MIL,1610612749.0,
Shot Chart Detail,22100329,559,0,Opponent,1610612761,Toronto Raptors,4,7,37,Made Shot,Pullup Jump shot,,Mid-Range,Left Side Center(LC),16-24 ft.,19,-140,130,1,1,20211202,TOR,MIL,22100329559,|1627783|1627832|1629018|1630173|1630567,1,REG,,,2022,1630567,-7.0,PF,Helper,0.63,Middleton 19' Pullup Jump Shot (15 PTS) (Hill 3 AST),,,,MIL,1610612749.0,201588.0
Shot Chart Detail,22100329,564,0,Opponent,1610612761,Toronto Raptors,4,7,2,Made Shot,Jump Shot,,Above the Break 3,Left Side Center(LC),24+ ft.,26,-116,234,1,1,20211202,TOR,MIL,22100329564,|1627783|1627832|1629018|1630173|1630567,1,REG,,,2022,1630567,-6.0,PF,Helper,0.63,Middleton 26' 3PT Jump Shot (18 PTS) (Holiday 5 AST),,,,MIL,1610612749.0,201950.0
Shot Chart Detail,22100329,572,0,Opponent,1610612761,Toronto Raptors,4,6,32,Missed Shot,Pullup Jump shot,,Mid-Range,Center(C),16-24 ft.,23,5,232,1,0,20211202,TOR,MIL,22100329572,|1627832|1629018|1629139|1630173|1630567,0,REG,,,2022,1630173,-6.0,C,Mobile Big,0.24,MISS Middleton 23' Pullup Jump Shot,,,,MIL,1610612749.0,
Shot Chart Detail,22100329,576,0,Opponent,1610612761,Toronto Raptors,4,6,16,Made Shot,Jump Shot,,Above the Break 3,Left Side Center(LC),24+ ft.,26,-118,234,1,1,20211202,TOR,MIL,22100329576,|1627832|1629018|1629139|1630173|1630567,1,REG,,,2022,1629018,-3.0,SG,Chaser,0.19,Allen 26' 3PT Jump Shot (10 PTS) (Holiday 6 AST),,,,MIL,1610612749.0,201950.0
Shot Chart Detail,22100329,581,0,Opponent,1610612761,Toronto Raptors,4,5,23,Made Shot,Dunk Shot,,Restricted Area,Center(C),Less Than 8 ft.,0,1,9,1,1,20211202,TOR,MIL,22100329581,|1627832|1629018|1629139|1630173|1630567,1,REG,,,2022,1630173,-4.0,C,Mobile Big,0.24,Mamukelashvili 1' Dunk (6 PTS) (Holiday 7 AST),,,,MIL,1610612749.0,201950.0
Shot Chart Detail,22100329,595,0,Opponent,1610612761,Toronto Raptors,4,4,34,Made Shot,Cutting Layup Shot,,Restricted Area,Center(C),Less Than 8 ft.,1,-4,15,1,1,20211202,TOR,MIL,22100329595,|1627783|1627832|1629018|1630173|1630567,1,REG,,,2022,1629018,-2.0,SG,Chaser,0.19,Mamukelashvili 2' Cutting Layup Shot (8 PTS) (Middleton 2 AST),,,,MIL,1610612749.0,203114.0
Shot Chart Detail,22100329,604,0,Opponent,1610612761,Toronto Raptors,4,3,29,Missed Shot,Driving Reverse Layup Shot,,Restricted Area,Center(C),Less Than 8 ft.,1,-10,16,1,0,20211202,TOR,MIL,22100329604,|1627783|1627832|1629018|1630173|1630567,0,REG,,,2022,1630567,-4.0,PF,Helper,0.63,MISS Middleton 2' Driving Reverse Layup,,,,MIL,1610612749.0,
Shot Chart Detail,22100329,607,0,Opponent,1610612761,Toronto Raptors,4,3,24,Missed Shot,Jump Bank Shot,,Above the Break 3,Left Side Center(LC),24+ ft.,24,-169,172,1,0,20211202,TOR,MIL,22100329607,|1627783|1627832|1629018|1630173|1630567,0,REG,,,2022,1630567,-4.0,PF,Helper,0.63,MISS Connaughton 24' 3PT Jump Bank Shot,,,,MIL,1610612749.0,
Shot Chart Detail,22100329,634,0,Opponent,1610612761,Toronto Raptors,4,1,13,Made Shot,Turnaround Fadeaway shot,,Mid-Range,Left Side(L),8-16 ft.,14,-143,17,1,1,20211202,TOR,MIL,22100329634,|1627783|1627832|1629018|1630173|1630567,0,REG,,,2022,1630567,-6.0,PF,Helper,0.63,Middleton 14' Turnaround Fadeaway (20 PTS),,,,MIL,1610612749.0,
Shot Chart Detail,22100329,637,0,Opponent,1610612761,Toronto Raptors,4,0,48,Missed Shot,Running Layup Shot,,Restricted Area,Center(C),Less Than 8 ft.,1,-5,14,1,0,20211202,TOR,MIL,22100329637,|1627783|1627832|1629018|1630173|1630567,0,REG,,,2022,1630567,-6.0,PF,Helper,0.63,Achiuwa BLOCK (2 BLK),,,,MIL,1610612749.0,
Shot Chart Detail,22100329,647,0,Opponent,1610612761,Toronto Raptors,4,0,33,Made Shot,Jump Shot,,Above the Break 3,Center(C),24+ ft.,26,38,258,1,1,20211202,TOR,MIL,22100329647,|1627832|1629018|1629139|1630173|1630567,1,REG,,,2022,1630173,-3.0,C,Mobile Big,0.24,Portis 26' 3PT Jump Shot (14 PTS) (Holiday 8 AST),,,,MIL,1610612749.0,201950.0
Shot Chart Detail,22100329,666,0,Opponent,1610612761,Toronto Raptors,4,0,6,Missed Shot,Jump Shot,,Right Corner 3,Right Side(R),24+ ft.,23,234,6,1,0,20211202,TOR,MIL,22100329666,|1627832|1629018|1629139|1630173|1630567,0,REG,,,2022,1629139,-2.0,SF,Helper,0.1,MISS Connaughton 3PT Jump Shot,,,,MIL,1610612749.0,
Shot Chart Detail,22100329,683,0,Opponent,1610612761,Toronto Raptors,4,0,0,Missed Shot,Jump Shot,,Above the Break 3,Center(C),24+ ft.,26,-59,261,1,0,20211202,TOR,MIL,22100329683,|1627832|1629018|1629139|1630173|1630567,0,REG,,,2022,,,,,,,,,,MIL,1610612749.0,
Shot Chart Detail,22100351,10,0,Opponent,1610612761,Toronto Raptors,1,11,45,Missed Shot,Driving Reverse Layup Shot,,Restricted Area,Center(C),Less Than 8 ft.,3,25,30,1,0,20211205,TOR,WAS,2210035110,|1627783|1627832|1629018|1630173|1630567,0,REG,,,2022,1630567,0.0,PF,Helper,0.63,MISS Beal 4' Driving Reverse Layup,,,,WAS,1610612764.0,
Shot Chart Detail,22100351,12,0,Opponent,1610612761,Toronto Raptors,1,11,42,Missed Shot,Tip Layup Shot,,Restricted Area,Center(C),Less Than 8 ft.,0,0,0,1,0,20211205,TOR,WAS,2210035112,|1627783|1627832|1629018|1630173|1630567,0,REG,,,2022,1627832|1630173,0.0,,,,,,,,WAS,1610612764.0,
Shot Chart Detail,22100351,26,0,Opponent,1610612761,Toronto Raptors,1,10,37,Missed Shot,Jump Shot,,Above the Break 3,Left Side Center(LC),24+ ft.,26,-163,211,1,0,20211205,TOR,WAS,2210035126,|1627783|1627832|1629018|1630173|1630567,0,REG,,,2022,1627783,0.0,PF,Helper,0.72,MISS Kuzma 27' 3PT Jump Shot,,,,WAS,1610612764.0,
Shot Chart Detail,22100351,32,0,Opponent,1610612761,Toronto Raptors,1,10,18,Made Shot,Running Pull-Up Jump Shot,,Mid-Range,Right Side Center(RC),16-24 ft.,18,140,115,1,1,20211205,TOR,WAS,2210035132,|1627783|1627832|1629018|1630173|1630567,1,REG,,,2022,1630567,2.0,PF,Helper,0.63,Beal 18' Running Pull-Up Jump Shot (2 PTS) (Caldwell-Pope 1 AST),,,,WAS,1610612764.0,203484.0
Shot Chart Detail,22100351,37,0,Opponent,1610612761,Toronto Raptors,1,9,55,Missed Shot,Layup Shot,,Restricted Area,Center(C),Less Than 8 ft.,3,27,15,1,0,20211205,TOR,WAS,2210035137,|1627783|1627832|1629018|1630173|1630567,0,REG,,,2022,1627832|1630173,0.0,,,,,,,,WAS,1610612764.0,
Shot Chart Detail,22100351,40,0,Opponent,1610612761,Toronto Raptors,1,9,30,Missed Shot,Jump Shot,,Above the Break 3,Right Side Center(RC),24+ ft.,26,202,171,1,0,20211205,TOR,WAS,2210035140,|1627783|1627832|1629018|1630173|1630567,0,REG,,,2022,1627832,-2.0,PG,Point of Attack,0.9,MISS Kuzma 26' 3PT Jump Shot,,,,WAS,1610612764.0,
Shot Chart Detail,22100351,48,0,Opponent,1610612761,Toronto Raptors,1,9,2,Missed Shot,Pullup Jump shot,,In The Paint (Non-RA),Center(C),8-16 ft.,12,-44,114,1,0,20211205,TOR,WAS,2210035148,|1627783|1627832|1629018|1630173|1630567,0,REG,,,2022,1627783,-4.0,PF,Helper,0.72,MISS Dinwiddie 12' Pullup Jump Shot,,,,WAS,1610612764.0,
Shot Chart Detail,22100351,52,0,Opponent,1610612761,Toronto Raptors,1,8,42,Made Shot,Driving Hook Shot,,In The Paint (Non-RA),Center(C),Less Than 8 ft.,6,34,53,1,1,20211205,TOR,WAS,2210035152,|1627783|1627832|1629018|1630173|1630567,1,REG,,,2022,1629018,-2.0,SG,Chaser,0.19,Caldwell-Pope 6' Driving Hook Shot (2 PTS) (Harrell 1 AST),,,,WAS,1610612764.0,1626149.0
Shot Chart Detail,22100351,59,0,Opponent,1610612761,Toronto Raptors,1,8,5,Missed Shot,Driving Layup Shot,,In The Paint (Non-RA),Center(C),Less Than 8 ft.,5,47,21,1,0,20211205,TOR,WAS,2210035159,|1627783|1627832|1629018|1630173|1630567,0,REG,,,2022,1630173|1630567,-3.0,,,,,,,,WAS,1610612764.0,
Shot Chart Detail,22100351,66,0,Opponent,1610612761,Toronto Raptors,1,7,39,Missed Shot,Jump Shot,,Above the Break 3,Left Side Center(LC),24+ ft.,26,-199,172,1,0,20211205,TOR,WAS,2210035166,|1627783|1627832|1629018|1630173|1630567,0,REG,,,2022,1630567,-5.0,PF,Helper,0.63,MISS Beal 26' 3PT Jump Shot,,,,WAS,1610612764.0,
Shot Chart Detail,22100351,71,0,Opponent,1610612761,Toronto Raptors,1,6,56,Missed Shot,Floating Jump shot,,In The Paint (Non-RA),Center(C),8-16 ft.,11,31,110,1,0,20211205,TOR,WAS,2210035171,|1627783|1627832|1629018|1630173|1630567,0,REG,,,2022,1630567,-7.0,PF,Helper,0.63,MISS Caldwell-Pope 11' Floating Jump Shot,,,,WAS,1610612764.0,
Shot Chart Detail,22100351,75,0,Opponent,1610612761,Toronto Raptors,1,6,34,Missed Shot,Driving Hook Shot,,In The Paint (Non-RA),Center(C),Less Than 8 ft.,6,10,62,1,0,20211205,TOR,WAS,2210035175,|1627783|1627832|1629018|1630173|1630567,0,REG,,,2022,1630567,-7.0,PF,Helper,0.63,MISS Harrell 6' Driving Hook Shot,,,,WAS,1610612764.0,
Shot Chart Detail,22100351,80,0,Opponent,1610612761,Toronto Raptors,1,5,58,Missed Shot,Floating Jump shot,,Mid-Range,Right Side(R),8-16 ft.,11,119,-6,1,0,20211205,TOR,WAS,2210035180,|1627783|1627832|1629018|1630173|1630567,0,REG,,,2022,1630173,-10.0,C,Mobile Big,0.24,MISS Beal 12' Floating Jump Shot,,,,WAS,1610612764.0,
Shot Chart Detail,22100351,84,0,Opponent,1610612761,Toronto Raptors,1,5,43,Missed Shot,Layup Shot,,Restricted Area,Center(C),Less Than 8 ft.,1,1,15,1,0,20211205,TOR,WAS,2210035184,|1627783|1627832|1629018|1630173|1630567,0,REG,,,2022,1627783|1630567,-10.0,,,,,,,,WAS,1610612764.0,
Shot Chart Detail,22100351,87,0,Opponent,1610612761,Toronto Raptors,1,5,37,Missed Shot,Layup Shot,,Restricted Area,Center(C),Less Than 8 ft.,1,-9,14,1,0,20211205,TOR,WAS,2210035187,|1627783|1627832|1629018|1630173|1630567,0,REG,,,2022,1627783|1630567,-10.0,,,,,,,,WAS,1610612764.0,
Shot Chart Detail,22100351,92,0,Opponent,1610612761,Toronto Raptors,1,5,9,Made Shot,Driving Finger Roll Layup Shot,,In The Paint (Non-RA),Center(C),Less Than 8 ft.,6,38,50,1,1,20211205,TOR,WAS,2210035192,|1627783|1627832|1629018|1630173|1630567,0,REG,,,2022,1630567,-8.0,PF,Helper,0.63,Dinwiddie 6' Driving Finger Roll Layup (2 PTS),,,,WAS,1610612764.0,
Shot Chart Detail,22100351,95,0,Opponent,1610612761,Toronto Raptors,1,4,19,Made Shot,Jump Shot,,Right Corner 3,Right Side(R),24+ ft.,23,237,11,1,1,20211205,TOR,WAS,2210035195,|1627783|1627832|1629018|1630173|1630567,1,REG,,,2022,,,,,,,,,,WAS,1610612764.0,203484.0
Shot Chart Detail,22100351,98,0,Opponent,1610612761,Toronto Raptors,1,3,48,Missed Shot,Jump Shot,,Right Corner 3,Right Side(R),24+ ft.,22,227,20,1,0,20211205,TOR,WAS,2210035198,|1627783|1627832|1629018|1630173|1630567,0,REG,,,2022,1627832,-8.0,PG,Point of Attack,0.9,MISS Dinwiddie 3PT Jump Shot,,,,WAS,1610612764.0,
Shot Chart Detail,22100351,102,0,Opponent,1610612761,Toronto Raptors,1,3,25,Missed Shot,Running Jump Shot,,Right Corner 3,Right Side(R),24+ ft.,23,239,5,1,0,20211205,TOR,WAS,22100351102,|1627783|1627832|1629018|1630173|1630567,0,REG,,,2022,1627832,-8.0,PG,Point of Attack,0.9,MISS Kuzma 24' 3PT Running Jump Shot,,,,WAS,1610612764.0,
Shot Chart Detail,22100351,117,0,Opponent,1610612761,Toronto Raptors,1,2,40,Made Shot,Driving Floating Jump Shot,,Mid-Range,Left Side(L),8-16 ft.,14,-94,110,1,1,20211205,TOR,WAS,22100351117,|1627783|1627832|1628449|1629018|1629139,1,REG,,,2022,1627783,-8.0,PF,Helper,0.72,Neto 14' Driving Floating Jump Shot (2 PTS) (Beal 1 AST),,,,WAS,1610612764.0,203078.0
Shot Chart Detail,22100351,125,0,Opponent,1610612761,Toronto Raptors,1,2,1,Missed Shot,Jump Shot,,Above the Break 3,Right Side Center(RC),24+ ft.,27,123,247,1,0,20211205,TOR,WAS,22100351125,|1627783|1628449|1629018|1629139|1630625,0,REG,,,2022,1630625,-10.0,PG,Chaser,0.27,MISS Bertans 28' 3PT Jump Shot,,,,WAS,1610612764.0,
Shot Chart Detail,22100351,147,0,Opponent,1610612761,Toronto Raptors,1,0,26,Missed Shot,Driving Floating Jump Shot,,In The Paint (Non-RA),Center(C),8-16 ft.,12,45,120,1,0,20211205,TOR,WAS,22100351147,|1627783|1628449|1629004|1629139|1630625,0,REG,,,2022,1628449,-11.0,SF,Helper,0.4,MISS Neto 13' Driving Floating Jump Shot,,,,WAS,1610612764.0,
Shot Chart Detail,22100351,157,0,Opponent,1610612761,Toronto Raptors,2,11,27,Missed Shot,Jump Shot,,Above the Break 3,Center(C),24+ ft.,26,11,268,1,0,20211205,TOR,WAS,22100351157,|1628449|1629004|1629139|1630567|1630625,0,REG,,,2022,1629139,-14.0,SF,Helper,0.1,MISS Bertans 27' 3PT Jump Shot,,,,WAS,1610612764.0,
Shot Chart Detail,22100351,161,0,Opponent,1610612761,Toronto Raptors,2,10,51,Missed Shot,Jump Shot,,Left Corner 3,Left Side(L),24+ ft.,22,-222,35,1,0,20211205,TOR,WAS,22100351161,|1628449|1629004|1629139|1630567|1630625,0,REG,,,2022,1629139,-16.0,SF,Helper,0.1,MISS Bertans 3PT Jump Shot,,,,WAS,1610612764.0,
Shot Chart Detail,22100351,165,0,Opponent,1610612761,Toronto Raptors,2,10,33,Made Shot,Driving Bank Hook Shot,,In The Paint (Non-RA),Center(C),Less Than 8 ft.,5,-39,37,1,1,20211205,TOR,WAS,22100351165,|1628449|1629004|1629139|1630567|1630625,0,REG,,,2022,1630567,-14.0,PF,Helper,0.63,Holiday 5' Driving Bank Hook Shot (2 PTS),,,,WAS,1610612764.0,
Shot Chart Detail,22100351,172,0,Opponent,1610612761,Toronto Raptors,2,9,55,Missed Shot,Driving Floating Jump Shot,,Mid-Range,Left Side(L),8-16 ft.,13,-100,89,1,0,20211205,TOR,WAS,22100351172,|1628449|1629004|1629139|1630567|1630625,0,REG,,,2022,1630625,-16.0,PG,Chaser,0.27,MISS Dinwiddie 13' Driving Floating Jump Shot,,,,WAS,1610612764.0,
Shot Chart Detail,22100351,184,0,Opponent,1610612761,Toronto Raptors,2,9,4,Missed Shot,Jump Shot,,Above the Break 3,Right Side Center(RC),24+ ft.,25,153,210,1,0,20211205,TOR,WAS,22100351184,|1628449|1629004|1629139|1630567|1630625,0,REG,,,2022,1629004,-18.0,SF,Chaser,-0.31,MISS Avdija 26' 3PT Jump Shot,,,,WAS,1610612764.0,
Shot Chart Detail,22100351,189,0,Opponent,1610612761,Toronto Raptors,2,8,34,Made Shot,Turnaround Fadeaway shot,,Mid-Range,Left Side(L),8-16 ft.,12,-112,62,1,1,20211205,TOR,WAS,22100351189,|1628449|1629004|1629139|1630567|1630625,0,REG,,,2022,1629139,-18.0,SF,Helper,0.1,Holiday 13' Turnaround Fadeaway (4 PTS),,,,WAS,1610612764.0,
Shot Chart Detail,22100351,200,0,Opponent,1610612761,Toronto Raptors,2,7,35,Missed Shot,Driving Reverse Layup Shot,,Restricted Area,Center(C),Less Than 8 ft.,1,4,19,1,0,20211205,TOR,WAS,22100351200,|1628449|1629004|1629139|1630567|1630625,0,REG,,,2022,1628449|1630567,-22.0,,,,,,,,WAS,1610612764.0,
Shot Chart Detail,22100351,235,0,Opponent,1610612761,Toronto Raptors,2,6,6,Made Shot,Driving Floating Jump Shot,,In The Paint (Non-RA),Center(C),Less Than 8 ft.,6,12,62,1,1,20211205,TOR,WAS,22100351235,|1627783|1627832|1629004|1630173|1630567,1,REG,,,2022,1630567,-20.0,PF,Helper,0.63,Kuzma 6' Driving Floating Jump Shot (2 PTS) (Harrell 2 AST),,,,WAS,1610612764.0,1626149.0
Shot Chart Detail,22100351,238,0,Opponent,1610612761,Toronto Raptors,2,5,39,Made Shot,Dunk Shot,,Restricted Area,Center(C),Less Than 8 ft.,1,4,15,1,1,20211205,TOR,WAS,22100351238,|1627783|1627832|1629004|1630173|1630567,1,REG,,,2022,1630567,-20.0,PF,Helper,0.63,Harrell 2' Dunk (2 PTS) (Kuzma 1 AST),,,,WAS,1610612764.0,1628398.0
Shot Chart Detail,22100351,252,0,Opponent,1610612761,Toronto Raptors,2,4,39,Missed Shot,Step Back Jump shot,,Mid-Range,Center(C),8-16 ft.,14,6,140,1,0,20211205,TOR,WAS,22100351252,|1627783|1627832|1629004|1629018|1630173,0,REG,,,2022,1630173,-25.0,C,Mobile Big,0.24,MISS Beal 14' Step Back Jump Shot,,,,WAS,1610612764.0,
Shot Chart Detail,22100351,259,0,Opponent,1610612761,Toronto Raptors,2,4,14,Made Shot,Jump Shot,,Left Corner 3,Left Side(L),24+ ft.,23,-235,19,1,1,20211205,TOR,WAS,22100351259,|1627783|1627832|1629004|1629018|1630173,1,REG,,,2022,,,,,,,,,,WAS,1610612764.0,203078.0
Shot Chart Detail,22100351,262,0,Opponent,1610612761,Toronto Raptors,2,3,40,Made Shot,Layup Shot,,Restricted Area,Center(C),Less Than 8 ft.,3,33,15,1,1,20211205,TOR,WAS,22100351262,|1627783|1627832|1629004|1629018|1630173,1,REG,,,2022,1627783|1630173,-22.0,,,,,,,,WAS,1610612764.0,1628398.0
Shot Chart Detail,22100351,265,0,Opponent,1610612761,Toronto Raptors,2,3,4,Made Shot,Driving Floating Jump Shot,,In The Paint (Non-RA),Center(C),8-16 ft.,8,-21,84,1,1,20211205,TOR,WAS,22100351265,|1627783|1627832|1629004|1629018|1630173,1,REG,,,2022,1627832,-22.0,PG,Point of Attack,0.9,Kuzma 9' Driving Floating Jump Shot (4 PTS) (Beal 3 AST),,,,WAS,1610612764.0,203078.0
Shot Chart Detail,22100351,269,0,Opponent,1610612761,Toronto Raptors,2,2,39,Made Shot,Jump Shot,,Above the Break 3,Left Side Center(LC),24+ ft.,25,-189,166,1,1,20211205,TOR,WAS,22100351269,|1627783|1627832|1629004|1629018|1630173,1,REG,,,2022,1627783,-19.0,PF,Helper,0.72,Kuzma 25' 3PT Jump Shot (7 PTS) (Beal 4 AST),,,,WAS,1610612764.0,203078.0
Shot Chart Detail,22100351,278,0,Opponent,1610612761,Toronto Raptors,2,1,58,Made Shot,Cutting Layup Shot,,Restricted Area,Center(C),Less Than 8 ft.,0,-7,-1,1,1,20211205,TOR,WAS,22100351278,|1627783|1627832|1629018|1630173|1630567,1,REG,,,2022,1627783,-19.0,PF,Helper,0.72,Beal 1' Cutting Layup Shot (8 PTS) (Neto 1 AST),,,,WAS,1610612764.0,203526.0
Shot Chart Detail,22100351,284,0,Opponent,1610612761,Toronto Raptors,2,1,30,Missed Shot,Turnaround Jump Shot,,Mid-Range,Left Side(L),16-24 ft.,17,-170,9,1,0,20211205,TOR,WAS,22100351284,|1627783|1627832|1629018|1630173|1630567,0,REG,,,2022,1630567,-21.0,PF,Helper,0.63,MISS Kuzma 17' Turnaround Jump Shot,,,,WAS,1610612764.0,
Shot Chart Detail,22100351,297,0,Opponent,1610612761,Toronto Raptors,2,0,35,Made Shot,Jump Shot,,Above the Break 3,Left Side Center(LC),24+ ft.,27,-114,246,1,1,20211205,TOR,WAS,22100351297,|1627783|1627832|1629018|1630173|1630567,1,REG,,,2022,1627783,-21.0,PF,Helper,0.72,Neto 27' 3PT Jump Shot (6 PTS) (Beal 5 AST),,,,WAS,1610612764.0,203078.0
Shot Chart Detail,22100351,317,0,Opponent,1610612761,Toronto Raptors,3,11,31,Made Shot,Cutting Dunk Shot,,Restricted Area,Center(C),Less Than 8 ft.,0,-1,5,1,1,20211205,TOR,WAS,22100351317,|1627783|1627832|1629018|1630173|1630567,1,REG,,,2022,1629018|1630173,-19.0,,,,,,,,WAS,1610612764.0,203078.0
Shot Chart Detail,22100351,321,0,Opponent,1610612761,Toronto Raptors,3,10,52,Missed Shot,Driving Bank Hook Shot,,In The Paint (Non-RA),Center(C),Less Than 8 ft.,4,1,44,1,0,20211205,TOR,WAS,22100351321,|1627783|1627832|1629018|1630173|1630567,0,REG,,,2022,1630173|1630567,-21.0,,,,,,,,WAS,1610612764.0,
Shot Chart Detail,22100351,331,0,Opponent,1610612761,Toronto Raptors,3,10,15,Missed Shot,Fadeaway Jump Shot,,Mid-Range,Left Side(L),8-16 ft.,14,-136,43,1,0,20211205,TOR,WAS,22100351331,|1627783|1627832|1629018|1630173|1630567,0,REG,,,2022,1627832|1627783,-21.0,,,,,,,,WAS,1610612764.0,
Shot Chart Detail,22100351,334,0,Opponent,1610612761,Toronto Raptors,3,9,38,Missed Shot,Jump Shot,,Left Corner 3,Left Side(L),24+ ft.,23,-232,34,1,0,20211205,TOR,WAS,22100351334,|1627783|1627832|1629018|1630173|1630567,0,REG,,,2022,1627832,-23.0,PG,Point of Attack,0.9,MISS Kuzma 3PT Jump Shot,,,,WAS,1610612764.0,
Shot Chart Detail,22100351,340,0,Opponent,1610612761,Toronto Raptors,3,9,12,Made Shot,Driving Finger Roll Layup Shot,,Restricted Area,Center(C),Less Than 8 ft.,0,-9,2,1,1,20211205,TOR,WAS,22100351340,|1627783|1627832|1629018|1630173|1630567,0,REG,,,2022,1627832,-21.0,PG,Point of Attack,0.9,Dinwiddie 1' Driving Finger Roll Layup (6 PTS),,,,WAS,1610612764.0,
Shot Chart Detail,22100351,343,0,Opponent,1610612761,Toronto Raptors,3,8,44,Made Shot,Jump Shot,,Left Corner 3,Left Side(L),24+ ft.,23,-234,27,1,1,20211205,TOR,WAS,22100351343,|1627783|1627832|1629018|1630173|1630567,1,REG,,,2022,1630567,-18.0,PF,Helper,0.63,Caldwell-Pope 24' 3PT Jump Shot (14 PTS) (Kuzma 3 AST),,,,WAS,1610612764.0,1628398.0
Shot Chart Detail,22100351,350,0,Opponent,1610612761,Toronto Raptors,3,7,45,Made Shot,Fadeaway Jump Shot,,Mid-Range,Left Side(L),8-16 ft.,13,-98,86,1,1,20211205,TOR,WAS,22100351350,|1627783|1627832|1629018|1630173|1630567,0,REG,,,2022,1629018|1630173,-19.0,,,,,,,,WAS,1610612764.0,
Shot Chart Detail,22100351,353,0,Opponent,1610612761,Toronto Raptors,3,7,7,Missed Shot,Alley Oop Dunk Shot,,Restricted Area,Center(C),Less Than 8 ft.,0,-1,5,1,0,20211205,TOR,WAS,22100351353,|1627783|1627832|1629018|1630173|1630567,0,REG,,,2022,1630173,-19.0,C,Mobile Big,0.24,MISS Gafford 1' Alley Oop Dunk,,,,WAS,1610612764.0,
Shot Chart Detail,22100351,358,0,Opponent,1610612761,Toronto Raptors,3,6,51,Made Shot,Pullup Jump shot,,Mid-Range,Center(C),16-24 ft.,21,29,215,1,1,20211205,TOR,WAS,22100351358,|1627783|1627832|1629018|1630173|1630567,0,REG,,,2022,1630173,-17.0,C,Mobile Big,0.24,Caldwell-Pope 22' Pullup Jump Shot (18 PTS),,,,WAS,1610612764.0,
Shot Chart Detail,22100351,363,0,Opponent,1610612761,Toronto Raptors,3,6,2,Missed Shot,Driving Floating Jump Shot,,Mid-Range,Left Side(L),8-16 ft.,14,-105,106,1,0,20211205,TOR,WAS,22100351363,|1627783|1627832|1629018|1630173|1630567,0,REG,,,2022,1629018,-20.0,SG,Chaser,0.19,MISS Dinwiddie 15' Driving Floating Jump Shot,,,,WAS,1610612764.0,
Shot Chart Detail,22100351,365,0,Opponent,1610612761,Toronto Raptors,3,5,58,Made Shot,Floating Jump shot,,In The Paint (Non-RA),Center(C),Less Than 8 ft.,4,49,8,1,1,20211205,TOR,WAS,22100351365,|1627783|1627832|1629018|1630173|1630567,1,REG,,,2022,,,,,,,,,,WAS,1610612764.0,203915.0
Shot Chart Detail,22100351,379,0,Opponent,1610612761,Toronto Raptors,3,4,43,Made Shot,Step Back Jump shot,,Above the Break 3,Right Side Center(RC),24+ ft.,23,170,167,1,1,20211205,TOR,WAS,22100351379,|1627783|1627832|1629018|1630173|1630567,1,REG,,,2022,1627832,-14.0,PG,Point of Attack,0.9,Caldwell-Pope 24' 3PT Step Back Jump Shot (21 PTS) (Beal 7 AST),,,,WAS,1610612764.0,203078.0
Shot Chart Detail,22100351,396,0,Opponent,1610612761,Toronto Raptors,3,4,9,Made Shot,Driving Finger Roll Layup Shot,,Restricted Area,Center(C),Less Than 8 ft.,1,12,-6,1,1,20211205,TOR,WAS,22100351396,|1627783|1627832|1628449|1630173|1630625,0,REG,,,2022,1630173,-15.0,C,Mobile Big,0.24,Beal 1' Driving Finger Roll Layup (13 PTS),,,,WAS,1610612764.0,
Shot Chart Detail,22100351,400,0,Opponent,1610612761,Toronto Raptors,3,3,41,Made Shot,Jump Shot,,Right Corner 3,Right Side(R),24+ ft.,22,227,11,1,1,20211205,TOR,WAS,22100351400,|1627783|1627832|1628449|1630173|1630625,1,REG,,,2022,1627832,-12.0,PG,Point of Attack,0.9,Neto 3PT Jump Shot (9 PTS) (Avdija 1 AST),,,,WAS,1610612764.0,1630166.0
Shot Chart Detail,22100351,405,0,Opponent,1610612761,Toronto Raptors,3,3,6,Missed Shot,Jump Shot,,Right Corner 3,Right Side(R),24+ ft.,22,225,4,1,0,20211205,TOR,WAS,22100351405,|1627783|1627832|1628449|1630173|1630625,0,REG,,,2022,1628449,-12.0,SF,Helper,0.4,MISS Neto 3PT Jump Shot,,,,WAS,1610612764.0,
Shot Chart Detail,22100351,409,0,Opponent,1610612761,Toronto Raptors,3,2,38,Made Shot,Alley Oop Layup shot,,Restricted Area,Center(C),Less Than 8 ft.,1,-17,2,1,1,20211205,TOR,WAS,22100351409,|1627783|1627832|1628449|1630173|1630625,1,REG,,,2022,1630173,-12.0,C,Mobile Big,0.24,Harrell 2' Alley Oop Layup (4 PTS) (Kuzma 4 AST),,,,WAS,1610612764.0,1628398.0
Shot Chart Detail,22100351,421,0,Opponent,1610612761,Toronto Raptors,3,1,49,Missed Shot,Driving Finger Roll Layup Shot,,Restricted Area,Center(C),Less Than 8 ft.,0,-6,5,1,0,20211205,TOR,WAS,22100351421,|1627783|1628449|1629139|1630567|1630625,0,REG,,,2022,1627783,-14.0,PF,Helper,0.72,MISS Beal 1' Driving Finger Roll Layup,,,,WAS,1610612764.0,
Shot Chart Detail,22100351,425,0,Opponent,1610612761,Toronto Raptors,3,1,23,Missed Shot,Jump Shot,,Above the Break 3,Left Side Center(LC),24+ ft.,27,-189,197,1,0,20211205,TOR,WAS,22100351425,|1627783|1628449|1629139|1630567|1630625,0,REG,,,2022,1627783,-14.0,PF,Helper,0.72,MISS Bertans 27' 3PT Jump Shot,,,,WAS,1610612764.0,
Shot Chart Detail,22100351,428,0,Opponent,1610612761,Toronto Raptors,3,0,52,Missed Shot,Step Back Jump shot,,Mid-Range,Right Side(R),8-16 ft.,15,113,112,1,0,20211205,TOR,WAS,22100351428,|1627783|1628449|1629139|1630567|1630625,0,REG,,,2022,1630567,-16.0,PF,Helper,0.63,MISS Beal 16' Step Back Jump Shot,,,,WAS,1610612764.0,
Shot Chart Detail,22100351,432,0,Opponent,1610612761,Toronto Raptors,3,0,11,Missed Shot,Fadeaway Jump Shot,,Mid-Range,Center(C),16-24 ft.,16,-38,160,1,0,20211205,TOR,WAS,22100351432,|1627783|1628449|1629139|1630567|1630625,0,REG,,,2022,1630625|1630567,-16.0,,,,,,,,WAS,1610612764.0,
Shot Chart Detail,22100351,444,0,Opponent,1610612761,Toronto Raptors,4,11,35,Missed Shot,Fadeaway Jump Shot,,Above the Break 3,Center(C),24+ ft.,28,-48,285,1,0,20211205,TOR,WAS,22100351444,|1628449|1629004|1629139|1630567|1630625,0,REG,,,2022,1628449|1630567,-16.0,,,,,,,,WAS,1610612764.0,
Shot Chart Detail,22100351,457,0,Opponent,1610612761,Toronto Raptors,4,10,17,Missed Shot,Driving Floating Jump Shot,,In The Paint (Non-RA),Center(C),Less Than 8 ft.,8,0,80,1,0,20211205,TOR,WAS,22100351457,|1628449|1629004|1629139|1630567|1630625,0,REG,,,2022,1628449,-17.0,SF,Helper,0.4,MISS Dinwiddie 8' Driving Floating Jump Shot,,,,WAS,1610612764.0,
Shot Chart Detail,22100351,459,0,Opponent,1610612761,Toronto Raptors,4,10,14,Made Shot,Tip Layup Shot,,Restricted Area,Center(C),Less Than 8 ft.,0,0,0,1,1,20211205,TOR,WAS,22100351459,|1628449|1629004|1629139|1630567|1630625,0,REG,,,2022,1630625,-15.0,PG,Chaser,0.27,Harrell Tip Layup Shot (6 PTS),,,,WAS,1610612764.0,
Shot Chart Detail,22100351,463,0,Opponent,1610612761,Toronto Raptors,3,0,0,Missed Shot,Running Jump Shot,,Backcourt,Back Court(BC),Back Court Shot,70,-105,699,1,0,20211205,TOR,WAS,22100351463,|1627783|1628449|1629139|1630567|1630625,0,REG,,,2022,,,,,,,,,,WAS,1610612764.0,
Shot Chart Detail,22100351,471,0,Opponent,1610612761,Toronto Raptors,4,9,9,Made Shot,Floating Jump shot,,In The Paint (Non-RA),Center(C),Less Than 8 ft.,6,11,62,1,1,20211205,TOR,WAS,22100351471,|1628449|1629004|1629139|1630567|1630625,0,REG,,,2022,1630567|1629139,-17.0,,,,,,,,WAS,1610612764.0,
Shot Chart Detail,22100351,487,0,Opponent,1610612761,Toronto Raptors,4,7,58,Missed Shot,Driving Layup Shot,,Restricted Area,Center(C),Less Than 8 ft.,2,20,4,1,0,20211205,TOR,WAS,22100351487,|1628449|1629004|1629139|1630567|1630625,0,REG,,,2022,1628449|1630625,-17.0,,,,,,,,WAS,1610612764.0,
Shot Chart Detail,22100351,508,0,Opponent,1610612761,Toronto Raptors,4,7,27,Made Shot,Jump Shot,,Left Corner 3,Left Side(L),24+ ft.,23,-237,6,1,1,20211205,TOR,WAS,22100351508,|1627832|1628449|1629018|1629139|1630567,1,REG,,,2022,1630567,-14.0,PF,Helper,0.63,Caldwell-Pope 24' 3PT Jump Shot (24 PTS) (Dinwiddie 2 AST),,,,WAS,1610612764.0,203915.0
Shot Chart Detail,22100351,512,0,Opponent,1610612761,Toronto Raptors,4,6,55,Made Shot,Finger Roll Layup Shot,,Restricted Area,Center(C),Less Than 8 ft.,0,4,0,1,1,20211205,TOR,WAS,22100351512,|1627832|1628449|1629018|1629139|1630567,0,REG,,,2022,1629018,-12.0,SG,Chaser,0.19,Dinwiddie Finger Roll Layup (9 PTS),,,,WAS,1610612764.0,
Shot Chart Detail,22100351,515,0,Opponent,1610612761,Toronto Raptors,4,6,25,Missed Shot,Driving Floating Jump Shot,,In The Paint (Non-RA),Left Side(L),8-16 ft.,9,-49,83,1,0,20211205,TOR,WAS,22100351515,|1627832|1628449|1629018|1629139|1630567,0,REG,,,2022,1628449|1629139,-14.0,,,,,,,,WAS,1610612764.0,
Shot Chart Detail,22100351,532,0,Opponent,1610612761,Toronto Raptors,4,5,47,Missed Shot,Jump Shot,,Above the Break 3,Center(C),24+ ft.,25,11,258,1,0,20211205,TOR,WAS,22100351532,|1627783|1627832|1629018|1629139|1630173,0,REG,,,2022,1630173,-15.0,C,Mobile Big,0.24,MISS Beal 26' 3PT Jump Shot,,,,WAS,1610612764.0,
Shot Chart Detail,22100351,576,0,Opponent,1610612761,Toronto Raptors,4,3,23,Made Shot,Cutting Layup Shot,,Restricted Area,Center(C),Less Than 8 ft.,1,13,7,1,1,20211205,TOR,WAS,22100351576,|1627783|1627832|1629018|1630173|1630567,1,REG,,,2022,1627783,-14.0,PF,Helper,0.72,Gill 1' Cutting Layup Shot (2 PTS) (Kispert 1 AST),,,,WAS,1610612764.0,1630557.0
Shot Chart Detail,22100351,610,0,Opponent,1610612761,Toronto Raptors,4,1,6,Missed Shot,Jump Shot,,Above the Break 3,Center(C),24+ ft.,26,-6,265,1,0,20211205,TOR,WAS,22100351610,|1629004|1629067|1630201|1630525|1630551,0,REG,,,2022,1630201,-13.0,PG,Point of Attack,-0.52,MISS Kispert 27' 3PT Jump Shot,,,,WAS,1610612764.0,
Shot Chart Detail,22100351,627,0,Opponent,1610612761,Toronto Raptors,4,0,19,Missed Shot,Running Pull-Up Jump Shot,,Above the Break 3,Right Side Center(RC),24+ ft.,26,108,237,1,0,20211205,TOR,WAS,22100351627,|1629004|1629067|1630201|1630525|1630551,0,REG,,,2022,1630525,-12.0,SG,Chaser,-0.38,MISS Winston 26' 3PT Running Pull-Up Jump Shot,,,,WAS,1610612764.0,
Shot Chart Detail,22100351,629,0,Opponent,1610612761,Toronto Raptors,4,0,14,Missed Shot,Putback Layup Shot,,Restricted Area,Center(C),Less Than 8 ft.,1,-9,17,1,0,20211205,TOR,WAS,22100351629,|1629004|1629067|1630201|1630525|1630551,0,REG,,,2022,1629067,-12.0,SF,Helper,-0.22,MISS Todd 2' Putback Layup,,,,WAS,1610612764.0,
Shot Chart Detail,22100371,12,0,Opponent,1610612761,Toronto Raptors,1,11,29,Missed Shot,Running Jump Shot,,Above the Break 3,Left Side Center(LC),24+ ft.,24,-180,169,1,0,20211208,TOR,OKC,2210037112,|1627783|1627832|1628449|1629018|1630567,0,REG,,,2022,1627832,0.0,PG,Point of Attack,0.9,MISS Bazley 25' 3PT Running Jump Shot,,,,OKC,1610612760.0,
Shot Chart Detail,22100371,16,0,Opponent,1610612761,Toronto Raptors,1,10,57,Made Shot,Driving Layup Shot,,Restricted Area,Center(C),Less Than 8 ft.,3,2,30,1,1,20211208,TOR,OKC,2210037116,|1627783|1627832|1628449|1629018|1630567,1,REG,,,2022,1628449|1627783,0.0,,,,,,,,OKC,1610612760.0,1630581.0
Shot Chart Detail,22100371,19,0,Opponent,1610612761,Toronto Raptors,1,10,33,Missed Shot,Driving Finger Roll Layup Shot,,Restricted Area,Center(C),Less Than 8 ft.,3,-16,26,1,0,20211208,TOR,OKC,2210037119,|1627783|1627832|1628449|1629018|1630567,0,REG,,,2022,1628449,-2.0,SF,Helper,0.4,MISS Gilgeous-Alexander 3' Driving Finger Roll Layup,,,,OKC,1610612760.0,
Shot Chart Detail,22100371,21,0,Opponent,1610612761,Toronto Raptors,1,10,27,Missed Shot,Jump Shot,,Above the Break 3,Center(C),24+ ft.,26,-33,258,1,0,20211208,TOR,OKC,2210037121,|1627783|1627832|1628449|1629018|1630567,0,REG,,,2022,1629018,-2.0,SG,Chaser,0.19,MISS Giddey 26' 3PT Jump Shot,,,,OKC,1610612760.0,
Shot Chart Detail,22100371,25,0,Opponent,1610612761,Toronto Raptors,1,10,13,Made Shot,Running Dunk Shot,,Restricted Area,Center(C),Less Than 8 ft.,1,6,17,1,1,20211208,TOR,OKC,2210037125,|1627783|1627832|1628449|1629018|1630567,0,REG,,,2022,1628449,0.0,SF,Helper,0.4,Bazley 2' Running Dunk (4 PTS),,,,OKC,1610612760.0,
Shot Chart Detail,22100371,27,0,Opponent,1610612761,Toronto Raptors,1,9,37,Missed Shot,Driving Layup Shot,,Restricted Area,Center(C),Less Than 8 ft.,3,29,11,1,0,20211208,TOR,OKC,2210037127,|1627783|1627832|1628449|1629018|1630567,0,REG,,,2022,1630567,0.0,PF,Helper,0.63,Boucher BLOCK (1 BLK),,,,OKC,1610612760.0,
Shot Chart Detail,22100371,32,0,Opponent,1610612761,Toronto Raptors,1,9,17,Made Shot,Cutting Dunk Shot,,Restricted Area,Center(C),Less Than 8 ft.,0,-2,-1,1,1,20211208,TOR,OKC,2210037132,|1627783|1627832|1628449|1629018|1630567,1,REG,,,2022,1627783,0.0,PF,Helper,0.72,Bazley Cutting Dunk Shot (6 PTS) (Gilgeous-Alexander 1 AST),,,,OKC,1610612760.0,1628983.0
Shot Chart Detail,22100371,36,0,Opponent,1610612761,Toronto Raptors,1,8,44,Made Shot,Pullup Jump shot,,Above the Break 3,Center(C),24+ ft.,27,-81,260,1,1,20211208,TOR,OKC,2210037136,|1627783|1627832|1628449|1629018|1630567,1,REG,,,2022,1627783,1.0,PF,Helper,0.72,Dort 27' 3PT Pullup Jump Shot (3 PTS) (Robinson-Earl 1 AST),,,,OKC,1610612760.0,1630526.0
Shot Chart Detail,22100371,40,0,Opponent,1610612761,Toronto Raptors,1,8,19,Made Shot,Jump Shot,,Left Corner 3,Left Side(L),24+ ft.,23,-232,31,1,1,20211208,TOR,OKC,2210037140,|1627783|1627832|1628449|1629018|1630567,1,REG,,,2022,1627832,4.0,PG,Point of Attack,0.9,Giddey 3PT Jump Shot (3 PTS) (Dort 1 AST),,,,OKC,1610612760.0,1629652.0
Shot Chart Detail,22100371,44,0,Opponent,1610612761,Toronto Raptors,1,8,3,Missed Shot,Running Reverse Layup Shot,,Restricted Area,Center(C),Less Than 8 ft.,1,16,6,1,0,20211208,TOR,OKC,2210037144,|1627783|1627832|1628449|1629018|1630567,0,REG,,,2022,1627783,4.0,PF,Helper,0.72,MISS Giddey 2' Running Reverse Layup,,,,OKC,1610612760.0,
Shot Chart Detail,22100371,56,0,Opponent,1610612761,Toronto Raptors,1,7,28,Made Shot,Driving Layup Shot,,In The Paint (Non-RA),Center(C),Less Than 8 ft.,4,32,38,1,1,20211208,TOR,OKC,2210037156,|1627783|1627832|1628449|1629018|1630567,0,REG,,,2022,1628449,1.0,SF,Helper,0.4,Gilgeous-Alexander 5' Driving Layup (2 PTS),,,,OKC,1610612760.0,
Shot Chart Detail,22100371,59,0,Opponent,1610612761,Toronto Raptors,1,7,5,Missed Shot,Running Jump Shot,,Right Corner 3,Right Side(R),24+ ft.,24,237,67,1,0,20211208,TOR,OKC,2210037159,|1627783|1627832|1628449|1629018|1630567,0,REG,,,2022,1630567,1.0,PF,Helper,0.63,MISS Dort 25' 3PT Running Jump Shot,,,,OKC,1610612760.0,
Shot Chart Detail,22100371,74,0,Opponent,1610612761,Toronto Raptors,1,6,14,Made Shot,Reverse Layup Shot,,Restricted Area,Center(C),Less Than 8 ft.,1,-10,9,1,1,20211208,TOR,OKC,2210037174,|1627783|1627832|1628449|1629018|1630567,1,REG,,,2022,1628449|1630567,2.0,,,,,,,,OKC,1610612760.0,1628983.0
Shot Chart Detail,22100371,79,0,Opponent,1610612761,Toronto Raptors,1,5,34,Missed Shot,Pullup Jump shot,,Above the Break 3,Right Side Center(RC),24+ ft.,27,151,227,1,0,20211208,TOR,OKC,2210037179,|1627783|1627832|1628449|1629018|1630567,0,REG,,,2022,1628449,0.0,SF,Helper,0.4,MISS Gilgeous-Alexander 27' 3PT Pullup Jump Shot,,,,OKC,1610612760.0,
Shot Chart Detail,22100371,82,0,Opponent,1610612761,Toronto Raptors,1,5,12,Missed Shot,Jump Shot,,Above the Break 3,Right Side Center(RC),24+ ft.,25,206,148,1,0,20211208,TOR,OKC,2210037182,|1627783|1627832|1628449|1629018|1630567,0,REG,,,2022,1627832,-2.0,PG,Point of Attack,0.9,MISS Giddey 25' 3PT Jump Shot,,,,OKC,1610612760.0,
Shot Chart Detail,22100371,94,0,Opponent,1610612761,Toronto Raptors,1,4,39,Missed Shot,Jump Shot,,Left Corner 3,Left Side(L),24+ ft.,23,-235,9,1,0,20211208,TOR,OKC,2210037194,|1627783|1627832|1629018|1629067|1629139,0,REG,,,2022,1629139,-4.0,SF,Helper,0.1,MISS Watson 24' 3PT Jump Shot,,,,OKC,1610612760.0,
Shot Chart Detail,22100371,97,0,Opponent,1610612761,Toronto Raptors,1,4,12,Made Shot,Driving Floating Jump Shot,,In The Paint (Non-RA),Center(C),8-16 ft.,9,-38,88,1,1,20211208,TOR,OKC,2210037197,|1627783|1627832|1629018|1629067|1629139,0,REG,,,2022,1629018,-4.0,SG,Chaser,0.19,Gilgeous-Alexander 10' Driving Floating Jump Shot (4 PTS),,,,OKC,1610612760.0,
Shot Chart Detail,22100371,106,0,Opponent,1610612761,Toronto Raptors,1,3,37,Missed Shot,Driving Finger Roll Layup Shot,,In The Paint (Non-RA),Center(C),Less Than 8 ft.,6,51,32,1,0,20211208,TOR,OKC,22100371106,|1627783|1627832|1629018|1629067|1629139,0,REG,,,2022,1627783,-6.0,PF,Helper,0.72,MISS Gilgeous-Alexander 6' Driving Finger Roll Layup,,,,OKC,1610612760.0,
Shot Chart Detail,22100371,110,0,Opponent,1610612761,Toronto Raptors,1,3,8,Missed Shot,Driving Dunk Shot,,Restricted Area,Center(C),Less Than 8 ft.,2,9,24,1,0,20211208,TOR,OKC,22100371110,|1627783|1627832|1629018|1629067|1629139,0,REG,,,2022,1629067|1629139,-6.0,,,,,,,,OKC,1610612760.0,
Shot Chart Detail,22100371,112,0,Opponent,1610612761,Toronto Raptors,1,3,4,Missed Shot,Putback Layup Shot,,Restricted Area,Center(C),Less Than 8 ft.,2,28,8,1,0,20211208,TOR,OKC,22100371112,|1627783|1627832|1629018|1629067|1629139,0,REG,,,2022,1629139,-6.0,SF,Helper,0.1,MISS Dort 3' Putback Layup,,,,OKC,1610612760.0,
Shot Chart Detail,22100371,114,0,Opponent,1610612761,Toronto Raptors,1,3,2,Made Shot,Tip Layup Shot,,Restricted Area,Center(C),Less Than 8 ft.,0,0,0,1,1,20211208,TOR,OKC,22100371114,|1627783|1627832|1629018|1629067|1629139,0,REG,,,2022,1629067,-4.0,SF,Helper,-0.22,Favors Tip Layup Shot (2 PTS),,,,OKC,1610612760.0,
Shot Chart Detail,22100371,117,0,Opponent,1610612761,Toronto Raptors,1,2,35,Missed Shot,Pullup Jump shot,,Above the Break 3,Right Side Center(RC),24+ ft.,25,126,222,1,0,20211208,TOR,OKC,22100371117,|1627783|1627832|1629018|1629067|1629139,0,REG,,,2022,1629067,-4.0,SF,Helper,-0.22,MISS Gilgeous-Alexander 26' 3PT Pullup Jump Shot,,,,OKC,1610612760.0,
Shot Chart Detail,22100371,127,0,Opponent,1610612761,Toronto Raptors,1,2,11,Made Shot,Floating Jump shot,,In The Paint (Non-RA),Center(C),8-16 ft.,8,6,88,1,1,20211208,TOR,OKC,22100371127,|1627832|1629004|1629067|1629139|1630567,0,REG,,,2022,1630567,-5.0,PF,Helper,0.63,Dort 9' Floating Jump Shot (6 PTS),,,,OKC,1610612760.0,
Shot Chart Detail,22100371,132,0,Opponent,1610612761,Toronto Raptors,1,1,29,Made Shot,Jump Shot,,Above the Break 3,Center(C),24+ ft.,26,27,264,1,1,20211208,TOR,OKC,22100371132,|1627832|1629004|1629067|1629139|1630567,1,REG,,,2022,1629004,-5.0,SF,Chaser,-0.31,Dort 27' 3PT Jump Shot (9 PTS) (Favors 1 AST),,,,OKC,1610612760.0,202324.0
Shot Chart Detail,22100371,136,0,Opponent,1610612761,Toronto Raptors,1,0,54,Missed Shot,Cutting Finger Roll Layup Shot,,Restricted Area,Center(C),Less Than 8 ft.,1,-17,8,1,0,20211208,TOR,OKC,22100371136,|1627832|1629004|1629067|1629139|1630567,0,REG,,,2022,1629067,-5.0,SF,Helper,-0.22,MISS Favors 2' Cutting Finger Roll Layup Shot,,,,OKC,1610612760.0,
Shot Chart Detail,22100371,140,0,Opponent,1610612761,Toronto Raptors,1,0,18,Missed Shot,Fadeaway Jump Shot,,In The Paint (Non-RA),Center(C),8-16 ft.,10,-37,100,1,0,20211208,TOR,OKC,22100371140,|1627832|1629004|1629067|1629139|1630567,0,REG,,,2022,1627832|1630567,-7.0,,,,,,,,OKC,1610612760.0,
Shot Chart Detail,22100371,143,0,Opponent,1610612761,Toronto Raptors,1,0,0,Missed Shot,Driving Floating Bank Jump Shot,,Above the Break 3,Right Side Center(RC),24+ ft.,39,132,377,1,0,20211208,TOR,OKC,22100371143,|1627832|1629004|1629067|1629139|1630567,0,REG,,,2022,1630567,-10.0,PF,Helper,0.63,MISS Gilgeous-Alexander 40' 3PT Driving Floating Bank Jump Shot,,,,OKC,1610612760.0,
Shot Chart Detail,22100371,160,0,Opponent,1610612761,Toronto Raptors,2,11,24,Made Shot,Jump Shot,,Left Corner 3,Left Side(L),24+ ft.,22,-228,14,1,1,20211208,TOR,OKC,22100371160,|1629004|1629067|1629139|1630567|1630625,1,REG,,,2022,1630567,-8.0,PF,Helper,0.63,Williams 3PT Jump Shot (3 PTS) (Giddey 2 AST),,,,OKC,1610612760.0,1630581.0
Shot Chart Detail,22100371,168,0,Opponent,1610612761,Toronto Raptors,2,10,45,Missed Shot,Jump Shot,,Mid-Range,Center(C),8-16 ft.,15,21,156,1,0,20211208,TOR,OKC,22100371168,|1629018|1629067|1629139|1630567|1630625,0,REG,,,2022,1629067,-8.0,SF,Helper,-0.22,MISS Favors 16' Jump Shot,,,,OKC,1610612760.0,
Shot Chart Detail,22100371,172,0,Opponent,1610612761,Toronto Raptors,2,10,19,Made Shot,Driving Layup Shot,,Restricted Area,Center(C),Less Than 8 ft.,1,-4,14,1,1,20211208,TOR,OKC,22100371172,|1629018|1629067|1629139|1630567|1630625,1,REG,,,2022,1629067|1630567,-9.0,,,,,,,,OKC,1610612760.0,1629026.0
Shot Chart Detail,22100371,178,0,Opponent,1610612761,Toronto Raptors,2,9,49,Missed Shot,Jump Shot,,Mid-Range,Right Side Center(RC),16-24 ft.,23,92,215,1,0,20211208,TOR,OKC,22100371178,|1629018|1629067|1629139|1630567|1630625,0,REG,,,2022,1629067,-9.0,SF,Helper,-0.22,MISS Mann 23' Jump Shot,,,,OKC,1610612760.0,
Shot Chart Detail,22100371,180,0,Opponent,1610612761,Toronto Raptors,2,9,45,Made Shot,Putback Layup Shot,,Restricted Area,Center(C),Less Than 8 ft.,1,9,10,1,1,20211208,TOR,OKC,22100371180,|1629018|1629067|1629139|1630567|1630625,0,REG,,,2022,1630567,-7.0,PF,Helper,0.63,Favors 1' Putback Layup (4 PTS),,,,OKC,1610612760.0,
Shot Chart Detail,22100371,201,0,Opponent,1610612761,Toronto Raptors,2,8,0,Missed Shot,Step Back Jump shot,,Mid-Range,Right Side(R),16-24 ft.,19,199,6,1,0,20211208,TOR,OKC,22100371201,|1627783|1628449|1629018|1630567|1630625,0,REG,,,2022,1628449,-7.0,SF,Helper,0.4,MISS Pokusevski 20' Step Back Jump Shot,,,,OKC,1610612760.0,
Shot Chart Detail,22100371,217,0,Opponent,1610612761,Toronto Raptors,2,7,1,Missed Shot,Driving Hook Shot,,Restricted Area,Center(C),Less Than 8 ft.,3,29,10,1,0,20211208,TOR,OKC,22100371217,|1627783|1628449|1629018|1630567|1630625,0,REG,,,2022,1628449|1630567,-9.0,,,,,,,,OKC,1610612760.0,
Shot Chart Detail,22100371,225,0,Opponent,1610612761,Toronto Raptors,2,6,39,Made Shot,Jump Shot,,Above the Break 3,Right Side Center(RC),24+ ft.,25,217,137,1,1,20211208,TOR,OKC,22100371225,|1627783|1627832|1628449|1629018|1630567,1,REG,,,2022,1630567,-6.0,PF,Helper,0.63,Pokusevski 26' 3PT Jump Shot (3 PTS) (Giddey 3 AST),,,,OKC,1610612760.0,1630581.0
Shot Chart Detail,22100371,229,0,Opponent,1610612761,Toronto Raptors,2,5,57,Missed Shot,Jump Shot,,Above the Break 3,Right Side Center(RC),24+ ft.,26,203,171,1,0,20211208,TOR,OKC,22100371229,|1627783|1627832|1628449|1629018|1630567,0,REG,,,2022,,,,,,,,,,OKC,1610612760.0,
Shot Chart Detail,22100371,242,0,Opponent,1610612761,Toronto Raptors,2,5,14,Made Shot,Step Back Jump shot,,Above the Break 3,Left Side Center(LC),24+ ft.,25,-134,219,1,1,20211208,TOR,OKC,22100371242,|1627783|1627832|1628449|1629018|1630567,0,REG,,,2022,1627832,-7.0,PG,Point of Attack,0.9,Dort 26' 3PT Step Back Jump Shot (12 PTS),,,,OKC,1610612760.0,
Shot Chart Detail,22100371,245,0,Opponent,1610612761,Toronto Raptors,2,4,57,Made Shot,Running Layup Shot,,Restricted Area,Center(C),Less Than 8 ft.,1,-11,10,1,1,20211208,TOR,OKC,22100371245,|1627783|1627832|1628449|1629018|1630567,1,REG,,,2022,1627783,-5.0,PF,Helper,0.72,Dort 1' Running Layup (14 PTS) (Gilgeous-Alexander 3 AST),,,,OKC,1610612760.0,1628983.0
Shot Chart Detail,22100371,249,0,Opponent,1610612761,Toronto Raptors,2,4,38,Made Shot,Running Finger Roll Layup Shot,,Restricted Area,Center(C),Less Than 8 ft.,3,6,36,1,1,20211208,TOR,OKC,22100371249,|1627783|1627832|1628449|1629018|1630567,1,REG,,,2022,1627832|1630567,-3.0,,,,,,,,OKC,1610612760.0,1629026.0
Shot Chart Detail,22100371,259,0,Opponent,1610612761,Toronto Raptors,2,3,38,Made Shot,Jump Shot,,Right Corner 3,Right Side(R),24+ ft.,24,239,67,1,1,20211208,TOR,OKC,22100371259,|1627783|1627832|1628449|1629018|1629139,1,REG,,,2022,1629139,-3.0,SF,Helper,0.1,Williams 25' 3PT Jump Shot (6 PTS) (Gilgeous-Alexander 4 AST),,,,OKC,1610612760.0,1628983.0
Shot Chart Detail,22100371,262,0,Opponent,1610612761,Toronto Raptors,2,3,1,Missed Shot,Jump Shot,,Above the Break 3,Right Side Center(RC),24+ ft.,29,142,258,1,0,20211208,TOR,OKC,22100371262,|1627783|1627832|1628449|1629018|1629139,0,REG,,,2022,1628449,-5.0,SF,Helper,0.4,Boucher BLOCK (2 BLK),,,,OKC,1610612760.0,
Shot Chart Detail,22100371,267,0,Opponent,1610612761,Toronto Raptors,2,2,40,Missed Shot,Jump Shot,,Above the Break 3,Left Side Center(LC),24+ ft.,26,-140,230,1,0,20211208,TOR,OKC,22100371267,|1627783|1627832|1628449|1629018|1629139,0,REG,,,2022,1628449,-8.0,SF,Helper,0.4,MISS Muscala 27' 3PT Jump Shot,,,,OKC,1610612760.0,
Shot Chart Detail,22100371,281,0,Opponent,1610612761,Toronto Raptors,2,1,37,Missed Shot,Jump Shot,,Right Corner 3,Right Side(R),24+ ft.,23,238,14,1,0,20211208,TOR,OKC,22100371281,|1627783|1627832|1628449|1629018|1629139,0,REG,,,2022,1627783,-11.0,PF,Helper,0.72,MISS Robinson-Earl 24' 3PT Jump Shot,,,,OKC,1610612760.0,
Shot Chart Detail,22100371,292,0,Opponent,1610612761,Toronto Raptors,2,0,48,Made Shot,Jump Shot,,Above the Break 3,Center(C),24+ ft.,26,-27,262,1,1,20211208,TOR,OKC,22100371292,|1627783|1627832|1628449|1629018|1629139,1,REG,,,2022,1628449,-10.0,SF,Helper,0.4,Muscala 26' 3PT Jump Shot (3 PTS) (Gilgeous-Alexander 5 AST),,,,OKC,1610612760.0,1628983.0
Shot Chart Detail,22100371,295,0,Opponent,1610612761,Toronto Raptors,2,0,17,Made Shot,Driving Finger Roll Layup Shot,,Restricted Area,Center(C),Less Than 8 ft.,1,-1,15,1,1,20211208,TOR,OKC,22100371295,|1627783|1627832|1628449|1629018|1629139,0,REG,,,2022,1628449,-10.0,SF,Helper,0.4,Gilgeous-Alexander 2' Driving Finger Roll Layup (8 PTS),,,,OKC,1610612760.0,
Shot Chart Detail,22100371,305,0,Opponent,1610612761,Toronto Raptors,3,11,50,Made Shot,Pullup Jump shot,,Mid-Range,Right Side(R),8-16 ft.,13,132,10,1,1,20211208,TOR,OKC,22100371305,|1627783|1627832|1628449|1629018|1630567,1,REG,,,2022,1627783,-8.0,PF,Helper,0.72,Gilgeous-Alexander 13' Pullup Jump Shot (10 PTS) (Giddey 4 AST),,,,OKC,1610612760.0,1630581.0
Shot Chart Detail,22100371,318,0,Opponent,1610612761,Toronto Raptors,3,10,28,Missed Shot,Jump Shot,,Above the Break 3,Left Side Center(LC),24+ ft.,25,-173,186,1,0,20211208,TOR,OKC,22100371318,|1627783|1627832|1628449|1629018|1630567,0,REG,,,2022,,,,,,,,,,OKC,1610612760.0,
Shot Chart Detail,22100371,324,0,Opponent,1610612761,Toronto Raptors,3,10,6,Made Shot,Running Dunk Shot,,Restricted Area,Center(C),Less Than 8 ft.,0,0,4,1,1,20211208,TOR,OKC,22100371324,|1627783|1627832|1628449|1629018|1630567,1,REG,,,2022,1630567,-6.0,PF,Helper,0.63,Bazley Running Dunk (10 PTS) (Gilgeous-Alexander 6 AST),,,,OKC,1610612760.0,1628983.0
Shot Chart Detail,22100371,338,0,Opponent,1610612761,Toronto Raptors,3,9,9,Missed Shot,Driving Finger Roll Layup Shot,,Restricted Area,Center(C),Less Than 8 ft.,2,-9,23,1,0,20211208,TOR,OKC,22100371338,|1627783|1627832|1628449|1629018|1630567,0,REG,,,2022,1628449|1629018|1630567,-4.0,,,,,,,,OKC,1610612760.0,
Shot Chart Detail,22100371,345,0,Opponent,1610612761,Toronto Raptors,3,8,45,Missed Shot,Driving Floating Jump Shot,,In The Paint (Non-RA),Center(C),8-16 ft.,12,0,125,1,0,20211208,TOR,OKC,22100371345,|1627783|1627832|1628449|1629018|1630567,0,REG,,,2022,1627783|1630567,-7.0,,,,,,,,OKC,1610612760.0,
Shot Chart Detail,22100371,357,0,Opponent,1610612761,Toronto Raptors,3,7,24,Made Shot,Jump Shot,,Right Corner 3,Right Side(R),24+ ft.,23,230,1,1,1,20211208,TOR,OKC,22100371357,|1627783|1627832|1628449|1629018|1630567,1,REG,,,2022,1628449,-8.0,SF,Helper,0.4,Giddey 3PT Jump Shot (8 PTS) (Dort 2 AST),,,,OKC,1610612760.0,1629652.0
Shot Chart Detail,22100371,361,0,Opponent,1610612761,Toronto Raptors,3,6,52,Made Shot,Jump Shot,,Right Corner 3,Right Side(R),24+ ft.,23,229,62,1,1,20211208,TOR,OKC,22100371361,|1627783|1627832|1628449|1629018|1630567,1,REG,,,2022,1629018,-5.0,SG,Chaser,0.19,Bazley 24' 3PT Jump Shot (13 PTS) (Giddey 5 AST),,,,OKC,1610612760.0,1630581.0
Shot Chart Detail,22100371,365,0,Opponent,1610612761,Toronto Raptors,3,6,19,Made Shot,Running Dunk Shot,,Restricted Area,Center(C),Less Than 8 ft.,0,1,2,1,1,20211208,TOR,OKC,22100371365,|1627783|1627832|1628449|1629018|1630567,1,REG,,,2022,1630567,-3.0,PF,Helper,0.63,Bazley Running Dunk (15 PTS) (Gilgeous-Alexander 7 AST),,,,OKC,1610612760.0,1628983.0
Shot Chart Detail,22100371,389,0,Opponent,1610612761,Toronto Raptors,3,4,45,Made Shot,Step Back Jump shot,,Above the Break 3,Right Side Center(RC),24+ ft.,24,164,186,1,1,20211208,TOR,OKC,22100371389,|1627783|1627832|1629018|1629067|1629139,0,REG,,,2022,1629018,0.0,SG,Chaser,0.19,Gilgeous-Alexander 25' 3PT Step Back Jump Shot (15 PTS),,,,OKC,1610612760.0,
Shot Chart Detail,22100371,414,0,Opponent,1610612761,Toronto Raptors,3,3,26,Missed Shot,Fadeaway Jump Shot,,Mid-Range,Right Side Center(RC),16-24 ft.,17,103,137,1,0,20211208,TOR,OKC,22100371414,|1627832|1629018|1629067|1629139|1630567,0,REG,,,2022,1630567,-1.0,PF,Helper,0.63,MISS Gilgeous-Alexander 17' Fadeaway Jumper,,,,OKC,1610612760.0,
Shot Chart Detail,22100371,418,0,Opponent,1610612761,Toronto Raptors,3,3,7,Missed Shot,Driving Finger Roll Layup Shot,,In The Paint (Non-RA),Center(C),Less Than 8 ft.,4,-38,29,1,0,20211208,TOR,OKC,22100371418,|1627832|1629018|1629067|1629139|1630567,0,REG,,,2022,1629139,-1.0,SF,Helper,0.1,MISS Gilgeous-Alexander 5' Driving Finger Roll Layup,,,,OKC,1610612760.0,
Shot Chart Detail,22100371,422,0,Opponent,1610612761,Toronto Raptors,3,2,48,Made Shot,Driving Floating Jump Shot,,In The Paint (Non-RA),Center(C),Less Than 8 ft.,5,28,43,1,1,20211208,TOR,OKC,22100371422,|1627832|1629018|1629067|1629139|1630567,0,REG,,,2022,1629067|1630567,1.0,,,,,,,,OKC,1610612760.0,
Shot Chart Detail,22100371,435,0,Opponent,1610612761,Toronto Raptors,3,1,43,Made Shot,Jump Shot,,Above the Break 3,Left Side Center(LC),24+ ft.,26,-102,244,1,1,20211208,TOR,OKC,22100371435,|1627832|1629067|1629139|1630567|1630625,1,REG,,,2022,1630625,6.0,PG,Chaser,0.27,Gilgeous-Alexander 26' 3PT Jump Shot (22 PTS) (Mann 1 AST),,,,OKC,1610612760.0,1630544.0
Shot Chart Detail,22100371,442,0,Opponent,1610612761,Toronto Raptors,3,1,19,Made Shot,Jump Shot,,Above the Break 3,Center(C),24+ ft.,25,45,251,1,1,20211208,TOR,OKC,22100371442,|1627832|1629067|1629139|1630567|1630625,1,REG,,,2022,1630625,9.0,PG,Chaser,0.27,Mann 26' 3PT Jump Shot (3 PTS) (Williams 3 AST),,,,OKC,1610612760.0,1629026.0
Shot Chart Detail,22100371,446,0,Opponent,1610612761,Toronto Raptors,3,0,51,Missed Shot,Step Back Jump shot,,Above the Break 3,Center(C),24+ ft.,25,74,244,1,0,20211208,TOR,OKC,22100371446,|1627832|1629067|1629139|1630567|1630625,0,REG,,,2022,1629067,9.0,SF,Helper,-0.22,MISS Gilgeous-Alexander 25' 3PT Step Back Jump Shot,,,,OKC,1610612760.0,
Shot Chart Detail,22100371,448,0,Opponent,1610612761,Toronto Raptors,3,0,47,Missed Shot,Jump Shot,,Above the Break 3,Left Side Center(LC),24+ ft.,25,-192,165,1,0,20211208,TOR,OKC,22100371448,|1627832|1629067|1629139|1630567|1630625,0,REG,,,2022,1630567,9.0,PF,Helper,0.63,MISS Dort 25' 3PT Jump Shot,,,,OKC,1610612760.0,
Shot Chart Detail,22100371,456,0,Opponent,1610612761,Toronto Raptors,3,0,12,Missed Shot,Driving Layup Shot,,In The Paint (Non-RA),Center(C),Less Than 8 ft.,5,-5,50,1,0,20211208,TOR,OKC,22100371456,|1627832|1629067|1629139|1630567|1630625,0,REG,,,2022,1630567,11.0,PF,Helper,0.63,Bonga BLOCK (1 BLK),,,,OKC,1610612760.0,
Shot Chart Detail,22100371,461,0,Opponent,1610612761,Toronto Raptors,3,0,3,Missed Shot,Step Back Jump shot,,Above the Break 3,Center(C),24+ ft.,26,-10,265,1,0,20211208,TOR,OKC,22100371461,|1627832|1629067|1629139|1630567|1630625,0,REG,,,2022,1629067,11.0,SF,Helper,-0.22,MISS Williams 27' 3PT Step Back Jump Shot,,,,OKC,1610612760.0,
Shot Chart Detail,22100371,463,0,Opponent,1610612761,Toronto Raptors,3,0,0,Missed Shot,Jump Shot,,Above the Break 3,Left Side Center(LC),24+ ft.,25,-233,111,1,0,20211208,TOR,OKC,22100371463,|1627832|1629067|1629139|1630567|1630625,0,REG,,,2022,1629139,11.0,SF,Helper,0.1,MISS Dort 26' 3PT Jump Shot,,,,OKC,1610612760.0,
Shot Chart Detail,22100371,479,0,Opponent,1610612761,Toronto Raptors,4,11,23,Missed Shot,Jump Shot,,Above the Break 3,Right Side Center(RC),24+ ft.,28,99,264,1,0,20211208,TOR,OKC,22100371479,|1627783|1629004|1630551|1630567|1630625,0,REG,,,2022,1627783,11.0,PF,Helper,0.72,MISS Mann 28' 3PT Jump Shot,,,,OKC,1610612760.0,
Shot Chart Detail,22100371,484,0,Opponent,1610612761,Toronto Raptors,4,10,48,Missed Shot,Jump Shot,,Above the Break 3,Left Side Center(LC),24+ ft.,29,-183,236,1,0,20211208,TOR,OKC,22100371484,|1627783|1629004|1630551|1630567|1630625,0,REG,,,2022,1629004,11.0,SF,Chaser,-0.31,MISS Mann 30' 3PT Jump Shot,,,,OKC,1610612760.0,
Shot Chart Detail,22100371,490,0,Opponent,1610612761,Toronto Raptors,4,10,21,Made Shot,Jump Shot,,Mid-Range,Center(C),16-24 ft.,17,-5,178,1,1,20211208,TOR,OKC,22100371490,|1627783|1629004|1630551|1630567|1630625,1,REG,,,2022,,,,,,,,,,OKC,1610612760.0,1630581.0
Shot Chart Detail,22100371,493,0,Opponent,1610612761,Toronto Raptors,4,9,37,Missed Shot,Pullup Jump shot,,Mid-Range,Left Side(L),8-16 ft.,13,-131,13,1,0,20211208,TOR,OKC,22100371493,|1627783|1629004|1630551|1630567|1630625,0,REG,,,2022,1630551,11.0,SF,Helper,-0.61,MISS Pokusevski 13' Pullup Jump Shot,,,,OKC,1610612760.0,
Shot Chart Detail,22100371,505,0,Opponent,1610612761,Toronto Raptors,4,8,44,Made Shot,Running Reverse Layup Shot,,Restricted Area,Center(C),Less Than 8 ft.,1,12,-1,1,1,20211208,TOR,OKC,22100371505,|1627783|1629004|1630551|1630567|1630625,1,REG,,,2022,1630567,13.0,PF,Helper,0.63,Favors 1' Running Reverse Layup (8 PTS) (Williams 4 AST),,,,OKC,1610612760.0,1629026.0
Shot Chart Detail,22100371,516,0,Opponent,1610612761,Toronto Raptors,4,8,4,Missed Shot,Driving Finger Roll Layup Shot,,In The Paint (Non-RA),Center(C),Less Than 8 ft.,4,-28,39,1,0,20211208,TOR,OKC,22100371516,|1627783|1627832|1629018|1630551|1630567,0,REG,,,2022,1630567,13.0,PF,Helper,0.63,MISS Giddey 5' Driving Finger Roll Layup,,,,OKC,1610612760.0,
Shot Chart Detail,22100371,526,0,Opponent,1610612761,Toronto Raptors,4,7,36,Missed Shot,Driving Finger Roll Layup Shot,,In The Paint (Non-RA),Center(C),Less Than 8 ft.,6,6,67,1,0,20211208,TOR,OKC,22100371526,|1627783|1627832|1629018|1630551|1630567,0,REG,,,2022,1627783,13.0,PF,Helper,0.72,MISS Mann 7' Driving Finger Roll Layup,,,,OKC,1610612760.0,
Shot Chart Detail,22100371,531,0,Opponent,1610612761,Toronto Raptors,4,7,7,Made Shot,Driving Layup Shot,,Restricted Area,Center(C),Less Than 8 ft.,1,-16,6,1,1,20211208,TOR,OKC,22100371531,|1627783|1627832|1629018|1630551|1630567,1,REG,,,2022,1630567,13.0,PF,Helper,0.63,Giddey 2' Driving Layup (10 PTS) (Muscala 1 AST),,,,OKC,1610612760.0,203488.0
Shot Chart Detail,22100371,543,0,Opponent,1610612761,Toronto Raptors,4,6,33,Made Shot,Jump Shot,,Left Corner 3,Left Side(L),24+ ft.,23,-228,49,1,1,20211208,TOR,OKC,22100371543,|1627783|1627832|1629018|1630551|1630567,1,REG,,,2022,1630567,13.0,PF,Helper,0.63,Williams 3PT Jump Shot (9 PTS) (Gilgeous-Alexander 8 AST),,,,OKC,1610612760.0,1628983.0
Shot Chart Detail,22100371,558,0,Opponent,1610612761,Toronto Raptors,4,5,36,Missed Shot,Driving Layup Shot,,Restricted Area,Center(C),Less Than 8 ft.,3,-15,27,1,0,20211208,TOR,OKC,22100371558,|1627783|1627832|1629018|1630551|1630567,0,REG,,,2022,1630551,11.0,SF,Helper,-0.61,Barnes BLOCK (2 BLK),,,,OKC,1610612760.0,
Shot Chart Detail,22100371,563,0,Opponent,1610612761,Toronto Raptors,4,5,4,Missed Shot,Pullup Jump shot,,Above the Break 3,Center(C),24+ ft.,31,32,311,1,0,20211208,TOR,OKC,22100371563,|1627783|1627832|1629018|1630551|1630567,0,REG,,,2022,1627832,9.0,PG,Point of Attack,0.9,MISS Dort 31' 3PT Pullup Jump Shot,,,,OKC,1610612760.0,
Shot Chart Detail,22100371,570,0,Opponent,1610612761,Toronto Raptors,4,4,40,Made Shot,Jump Shot,,Right Corner 3,Right Side(R),24+ ft.,22,222,11,1,1,20211208,TOR,OKC,22100371570,|1627783|1627832|1629018|1630551|1630567,1,REG,,,2022,1627832,12.0,PG,Point of Attack,0.9,Dort 3PT Jump Shot (20 PTS) (Giddey 7 AST),,,,OKC,1610612760.0,1630581.0
Shot Chart Detail,22100371,574,0,Opponent,1610612761,Toronto Raptors,4,4,2,Missed Shot,Jump Shot,,Above the Break 3,Right Side Center(RC),24+ ft.,24,163,186,1,0,20211208,TOR,OKC,22100371574,|1627783|1627832|1629018|1630551|1630567,0,REG,,,2022,1629018,9.0,SG,Chaser,0.19,MISS Muscala 25' 3PT Jump Shot,,,,OKC,1610612760.0,
Shot Chart Detail,22100371,578,0,Opponent,1610612761,Toronto Raptors,4,3,37,Missed Shot,Jump Shot,,Above the Break 3,Left Side Center(LC),24+ ft.,27,-85,259,1,0,20211208,TOR,OKC,22100371578,|1627783|1627832|1629018|1630551|1630567,0,REG,,,2022,1629018,6.0,SG,Chaser,0.19,MISS Muscala 27' 3PT Jump Shot,,,,OKC,1610612760.0,
Shot Chart Detail,22100371,585,0,Opponent,1610612761,Toronto Raptors,4,2,57,Made Shot,Jump Shot,,Right Corner 3,Right Side(R),24+ ft.,24,230,69,1,1,20211208,TOR,OKC,22100371585,|1627783|1627832|1629018|1630551|1630567,1,REG,,,2022,,,,,,,,,,OKC,1610612760.0,1629652.0
Shot Chart Detail,22100371,590,0,Opponent,1610612761,Toronto Raptors,4,2,25,Missed Shot,Step Back Jump shot,,Above the Break 3,Right Side Center(RC),24+ ft.,26,141,220,1,0,20211208,TOR,OKC,22100371590,|1627783|1627832|1629018|1630551|1630567,0,REG,,,2022,1627783,7.0,PF,Helper,0.72,MISS Dort 26' 3PT Step Back Jump Shot,,,,OKC,1610612760.0,
Shot Chart Detail,22100371,600,0,Opponent,1610612761,Toronto Raptors,4,1,30,Missed Shot,Driving Floating Bank Jump Shot,,Mid-Range,Right Side(R),8-16 ft.,12,102,74,1,0,20211208,TOR,OKC,22100371600,|1627783|1627832|1629018|1630551|1630567,0,REG,,,2022,1627832|1630551,4.0,,,,,,,,OKC,1610612760.0,
Shot Chart Detail,22100371,604,0,Opponent,1610612761,Toronto Raptors,4,1,14,Made Shot,Driving Layup Shot,,Restricted Area,Center(C),Less Than 8 ft.,1,9,8,1,1,20211208,TOR,OKC,22100371604,|1627783|1627832|1629018|1630551|1630567,1,REG,,,2022,1629018,3.0,SG,Chaser,0.19,Dort 1' Driving Layup (22 PTS) (Giddey 8 AST),,,,OKC,1610612760.0,1630581.0
Shot Chart Detail,22100371,608,0,Opponent,1610612761,Toronto Raptors,4,0,47,Missed Shot,Driving Finger Roll Layup Shot,,Restricted Area,Center(C),Less Than 8 ft.,3,32,21,1,0,20211208,TOR,OKC,22100371608,|1627783|1627832|1629018|1630551|1630567,0,REG,,,2022,1630567,0.0,PF,Helper,0.63,MISS Giddey 4' Driving Finger Roll Layup,,,,OKC,1610612760.0,
Shot Chart Detail,22100371,621,0,Opponent,1610612761,Toronto Raptors,4,0,9,Made Shot,Jump Shot,,Above the Break 3,Center(C),24+ ft.,27,-59,265,1,1,20211208,TOR,OKC,22100371621,|1627783|1627832|1629018|1630551|1630567,1,REG,,,2022,,,,,,,,,,OKC,1610612760.0,1628983.0
Shot Chart Detail,22100385,10,0,Opponent,1610612761,Toronto Raptors,1,11,23,Made Shot,Turnaround Fadeaway shot,,In The Paint (Non-RA),Center(C),8-16 ft.,10,2,109,1,1,20211210,TOR,NYK,2210038510,|1627783|1627832|1628449|1629018|1630567,0,REG,,,2022,1627832|1630567,2.0,,,,,,,,NYK,1610612752.0,
Shot Chart Detail,22100385,14,0,Opponent,1610612761,Toronto Raptors,1,10,37,Missed Shot,Pullup Jump shot,,Mid-Range,Left Side Center(LC),16-24 ft.,19,-126,151,1,0,20211210,TOR,NYK,2210038514,|1627783|1627832|1628449|1629018|1630567,0,REG,,,2022,1628449|1629018,-1.0,,,,,,,,NYK,1610612752.0,
Shot Chart Detail,22100385,22,0,Opponent,1610612761,Toronto Raptors,1,10,0,Made Shot,Pullup Jump shot,,Above the Break 3,Left Side Center(LC),24+ ft.,26,-124,230,1,1,20211210,TOR,NYK,2210038522,|1627783|1627832|1628449|1629018|1630567,1,REG,,,2022,1628449,0.0,SF,Helper,0.4,Fournier 26' 3PT Pullup Jump Shot (3 PTS) (Randle 1 AST),,,,NYK,1610612752.0,203944.0
Shot Chart Detail,22100385,25,0,Opponent,1610612761,Toronto Raptors,1,9,20,Missed Shot,Turnaround Hook Shot,,In The Paint (Non-RA),Center(C),8-16 ft.,9,11,93,1,0,20211210,TOR,NYK,2210038525,|1627783|1627832|1628449|1629018|1630567,0,REG,,,2022,1627783,-3.0,PF,Helper,0.72,MISS Burks 9' Turnaround Hook Shot,,,,NYK,1610612752.0,
Shot Chart Detail,22100385,29,0,Opponent,1610612761,Toronto Raptors,1,8,49,Missed Shot,Cutting Dunk Shot,,Restricted Area,Center(C),Less Than 8 ft.,2,18,14,1,0,20211210,TOR,NYK,2210038529,|1627783|1627832|1628449|1629018|1630567,0,REG,,,2022,1628449|1627783,-5.0,,,,,,,,NYK,1610612752.0,
Shot Chart Detail,22100385,36,0,Opponent,1610612761,Toronto Raptors,1,8,13,Missed Shot,Jump Shot,,Above the Break 3,Right Side Center(RC),24+ ft.,25,162,195,1,0,20211210,TOR,NYK,2210038536,|1627783|1627832|1628449|1629018|1630567,0,REG,,,2022,1627783,-8.0,PF,Helper,0.72,MISS Randle 25' 3PT Jump Shot,,,,NYK,1610612752.0,
Shot Chart Detail,22100385,55,0,Opponent,1610612761,Toronto Raptors,1,6,54,Missed Shot,Driving Hook Shot,,In The Paint (Non-RA),Center(C),Less Than 8 ft.,7,54,51,1,0,20211210,TOR,NYK,2210038555,|1627783|1627832|1628449|1629018|1630567,0,REG,,,2022,1628449|1630567,-11.0,,,,,,,,NYK,1610612752.0,
Shot Chart Detail,22100385,67,0,Opponent,1610612761,Toronto Raptors,1,6,11,Missed Shot,Driving Floating Bank Jump Shot,,In The Paint (Non-RA),Center(C),8-16 ft.,9,31,92,1,0,20211210,TOR,NYK,2210038567,|1627783|1627832|1628449|1629018|1630567,0,REG,,,2022,1627832|1627783,-16.0,,,,,,,,NYK,1610612752.0,
Shot Chart Detail,22100385,71,0,Opponent,1610612761,Toronto Raptors,1,5,51,Missed Shot,Jump Shot,,Above the Break 3,Right Side Center(RC),24+ ft.,28,94,266,1,0,20211210,TOR,NYK,2210038571,|1627783|1627832|1628449|1629018|1630567,0,REG,,,2022,1628449|1630567,-16.0,,,,,,,,NYK,1610612752.0,
Shot Chart Detail,22100385,77,0,Opponent,1610612761,Toronto Raptors,1,5,41,Missed Shot,Layup Shot,,Restricted Area,Center(C),Less Than 8 ft.,3,-23,20,1,0,20211210,TOR,NYK,2210038577,|1627783|1627832|1629018|1629139|1630567,0,REG,,,2022,1627832,-16.0,PG,Point of Attack,0.9,VanVleet BLOCK (1 BLK),,,,NYK,1610612752.0,
Shot Chart Detail,22100385,82,0,Opponent,1610612761,Toronto Raptors,1,5,27,Made Shot,Running Jump Shot,,Above the Break 3,Right Side Center(RC),24+ ft.,26,172,201,1,1,20211210,TOR,NYK,2210038582,|1627783|1627832|1629018|1629139|1630567,1,REG,,,2022,1629018,-13.0,SG,Chaser,0.19,Fournier 26' 3PT Running Jump Shot (6 PTS) (Randle 2 AST),,,,NYK,1610612752.0,203944.0
Shot Chart Detail,22100385,87,0,Opponent,1610612761,Toronto Raptors,1,4,50,Missed Shot,Floating Jump shot,,In The Paint (Non-RA),Center(C),8-16 ft.,9,11,95,1,0,20211210,TOR,NYK,2210038587,|1627783|1627832|1629018|1629139|1630567,0,REG,,,2022,1629018,-13.0,SG,Chaser,0.19,MISS Barrett 10' Floating Jump Shot,,,,NYK,1610612752.0,
Shot Chart Detail,22100385,99,0,Opponent,1610612761,Toronto Raptors,1,4,16,Missed Shot,Jump Shot,,Right Corner 3,Right Side(R),24+ ft.,24,240,22,1,0,20211210,TOR,NYK,2210038599,|1627783|1627832|1629018|1629139|1630551,0,REG,,,2022,1630551,-15.0,SF,Helper,-0.61,MISS Rose 24' 3PT Jump Shot,,,,NYK,1610612752.0,
Shot Chart Detail,22100385,103,0,Opponent,1610612761,Toronto Raptors,1,3,47,Missed Shot,Jump Shot,,Left Corner 3,Left Side(L),24+ ft.,22,-225,17,1,0,20211210,TOR,NYK,22100385103,|1627783|1627832|1629018|1629139|1630551,0,REG,,,2022,1627832,-15.0,PG,Point of Attack,0.9,MISS Barrett 3PT Jump Shot,,,,NYK,1610612752.0,
Shot Chart Detail,22100385,107,0,Opponent,1610612761,Toronto Raptors,1,3,13,Missed Shot,Jump Shot,,Above the Break 3,Right Side Center(RC),24+ ft.,29,151,250,1,0,20211210,TOR,NYK,22100385107,|1627783|1627832|1629018|1629139|1630551,0,REG,,,2022,1629018,-15.0,SG,Chaser,0.19,MISS Fournier 29' 3PT Jump Shot,,,,NYK,1610612752.0,
Shot Chart Detail,22100385,110,0,Opponent,1610612761,Toronto Raptors,1,2,46,Missed Shot,Jump Shot,,Right Corner 3,Right Side(R),24+ ft.,23,237,15,1,0,20211210,TOR,NYK,22100385110,|1627783|1627832|1629018|1629139|1630551,0,REG,,,2022,1627832,-17.0,PG,Point of Attack,0.9,MISS Rose 24' 3PT Jump Shot,,,,NYK,1610612752.0,
Shot Chart Detail,22100385,122,0,Opponent,1610612761,Toronto Raptors,1,1,53,Made Shot,Driving Finger Roll Layup Shot,,Restricted Area,Center(C),Less Than 8 ft.,3,-28,25,1,1,20211210,TOR,NYK,22100385122,|1627832|1629004|1629018|1629139|1630551,1,REG,,,2022,1629004,-18.0,SF,Chaser,-0.31,Rose 4' Driving Finger Roll Layup (2 PTS) (Randle 3 AST),,,,NYK,1610612752.0,203944.0
Shot Chart Detail,22100385,129,0,Opponent,1610612761,Toronto Raptors,1,1,21,Missed Shot,Driving Floating Jump Shot,,In The Paint (Non-RA),Center(C),8-16 ft.,10,21,105,1,0,20211210,TOR,NYK,22100385129,|1627832|1629004|1629139|1630551|1630567,0,REG,,,2022,1629004,-18.0,SF,Chaser,-0.31,MISS Quickley 11' Driving Floating Jump Shot,,,,NYK,1610612752.0,
Shot Chart Detail,22100385,138,0,Opponent,1610612761,Toronto Raptors,1,0,49,Missed Shot,Driving Floating Bank Jump Shot,,In The Paint (Non-RA),Center(C),Less Than 8 ft.,7,10,77,1,0,20211210,TOR,NYK,22100385138,|1627832|1629004|1629139|1630551|1630567,0,REG,,,2022,1629004,-19.0,SF,Chaser,-0.31,MISS Rose 8' Driving Floating Bank Jump Shot,,,,NYK,1610612752.0,
Shot Chart Detail,22100385,142,0,Opponent,1610612761,Toronto Raptors,1,0,26,Missed Shot,Driving Finger Roll Layup Shot,,Restricted Area,Center(C),Less Than 8 ft.,1,-7,15,1,0,20211210,TOR,NYK,22100385142,|1627832|1629004|1629139|1630551|1630567,0,REG,,,2022,1630567|1629004,-19.0,,,,,,,,NYK,1610612752.0,
Shot Chart Detail,22100385,144,0,Opponent,1610612761,Toronto Raptors,1,0,26,Made Shot,Tip Dunk Shot,,Restricted Area,Center(C),Less Than 8 ft.,0,0,0,1,1,20211210,TOR,NYK,22100385144,|1627832|1629004|1629139|1630551|1630567,0,REG,,,2022,1630551|1630567|1629004,-17.0,,,,,,,,NYK,1610612752.0,
Shot Chart Detail,22100385,157,0,Opponent,1610612761,Toronto Raptors,2,11,19,Made Shot,Jump Shot,,Above the Break 3,Right Side Center(RC),24+ ft.,26,125,229,1,1,20211210,TOR,NYK,22100385157,|1627783|1629004|1629139|1630567|1630625,1,REG,,,2022,1629139,-14.0,SF,Helper,0.1,Barrett 26' 3PT Jump Shot (5 PTS) (Rose 1 AST),,,,NYK,1610612752.0,201565.0
Shot Chart Detail,22100385,176,0,Opponent,1610612761,Toronto Raptors,2,9,52,Missed Shot,Jump Shot,,Left Corner 3,Left Side(L),24+ ft.,22,-227,32,1,0,20211210,TOR,NYK,22100385176,|1627783|1629004|1629139|1630567|1630625,0,REG,,,2022,1627783,-13.0,PF,Helper,0.72,MISS Toppin 3PT Jump Shot,,,,NYK,1610612752.0,
Shot Chart Detail,22100385,179,0,Opponent,1610612761,Toronto Raptors,2,9,26,Made Shot,Driving Layup Shot,,Restricted Area,Center(C),Less Than 8 ft.,3,34,19,1,1,20211210,TOR,NYK,22100385179,|1627783|1629004|1629139|1630567|1630625,0,REG,,,2022,1630567|1629139,-13.0,,,,,,,,NYK,1610612752.0,
Shot Chart Detail,22100385,188,0,Opponent,1610612761,Toronto Raptors,2,8,41,Missed Shot,Turnaround Jump Shot,,In The Paint (Non-RA),Center(C),Less Than 8 ft.,6,53,40,1,0,20211210,TOR,NYK,22100385188,|1627783|1629004|1629139|1630567|1630625,0,REG,,,2022,1627783,-13.0,PF,Helper,0.72,Barnes BLOCK (1 BLK),,,,NYK,1610612752.0,
Shot Chart Detail,22100385,193,0,Opponent,1610612761,Toronto Raptors,2,8,20,Made Shot,Cutting Dunk Shot,,Restricted Area,Center(C),Less Than 8 ft.,1,5,11,1,1,20211210,TOR,NYK,22100385193,|1627783|1629004|1629139|1630567|1630625,1,REG,,,2022,1627783|1630567|1629004,-11.0,,,,,,,,NYK,1610612752.0,201565.0
Shot Chart Detail,22100385,212,0,Opponent,1610612761,Toronto Raptors,2,7,15,Made Shot,Jump Shot,,Left Corner 3,Left Side(L),24+ ft.,22,-224,5,1,1,20211210,TOR,NYK,22100385212,|1627783|1628449|1629018|1630567|1630625,1,REG,,,2022,1630567,-9.0,PF,Helper,0.63,Randle 3PT Jump Shot (5 PTS) (Toppin 1 AST),,,,NYK,1610612752.0,1630167.0
Shot Chart Detail,22100385,219,0,Opponent,1610612761,Toronto Raptors,2,6,47,Made Shot,Running Alley Oop Dunk Shot,,Restricted Area,Center(C),Less Than 8 ft.,0,5,8,1,1,20211210,TOR,NYK,22100385219,|1627783|1627832|1628449|1629018|1630625,1,REG,,,2022,1627783,-7.0,PF,Helper,0.72,Toppin 1' Running Alley Oop Dunk Shot (8 PTS) (Rose 3 AST),,,,NYK,1610612752.0,201565.0
Shot Chart Detail,22100385,222,0,Opponent,1610612761,Toronto Raptors,2,6,9,Made Shot,Driving Floating Jump Shot,,In The Paint (Non-RA),Center(C),8-16 ft.,12,43,115,1,1,20211210,TOR,NYK,22100385222,|1627783|1627832|1628449|1629018|1630625,0,REG,,,2022,1627832,-7.0,PG,Point of Attack,0.9,Quickley 12' Driving Floating Jump Shot (2 PTS),,,,NYK,1610612752.0,
Shot Chart Detail,22100385,224,0,Opponent,1610612761,Toronto Raptors,2,5,47,Missed Shot,Driving Floating Jump Shot,,Mid-Range,Right Side(R),8-16 ft.,10,105,30,1,0,20211210,TOR,NYK,22100385224,|1627783|1627832|1628449|1629018|1630625,0,REG,,,2022,1627832,-7.0,PG,Point of Attack,0.9,MISS Rose 11' Driving Floating Jump Shot,,,,NYK,1610612752.0,
Shot Chart Detail,22100385,226,0,Opponent,1610612761,Toronto Raptors,2,5,43,Made Shot,Tip Layup Shot,,Restricted Area,Center(C),Less Than 8 ft.,0,0,0,1,1,20211210,TOR,NYK,22100385226,|1627783|1627832|1628449|1629018|1630625,0,REG,,,2022,1628449,-5.0,SF,Helper,0.4,Randle Tip Layup Shot (7 PTS),,,,NYK,1610612752.0,
Shot Chart Detail,22100385,229,0,Opponent,1610612761,Toronto Raptors,2,5,14,Made Shot,Cutting Dunk Shot,,Restricted Area,Center(C),Less Than 8 ft.,1,2,11,1,1,20211210,TOR,NYK,22100385229,|1627783|1627832|1628449|1629018|1630625,1,REG,,,2022,1628449,-3.0,SF,Helper,0.4,Toppin 1' Cutting Dunk Shot (10 PTS) (Burks 1 AST),,,,NYK,1610612752.0,202692.0
Shot Chart Detail,22100385,233,0,Opponent,1610612761,Toronto Raptors,2,4,43,Made Shot,Jump Shot,,Above the Break 3,Left Side Center(LC),24+ ft.,27,-142,231,1,1,20211210,TOR,NYK,22100385233,|1627783|1627832|1628449|1629018|1630625,1,REG,,,2022,1627832,0.0,PG,Point of Attack,0.9,Quickley 27' 3PT Jump Shot (5 PTS) (Randle 4 AST),,,,NYK,1610612752.0,203944.0
Shot Chart Detail,22100385,245,0,Opponent,1610612761,Toronto Raptors,2,3,40,Missed Shot,Jump Shot,,Above the Break 3,Right Side Center(RC),24+ ft.,26,170,203,1,0,20211210,TOR,NYK,22100385245,|1627783|1627832|1628449|1629018|1630567,0,REG,,,2022,1630567,-2.0,PF,Helper,0.63,MISS Burks 26' 3PT Jump Shot,,,,NYK,1610612752.0,
Shot Chart Detail,22100385,261,0,Opponent,1610612761,Toronto Raptors,2,2,14,Made Shot,Jump Shot,,Above the Break 3,Center(C),24+ ft.,26,-77,253,1,1,20211210,TOR,NYK,22100385261,|1627783|1627832|1628449|1629018|1630567,1,REG,,,2022,1627832,-2.0,PG,Point of Attack,0.9,Rose 26' 3PT Jump Shot (7 PTS) (Burks 2 AST),,,,NYK,1610612752.0,202692.0
Shot Chart Detail,22100385,268,0,Opponent,1610612761,Toronto Raptors,2,1,22,Missed Shot,Pullup Jump shot,,Above the Break 3,Center(C),24+ ft.,26,-44,263,1,0,20211210,TOR,NYK,22100385268,|1627783|1627832|1628449|1629018|1630567,0,REG,,,2022,1627832|1629018,-4.0,,,,,,,,NYK,1610612752.0,
Shot Chart Detail,22100385,275,0,Opponent,1610612761,Toronto Raptors,2,0,52,Missed Shot,Jump Shot,,Above the Break 3,Center(C),24+ ft.,26,-50,257,1,0,20211210,TOR,NYK,22100385275,|1627783|1627832|1628449|1629018|1630567,0,REG,,,2022,1627783,-6.0,PF,Helper,0.72,MISS Quickley 26' 3PT Jump Shot,,,,NYK,1610612752.0,
Shot Chart Detail,22100385,279,0,Opponent,1610612761,Toronto Raptors,2,0,5,Missed Shot,Step Back Jump shot,,Above the Break 3,Center(C),24+ ft.,26,-25,260,1,0,20211210,TOR,NYK,22100385279,|1627783|1627832|1628449|1629018|1630567,0,REG,,,2022,1627783,-6.0,PF,Helper,0.72,MISS Randle 26' 3PT Step Back Jump Shot,,,,NYK,1610612752.0,
Shot Chart Detail,22100385,291,0,Opponent,1610612761,Toronto Raptors,3,11,39,Missed Shot,Pullup Jump shot,,Above the Break 3,Right Side Center(RC),24+ ft.,25,99,239,1,0,20211210,TOR,NYK,22100385291,|1627783|1627832|1628449|1629018|1630567,0,REG,,,2022,1627832,-8.0,PG,Point of Attack,0.9,MISS Burks 26' 3PT Pullup Jump Shot,,,,NYK,1610612752.0,
Shot Chart Detail,22100385,293,0,Opponent,1610612761,Toronto Raptors,3,11,31,Made Shot,Alley Oop Dunk Shot,,Restricted Area,Center(C),Less Than 8 ft.,0,-2,6,1,1,20211210,TOR,NYK,22100385293,|1627783|1627832|1628449|1629018|1630567,1,REG,,,2022,1628449,-6.0,SF,Helper,0.4,Noel 1' Alley Oop Dunk (2 PTS) (Burks 3 AST),,,,NYK,1610612752.0,202692.0
Shot Chart Detail,22100385,303,0,Opponent,1610612761,Toronto Raptors,3,10,14,Missed Shot,Jump Shot,,Above the Break 3,Left Side Center(LC),24+ ft.,25,-206,152,1,0,20211210,TOR,NYK,22100385303,|1627783|1627832|1628449|1629018|1630567,0,REG,,,2022,1630567,-4.0,PF,Helper,0.63,MISS Barrett 26' 3PT Jump Shot,,,,NYK,1610612752.0,
Shot Chart Detail,22100385,311,0,Opponent,1610612761,Toronto Raptors,3,9,37,Missed Shot,Jump Shot,,Above the Break 3,Left Side Center(LC),24+ ft.,25,-123,228,1,0,20211210,TOR,NYK,22100385311,|1627783|1627832|1628449|1629018|1630567,0,REG,,,2022,1627783,-4.0,PF,Helper,0.72,MISS Fournier 26' 3PT Jump Shot,,,,NYK,1610612752.0,
Shot Chart Detail,22100385,315,0,Opponent,1610612761,Toronto Raptors,3,9,11,Made Shot,Hook Shot,,In The Paint (Non-RA),Center(C),Less Than 8 ft.,4,-9,49,1,1,20211210,TOR,NYK,22100385315,|1627783|1627832|1628449|1629018|1630567,1,REG,,,2022,1630567,-2.0,PF,Helper,0.63,Noel 5' Hook Shot (4 PTS) (Randle 5 AST),,,,NYK,1610612752.0,203944.0
Shot Chart Detail,22100385,323,0,Opponent,1610612761,Toronto Raptors,3,8,38,Missed Shot,Driving Hook Shot,,In The Paint (Non-RA),Center(C),Less Than 8 ft.,5,-21,47,1,0,20211210,TOR,NYK,22100385323,|1627783|1627832|1628449|1629018|1630567,0,REG,,,2022,1628449|1630567,-2.0,,,,,,,,NYK,1610612752.0,
Shot Chart Detail,22100385,325,0,Opponent,1610612761,Toronto Raptors,3,8,35,Made Shot,Tip Layup Shot,,Restricted Area,Center(C),Less Than 8 ft.,0,0,0,1,1,20211210,TOR,NYK,22100385325,|1627783|1627832|1628449|1629018|1630567,0,REG,,,2022,1627783,0.0,PF,Helper,0.72,Noel Tip Layup Shot (6 PTS),,,,NYK,1610612752.0,
Shot Chart Detail,22100385,330,0,Opponent,1610612761,Toronto Raptors,3,8,15,Missed Shot,Driving Hook Shot,,In The Paint (Non-RA),Center(C),Less Than 8 ft.,6,-43,52,1,0,20211210,TOR,NYK,22100385330,|1627783|1627832|1628449|1629018|1630567,0,REG,,,2022,1628449|1630567,0.0,,,,,,,,NYK,1610612752.0,
Shot Chart Detail,22100385,337,0,Opponent,1610612761,Toronto Raptors,3,7,45,Missed Shot,Step Back Jump shot,,Mid-Range,Left Side Center(LC),16-24 ft.,21,-147,154,1,0,20211210,TOR,NYK,22100385337,|1627783|1627832|1628449|1629018|1630567,0,REG,,,2022,1627783,-2.0,PF,Helper,0.72,MISS Randle 21' Step Back Jump Shot,,,,NYK,1610612752.0,
Shot Chart Detail,22100385,341,0,Opponent,1610612761,Toronto Raptors,3,7,14,Missed Shot,Jump Shot,,Above the Break 3,Left Side Center(LC),24+ ft.,28,-170,228,1,0,20211210,TOR,NYK,22100385341,|1627783|1627832|1628449|1629018|1630567,0,REG,,,2022,1627832,-5.0,PG,Point of Attack,0.9,MISS Burks 28' 3PT Jump Shot,,,,NYK,1610612752.0,
Shot Chart Detail,22100385,345,0,Opponent,1610612761,Toronto Raptors,3,6,48,Made Shot,Jump Shot,,Left Corner 3,Left Side(L),24+ ft.,23,-227,46,1,1,20211210,TOR,NYK,22100385345,|1627783|1627832|1628449|1629018|1630567,1,REG,,,2022,,,,,,,,,,NYK,1610612752.0,1629628.0
Shot Chart Detail,22100385,357,0,Opponent,1610612761,Toronto Raptors,3,5,42,Missed Shot,Running Finger Roll Layup Shot,,In The Paint (Non-RA),Center(C),Less Than 8 ft.,6,-37,59,1,0,20211210,TOR,NYK,22100385357,|1627783|1627832|1628449|1629018|1630567,0,REG,,,2022,1627832|1627783,-4.0,,,,,,,,NYK,1610612752.0,
Shot Chart Detail,22100385,360,0,Opponent,1610612761,Toronto Raptors,3,5,38,Made Shot,Tip Layup Shot,,Restricted Area,Center(C),Less Than 8 ft.,0,0,0,1,1,20211210,TOR,NYK,22100385360,|1627783|1627832|1628449|1629018|1630567,0,REG,,,2022,1629018,-2.0,SG,Chaser,0.19,Randle Tip Layup Shot (9 PTS),,,,NYK,1610612752.0,
Shot Chart Detail,22100385,363,0,Opponent,1610612761,Toronto Raptors,3,5,11,Missed Shot,Running Jump Shot,,Right Corner 3,Right Side(R),24+ ft.,22,229,12,1,0,20211210,TOR,NYK,22100385363,|1627783|1627832|1628449|1629018|1630567,0,REG,,,2022,1628449,-2.0,SF,Helper,0.4,MISS Barrett 3PT Running Jump Shot,,,,NYK,1610612752.0,
Shot Chart Detail,22100385,365,0,Opponent,1610612761,Toronto Raptors,3,5,0,Missed Shot,Pullup Jump shot,,Mid-Range,Center(C),8-16 ft.,15,-13,154,1,0,20211210,TOR,NYK,22100385365,|1627783|1627832|1628449|1629018|1630567,0,REG,,,2022,1628449|1627832,-2.0,,,,,,,,NYK,1610612752.0,
Shot Chart Detail,22100385,389,0,Opponent,1610612761,Toronto Raptors,3,3,50,Made Shot,Driving Layup Shot,,Restricted Area,Center(C),Less Than 8 ft.,3,23,22,1,1,20211210,TOR,NYK,22100385389,|1627783|1627832|1628449|1629018|1629139,0,REG,,,2022,1628449,-1.0,SF,Helper,0.4,Barrett 3' Driving Layup (12 PTS),,,,NYK,1610612752.0,
Shot Chart Detail,22100385,408,0,Opponent,1610612761,Toronto Raptors,3,2,41,Missed Shot,Jump Shot,,Left Corner 3,Left Side(L),24+ ft.,22,-227,-3,1,0,20211210,TOR,NYK,22100385408,|1627832|1629004|1629139|1630551|1630567,0,REG,,,2022,1629004,-2.0,SF,Chaser,-0.31,MISS Fournier 3PT Jump Shot,,,,NYK,1610612752.0,
Shot Chart Detail,22100385,418,0,Opponent,1610612761,Toronto Raptors,3,1,33,Made Shot,Driving Floating Jump Shot,,In The Paint (Non-RA),Center(C),8-16 ft.,8,37,81,1,1,20211210,TOR,NYK,22100385418,|1627832|1629004|1629139|1630551|1630567,0,REG,,,2022,1629139,-2.0,SF,Helper,0.1,Rose 9' Driving Floating Jump Shot (9 PTS),,,,NYK,1610612752.0,
Shot Chart Detail,22100385,425,0,Opponent,1610612761,Toronto Raptors,3,1,0,Missed Shot,Jump Shot,,Above the Break 3,Left Side Center(LC),24+ ft.,26,-175,195,1,0,20211210,TOR,NYK,22100385425,|1627832|1629004|1629139|1630551|1630567,0,REG,,,2022,1629004,-4.0,SF,Chaser,-0.31,MISS Quickley 26' 3PT Jump Shot,,,,NYK,1610612752.0,
Shot Chart Detail,22100385,429,0,Opponent,1610612761,Toronto Raptors,3,0,44,Missed Shot,Jump Bank Shot,,In The Paint (Non-RA),Center(C),Less Than 8 ft.,5,45,39,1,0,20211210,TOR,NYK,22100385429,|1627832|1629004|1629139|1630551|1630567,0,REG,,,2022,1630567,-4.0,PF,Helper,0.63,MISS Barrett 6' Jump Bank Shot,,,,NYK,1610612752.0,
Shot Chart Detail,22100385,431,0,Opponent,1610612761,Toronto Raptors,3,0,39,Missed Shot,Driving Reverse Layup Shot,,Restricted Area,Center(C),Less Than 8 ft.,1,10,7,1,0,20211210,TOR,NYK,22100385431,|1627832|1629004|1629139|1630551|1630567,0,REG,,,2022,1627832,-4.0,PG,Point of Attack,0.9,Barnes BLOCK (2 BLK),,,,NYK,1610612752.0,
Shot Chart Detail,22100385,437,0,Opponent,1610612761,Toronto Raptors,3,0,21,Missed Shot,Jump Shot,,Right Corner 3,Right Side(R),24+ ft.,22,224,44,1,0,20211210,TOR,NYK,22100385437,|1627832|1629004|1629139|1630551|1630567,0,REG,,,2022,1629139,-4.0,SF,Helper,0.1,MISS Barrett 3PT Jump Shot,,,,NYK,1610612752.0,
Shot Chart Detail,22100385,452,0,Opponent,1610612761,Toronto Raptors,4,11,8,Missed Shot,Cutting Dunk Shot,,Restricted Area,Center(C),Less Than 8 ft.,2,13,17,1,0,20211210,TOR,NYK,22100385452,|1629004|1629018|1629139|1630201|1630567,0,REG,,,2022,1630201|1629004,-7.0,,,,,,,,NYK,1610612752.0,
Shot Chart Detail,22100385,458,0,Opponent,1610612761,Toronto Raptors,4,10,41,Missed Shot,Driving Hook Shot,,In The Paint (Non-RA),Center(C),Less Than 8 ft.,5,25,52,1,0,20211210,TOR,NYK,22100385458,|1629004|1629018|1629139|1630201|1630567,0,REG,,,2022,1630201,-7.0,PG,Point of Attack,-0.52,MISS Rose 6' Driving Hook Shot,,,,NYK,1610612752.0,
Shot Chart Detail,22100385,460,0,Opponent,1610612761,Toronto Raptors,4,10,36,Made Shot,Tip Dunk Shot,,Restricted Area,Center(C),Less Than 8 ft.,0,0,0,1,1,20211210,TOR,NYK,22100385460,|1629004|1629018|1629139|1630201|1630567,0,REG,,,2022,1630201|1629004,-5.0,,,,,,,,NYK,1610612752.0,
Shot Chart Detail,22100385,483,0,Opponent,1610612761,Toronto Raptors,4,9,4,Missed Shot,Driving Layup Shot,,In The Paint (Non-RA),Right Side(R),8-16 ft.,8,74,46,1,0,20211210,TOR,NYK,22100385483,|1629004|1629018|1629139|1630201|1630567,0,REG,,,2022,1629139,-4.0,SF,Helper,0.1,Watanabe BLOCK (1 BLK),,,,NYK,1610612752.0,
Shot Chart Detail,22100385,501,0,Opponent,1610612761,Toronto Raptors,4,8,27,Missed Shot,Jump Shot,,Left Corner 3,Left Side(L),24+ ft.,22,-223,-1,1,0,20211210,TOR,NYK,22100385501,|1627783|1629004|1629018|1630201|1630567,0,REG,,,2022,1630201,-3.0,PG,Point of Attack,-0.52,MISS Toppin 3PT Jump Shot,,,,NYK,1610612752.0,
Shot Chart Detail,22100385,505,0,Opponent,1610612761,Toronto Raptors,4,7,49,Made Shot,Jump Shot,,Left Corner 3,Left Side(L),24+ ft.,23,-232,22,1,1,20211210,TOR,NYK,22100385505,|1627783|1629004|1629018|1630201|1630567,1,REG,,,2022,1629018,0.0,SG,Chaser,0.19,Toppin 3PT Jump Shot (15 PTS) (Quickley 1 AST),,,,NYK,1610612752.0,1630193.0
Shot Chart Detail,22100385,509,0,Opponent,1610612761,Toronto Raptors,4,7,5,Missed Shot,Pullup Jump shot,,In The Paint (Non-RA),Center(C),8-16 ft.,12,-51,113,1,0,20211210,TOR,NYK,22100385509,|1627783|1629004|1629018|1630201|1630567,0,REG,,,2022,1630567,-2.0,PF,Helper,0.63,MISS Rose 12' Pullup Jump Shot,,,,NYK,1610612752.0,
Shot Chart Detail,22100385,520,0,Opponent,1610612761,Toronto Raptors,4,6,25,Made Shot,Alley Oop Dunk Shot,,Restricted Area,Center(C),Less Than 8 ft.,0,0,5,1,1,20211210,TOR,NYK,22100385520,|1627783|1627832|1629004|1629018|1630567,1,REG,,,2022,1627783,-2.0,PF,Helper,0.72,Toppin 1' Alley Oop Dunk (17 PTS) (Quickley 2 AST),,,,NYK,1610612752.0,1630193.0
Shot Chart Detail,22100385,524,0,Opponent,1610612761,Toronto Raptors,4,6,1,Missed Shot,Running Layup Shot,,Restricted Area,Center(C),Less Than 8 ft.,3,-4,38,1,0,20211210,TOR,NYK,22100385524,|1627783|1627832|1629004|1629018|1630567,0,REG,,,2022,1627783|1629004,-2.0,,,,,,,,NYK,1610612752.0,
Shot Chart Detail,22100385,536,0,Opponent,1610612761,Toronto Raptors,4,4,51,Missed Shot,Jump Shot,,Above the Break 3,Left Side Center(LC),24+ ft.,25,-195,163,1,0,20211210,TOR,NYK,22100385536,|1627783|1627832|1628449|1629018|1630567,0,REG,,,2022,1629018,-2.0,SG,Chaser,0.19,MISS Toppin 25' 3PT Jump Shot,,,,NYK,1610612752.0,
Shot Chart Detail,22100385,538,0,Opponent,1610612761,Toronto Raptors,4,4,47,Missed Shot,Reverse Layup Shot,,Restricted Area,Center(C),Less Than 8 ft.,1,-12,15,1,0,20211210,TOR,NYK,22100385538,|1627783|1627832|1628449|1629018|1630567,0,REG,,,2022,1627783|1630567,-2.0,,,,,,,,NYK,1610612752.0,
Shot Chart Detail,22100385,546,0,Opponent,1610612761,Toronto Raptors,4,4,6,Missed Shot,Jump Shot,,Left Corner 3,Left Side(L),24+ ft.,23,-233,-1,1,0,20211210,TOR,NYK,22100385546,|1627783|1627832|1628449|1629018|1630567,0,REG,,,2022,1628449,-5.0,SF,Helper,0.4,MISS Toppin 3PT Jump Shot,,,,NYK,1610612752.0,
Shot Chart Detail,22100385,550,0,Opponent,1610612761,Toronto Raptors,4,3,45,Missed Shot,Running Jump Shot,,Above the Break 3,Left Side Center(LC),24+ ft.,30,-141,274,1,0,20211210,TOR,NYK,22100385550,|1627783|1627832|1628449|1629018|1630567,0,REG,,,2022,1630567,-5.0,PF,Helper,0.63,MISS Quickley 31' 3PT Running Jump Shot,,,,NYK,1610612752.0,
Shot Chart Detail,22100385,561,0,Opponent,1610612761,Toronto Raptors,4,3,27,Made Shot,Cutting Layup Shot,,Restricted Area,Center(C),Less Than 8 ft.,2,22,13,1,1,20211210,TOR,NYK,22100385561,|1627783|1627832|1628449|1629018|1630567,1,REG,,,2022,1628449|1627783,-5.0,,,,,,,,NYK,1610612752.0,201565.0
Shot Chart Detail,22100385,568,0,Opponent,1610612761,Toronto Raptors,4,2,48,Made Shot,Jump Shot,,Above the Break 3,Center(C),24+ ft.,25,67,241,1,1,20211210,TOR,NYK,22100385568,|1627783|1627832|1628449|1629018|1630567,1,REG,,,2022,1629018,-3.0,SG,Chaser,0.19,Barrett 25' 3PT Jump Shot (17 PTS) (Burks 4 AST),,,,NYK,1610612752.0,202692.0
Shot Chart Detail,22100385,573,0,Opponent,1610612761,Toronto Raptors,4,2,5,Made Shot,Driving Floating Jump Shot,,Mid-Range,Left Side(L),8-16 ft.,9,-93,15,1,1,20211210,TOR,NYK,22100385573,|1627783|1627832|1628449|1629018|1630567,1,REG,,,2022,1628449,-1.0,SF,Helper,0.4,Barrett 9' Driving Floating Jump Shot (19 PTS) (Burks 5 AST),,,,NYK,1610612752.0,202692.0
Shot Chart Detail,22100385,578,0,Opponent,1610612761,Toronto Raptors,4,1,42,Made Shot,Pullup Jump shot,,Mid-Range,Left Side(L),16-24 ft.,17,-164,70,1,1,20211210,TOR,NYK,22100385578,|1627783|1627832|1628449|1629018|1630567,0,REG,,,2022,1628449,1.0,SF,Helper,0.4,Rose 18' Pullup Jump Shot (11 PTS),,,,NYK,1610612752.0,
Shot Chart Detail,22100385,588,0,Opponent,1610612761,Toronto Raptors,4,0,51,Missed Shot,Driving Floating Jump Shot,,In The Paint (Non-RA),Center(C),Less Than 8 ft.,4,-36,33,1,0,20211210,TOR,NYK,22100385588,|1627783|1627832|1629018|1630551|1630567,0,REG,,,2022,1629018|1630567,-2.0,,,,,,,,NYK,1610612752.0,
Shot Chart Detail,22100385,599,0,Opponent,1610612761,Toronto Raptors,4,0,36,Missed Shot,Hook Bank Shot,,In The Paint (Non-RA),Center(C),Less Than 8 ft.,7,-2,73,1,0,20211210,TOR,NYK,22100385599,|1627783|1627832|1629018|1630551|1630567,0,REG,,,2022,1630551|1630567,-2.0,,,,,,,,NYK,1610612752.0,
Shot Chart Detail,22100385,603,0,Opponent,1610612761,Toronto Raptors,4,0,3,Missed Shot,Jump Shot,,Above the Break 3,Center(C),24+ ft.,26,77,251,1,0,20211210,TOR,NYK,22100385603,|1627783|1627832|1629018|1630551|1630567,0,REG,,,2022,1627832,-2.0,PG,Point of Attack,0.9,MISS Randle 26' 3PT Jump Shot,,,,NYK,1610612752.0,
Shot Chart Detail,22100385,612,0,Opponent,1610612761,Toronto Raptors,4,0,0,Missed Shot,Turnaround Jump Shot,,Above the Break 3,Right Side Center(RC),24+ ft.,25,205,146,1,0,20211210,TOR,NYK,22100385612,|1627783|1627832|1629018|1630551|1630567,0,REG,,,2022,1627783,-3.0,PF,Helper,0.72,MISS Barrett 25' 3PT Turnaround Jump Shot,,,,NYK,1610612752.0,
Shot Chart Detail,22100406,7,0,Opponent,1610612761,Toronto Raptors,1,11,40,Missed Shot,Floating Jump shot,,In The Paint (Non-RA),Center(C),8-16 ft.,8,16,83,1,0,20211213,TOR,SAC,221004067,|1627783|1627832|1628449|1629018|1630567,0,REG,,,2022,1628449|1630567,0.0,,,,,,,,SAC,1610612758.0,
Shot Chart Detail,22100406,9,0,Opponent,1610612761,Toronto Raptors,1,11,32,Missed Shot,Pullup Jump shot,,Above the Break 3,Right Side Center(RC),24+ ft.,27,127,242,1,0,20211213,TOR,SAC,221004069,|1627783|1627832|1628449|1629018|1630567,0,REG,,,2022,1627832,0.0,PG,Point of Attack,0.9,MISS Fox 27' 3PT Pullup Jump Shot,,,,SAC,1610612758.0,
Shot Chart Detail,22100406,14,0,Opponent,1610612761,Toronto Raptors,1,11,8,Missed Shot,Cutting Layup Shot,,In The Paint (Non-RA),Center(C),Less Than 8 ft.,6,45,42,1,0,20211213,TOR,SAC,2210040614,|1627783|1627832|1628449|1629018|1630567,0,REG,,,2022,1628449,0.0,SF,Helper,0.4,Barnes BLOCK (1 BLK),,,,SAC,1610612758.0,
Shot Chart Detail,22100406,18,0,Opponent,1610612761,Toronto Raptors,1,10,41,Missed Shot,Pullup Jump shot,,Mid-Range,Left Side(L),8-16 ft.,11,-99,64,1,0,20211213,TOR,SAC,2210040618,|1627783|1627832|1628449|1629018|1630567,0,REG,,,2022,1627832,-2.0,PG,Point of Attack,0.9,MISS Fox 12' Pullup Jump Shot,,,,SAC,1610612758.0,
Shot Chart Detail,22100406,31,0,Opponent,1610612761,Toronto Raptors,1,9,32,Missed Shot,Driving Floating Jump Shot,,In The Paint (Non-RA),Center(C),Less Than 8 ft.,7,42,62,1,0,20211213,TOR,SAC,2210040631,|1627783|1627832|1628449|1629018|1630567,0,REG,,,2022,1630567,-6.0,PF,Helper,0.63,MISS Barnes 7' Driving Floating Jump Shot,,,,SAC,1610612758.0,
Shot Chart Detail,22100406,44,0,Opponent,1610612761,Toronto Raptors,1,8,9,Made Shot,Pullup Jump shot,,Mid-Range,Right Side Center(RC),16-24 ft.,20,91,188,1,1,20211213,TOR,SAC,2210040644,|1627783|1627832|1628449|1629018|1630567,1,REG,,,2022,1627783,-9.0,PF,Helper,0.72,Fox 21' Pullup Jump Shot (2 PTS) (Metu 1 AST),,,,SAC,1610612758.0,1629002.0
Shot Chart Detail,22100406,49,0,Opponent,1610612761,Toronto Raptors,1,7,37,Made Shot,Pullup Jump shot,,Mid-Range,Left Side(L),8-16 ft.,14,-137,36,1,1,20211213,TOR,SAC,2210040649,|1627783|1627832|1628449|1629018|1630567,1,REG,,,2022,1627783,-7.0,PF,Helper,0.72,Fox 14' Pullup Jump Shot (4 PTS) (Haliburton 1 AST),,,,SAC,1610612758.0,1630169.0
Shot Chart Detail,22100406,53,0,Opponent,1610612761,Toronto Raptors,1,7,14,Made Shot,Running Dunk Shot,,Restricted Area,Center(C),Less Than 8 ft.,1,-5,16,1,1,20211213,TOR,SAC,2210040653,|1627783|1627832|1628449|1629018|1630567,1,REG,,,2022,1627783,-5.0,PF,Helper,0.72,Metu 2' Running Dunk (2 PTS) (Haliburton 2 AST),,,,SAC,1610612758.0,1630169.0
Shot Chart Detail,22100406,63,0,Opponent,1610612761,Toronto Raptors,1,6,37,Missed Shot,Driving Floating Jump Shot,,In The Paint (Non-RA),Center(C),Less Than 8 ft.,7,42,66,1,0,20211213,TOR,SAC,2210040663,|1627783|1627832|1628449|1629018|1630567,0,REG,,,2022,1627832,-5.0,PG,Point of Attack,0.9,MISS Fox 8' Driving Floating Jump Shot,,,,SAC,1610612758.0,
Shot Chart Detail,22100406,65,0,Opponent,1610612761,Toronto Raptors,1,6,37,Made Shot,Putback Layup Shot,,Restricted Area,Center(C),Less Than 8 ft.,3,-29,15,1,1,20211213,TOR,SAC,2210040665,|1627783|1627832|1628449|1629018|1630567,0,REG,,,2022,1627832|1627783,-3.0,,,,,,,,SAC,1610612758.0,
Shot Chart Detail,22100406,72,0,Opponent,1610612761,Toronto Raptors,1,5,59,Missed Shot,Driving Reverse Layup Shot,,Restricted Area,Center(C),Less Than 8 ft.,2,25,14,1,0,20211213,TOR,SAC,2210040672,|1627783|1627832|1628449|1629018|1630567,0,REG,,,2022,1629018,-3.0,SG,Chaser,0.19,MISS Barnes 3' Driving Reverse Layup,,,,SAC,1610612758.0,
Shot Chart Detail,22100406,81,0,Opponent,1610612761,Toronto Raptors,1,5,30,Missed Shot,Jump Shot,,Right Corner 3,Right Side(R),24+ ft.,22,227,10,1,0,20211213,TOR,SAC,2210040681,|1627783|1627832|1628449|1629018|1630567,0,REG,,,2022,1628449,-4.0,SF,Helper,0.4,MISS Barnes 3PT Jump Shot,,,,SAC,1610612758.0,
Shot Chart Detail,22100406,88,0,Opponent,1610612761,Toronto Raptors,1,5,6,Missed Shot,Running Pull-Up Jump Shot,,Above the Break 3,Right Side Center(RC),24+ ft.,25,159,201,1,0,20211213,TOR,SAC,2210040688,|1627783|1627832|1628449|1629018|1630567,0,REG,,,2022,1629018|1627783,-4.0,,,,,,,,SAC,1610612758.0,
Shot Chart Detail,22100406,91,0,Opponent,1610612761,Toronto Raptors,1,4,39,Missed Shot,Pullup Jump shot,,Mid-Range,Left Side Center(LC),16-24 ft.,18,-132,130,1,0,20211213,TOR,SAC,2210040691,|1627783|1627832|1628449|1629018|1630567,0,REG,,,2022,1627832,-6.0,PG,Point of Attack,0.9,MISS Fox 19' Pullup Jump Shot,,,,SAC,1610612758.0,
Shot Chart Detail,22100406,93,0,Opponent,1610612761,Toronto Raptors,1,4,34,Missed Shot,Jump Shot,,Above the Break 3,Right Side Center(RC),24+ ft.,26,147,220,1,0,20211213,TOR,SAC,2210040693,|1627783|1627832|1628449|1629018|1630567,0,REG,,,2022,1630567,-6.0,PF,Helper,0.63,MISS Hield 26' 3PT Jump Shot,,,,SAC,1610612758.0,
Shot Chart Detail,22100406,102,0,Opponent,1610612761,Toronto Raptors,1,3,55,Made Shot,Driving Floating Jump Shot,,In The Paint (Non-RA),Center(C),Less Than 8 ft.,6,38,57,1,1,20211213,TOR,SAC,22100406102,|1627783|1627832|1628449|1629018|1629139,1,REG,,,2022,1629139,-4.0,SF,Helper,0.1,Bagley III 7' Driving Floating Jump Shot (2 PTS) (Barnes 1 AST),,,,SAC,1610612758.0,203084.0
Shot Chart Detail,22100406,112,0,Opponent,1610612761,Toronto Raptors,1,3,23,Missed Shot,Step Back Jump shot,,Above the Break 3,Center(C),24+ ft.,27,-51,267,1,0,20211213,TOR,SAC,22100406112,|1627783|1627832|1629018|1629139|1630625,0,REG,,,2022,1627783,-4.0,PF,Helper,0.72,MISS Bagley III 27' 3PT Step Back Jump Shot,,,,SAC,1610612758.0,
Shot Chart Detail,22100406,116,0,Opponent,1610612761,Toronto Raptors,1,3,8,Made Shot,Running Alley Oop Layup Shot,,Restricted Area,Center(C),Less Than 8 ft.,1,-10,-2,1,1,20211213,TOR,SAC,22100406116,|1627783|1627832|1629018|1629139|1630625,1,REG,,,2022,1630625,-2.0,PG,Chaser,0.27,Fox 1' Running Alley Oop Layup Shot (6 PTS) (Mitchell 1 AST),,,,SAC,1610612758.0,1630558.0
Shot Chart Detail,22100406,119,0,Opponent,1610612761,Toronto Raptors,1,2,41,Missed Shot,Jump Shot,,Left Corner 3,Left Side(L),24+ ft.,22,-227,16,1,0,20211213,TOR,SAC,22100406119,|1627783|1627832|1629018|1629139|1630625,0,REG,,,2022,1627783,-4.0,PF,Helper,0.72,MISS Bagley III 3PT Jump Shot,,,,SAC,1610612758.0,
Shot Chart Detail,22100406,123,0,Opponent,1610612761,Toronto Raptors,1,2,26,Made Shot,Running Finger Roll Layup Shot,,In The Paint (Non-RA),Center(C),Less Than 8 ft.,4,18,43,1,1,20211213,TOR,SAC,22100406123,|1627783|1627832|1629018|1629139|1630625,0,REG,,,2022,1630625,-2.0,PG,Chaser,0.27,Fox 5' Running Finger Roll Layup (8 PTS),,,,SAC,1610612758.0,
Shot Chart Detail,22100406,142,0,Opponent,1610612761,Toronto Raptors,1,1,23,Missed Shot,Jump Shot,,Above the Break 3,Right Side Center(RC),24+ ft.,25,169,193,1,0,20211213,TOR,SAC,22100406142,|1629004|1629018|1629139|1630567|1630625,0,REG,,,2022,,,,,,,,,,SAC,1610612758.0,
Shot Chart Detail,22100406,160,0,Opponent,1610612761,Toronto Raptors,1,0,34,Made Shot,Jump Shot,,Above the Break 3,Right Side Center(RC),24+ ft.,24,190,162,1,1,20211213,TOR,SAC,22100406160,|1629004|1629139|1630551|1630567|1630625,1,REG,,,2022,1630567,-6.0,PF,Helper,0.63,Hield 25' 3PT Jump Shot (3 PTS) (Haliburton 3 AST),,,,SAC,1610612758.0,1630169.0
Shot Chart Detail,22100406,163,0,Opponent,1610612761,Toronto Raptors,1,0,6,Made Shot,Driving Finger Roll Layup Shot,,In The Paint (Non-RA),Center(C),Less Than 8 ft.,4,-20,35,1,1,20211213,TOR,SAC,22100406163,|1629004|1629139|1630551|1630567|1630625,0,REG,,,2022,1630625,-6.0,PG,Chaser,0.27,Mitchell 4' Driving Finger Roll Layup (2 PTS),,,,SAC,1610612758.0,
Shot Chart Detail,22100406,169,0,Opponent,1610612761,Toronto Raptors,2,11,36,Missed Shot,Driving Layup Shot,,Restricted Area,Center(C),Less Than 8 ft.,2,-21,10,1,0,20211213,TOR,SAC,22100406169,|1629004|1629139|1630551|1630567|1630625,0,REG,,,2022,1629004,-8.0,SF,Chaser,-0.31,MISS Mitchell 2' Driving Layup,,,,SAC,1610612758.0,
Shot Chart Detail,22100406,175,0,Opponent,1610612761,Toronto Raptors,2,10,54,Made Shot,Pullup Jump shot,,Above the Break 3,Right Side Center(RC),24+ ft.,25,216,129,1,1,20211213,TOR,SAC,22100406175,|1629004|1629139|1630551|1630567|1630625,0,REG,,,2022,1629004,-7.0,SF,Chaser,-0.31,Hield 25' 3PT Pullup Jump Shot (6 PTS),,,,SAC,1610612758.0,
Shot Chart Detail,22100406,178,0,Opponent,1610612761,Toronto Raptors,2,10,29,Missed Shot,Layup Shot,,In The Paint (Non-RA),Center(C),Less Than 8 ft.,4,43,22,1,0,20211213,TOR,SAC,22100406178,|1629004|1629139|1630551|1630567|1630625,0,REG,,,2022,1630625|1630567,-10.0,,,,,,,,SAC,1610612758.0,
Shot Chart Detail,22100406,183,0,Opponent,1610612761,Toronto Raptors,2,9,59,Missed Shot,Driving Layup Shot,,In The Paint (Non-RA),Right Side(R),8-16 ft.,8,77,36,1,0,20211213,TOR,SAC,22100406183,|1629004|1629139|1630551|1630567|1630625,0,REG,,,2022,1629004,-12.0,SF,Chaser,-0.31,Barnes BLOCK (3 BLK),,,,SAC,1610612758.0,
Shot Chart Detail,22100406,186,0,Opponent,1610612761,Toronto Raptors,2,9,54,Missed Shot,Putback Layup Shot,,Restricted Area,Center(C),Less Than 8 ft.,0,0,0,1,0,20211213,TOR,SAC,22100406186,|1629004|1629139|1630551|1630567|1630625,0,REG,,,2022,1630625,-12.0,PG,Chaser,0.27,MISS Jones Putback Layup,,,,SAC,1610612758.0,
Shot Chart Detail,22100406,193,0,Opponent,1610612761,Toronto Raptors,2,9,27,Missed Shot,Driving Finger Roll Layup Shot,,In The Paint (Non-RA),Center(C),Less Than 8 ft.,7,27,66,1,0,20211213,TOR,SAC,22100406193,|1629004|1629139|1630551|1630567|1630625,0,REG,,,2022,1630625,-12.0,PG,Chaser,0.27,MISS Bagley III 7' Driving Finger Roll Layup,,,,SAC,1610612758.0,
Shot Chart Detail,22100406,195,0,Opponent,1610612761,Toronto Raptors,2,9,23,Missed Shot,Tip Dunk Shot,,Restricted Area,Center(C),Less Than 8 ft.,0,0,0,1,0,20211213,TOR,SAC,22100406195,|1629004|1629139|1630551|1630567|1630625,0,REG,,,2022,1630567,-12.0,PF,Helper,0.63,MISS Jones Tip Dunk Shot,,,,SAC,1610612758.0,
Shot Chart Detail,22100406,205,0,Opponent,1610612761,Toronto Raptors,2,8,55,Made Shot,Jump Shot,,Above the Break 3,Right Side Center(RC),24+ ft.,25,225,110,1,1,20211213,TOR,SAC,22100406205,|1629004|1629139|1630551|1630567|1630625,1,REG,,,2022,1630625,-11.0,PG,Chaser,0.27,Haliburton 25' 3PT Jump Shot (3 PTS) (Davis 1 AST),,,,SAC,1610612758.0,1629056.0
Shot Chart Detail,22100406,210,0,Opponent,1610612761,Toronto Raptors,2,8,28,Missed Shot,Fadeaway Jump Shot,,In The Paint (Non-RA),Center(C),Less Than 8 ft.,5,-54,14,1,0,20211213,TOR,SAC,22100406210,|1629004|1629139|1630551|1630567|1630625,0,REG,,,2022,1629139,-11.0,SF,Helper,0.1,MISS Davis 6' Fadeaway Jumper,,,,SAC,1610612758.0,
Shot Chart Detail,22100406,226,0,Opponent,1610612761,Toronto Raptors,2,7,30,Missed Shot,Driving Layup Shot,,In The Paint (Non-RA),Center(C),Less Than 8 ft.,5,-15,51,1,0,20211213,TOR,SAC,22100406226,|1627783|1629004|1629018|1630551|1630625,0,REG,,,2022,1627783,-15.0,PF,Helper,0.72,Siakam BLOCK (1 BLK),,,,SAC,1610612758.0,
Shot Chart Detail,22100406,256,0,Opponent,1610612761,Toronto Raptors,2,5,49,Made Shot,Cutting Dunk Shot,,Restricted Area,Center(C),Less Than 8 ft.,1,6,13,1,1,20211213,TOR,SAC,22100406256,|1627783|1627832|1628449|1629018|1630551,1,REG,,,2022,1628449,-17.0,SF,Helper,0.4,Len 1' Cutting Dunk Shot (7 PTS) (Barnes 2 AST),,,,SAC,1610612758.0,203084.0
Shot Chart Detail,22100406,260,0,Opponent,1610612761,Toronto Raptors,2,5,23,Missed Shot,Jump Shot,,Above the Break 3,Right Side Center(RC),24+ ft.,26,159,210,1,0,20211213,TOR,SAC,22100406260,|1627783|1627832|1628449|1629018|1630551,0,REG,,,2022,1627783,-19.0,PF,Helper,0.72,MISS Barnes 26' 3PT Jump Shot,,,,SAC,1610612758.0,
Shot Chart Detail,22100406,267,0,Opponent,1610612761,Toronto Raptors,2,4,38,Missed Shot,Floating Jump shot,,In The Paint (Non-RA),Center(C),8-16 ft.,10,13,101,1,0,20211213,TOR,SAC,22100406267,|1627783|1627832|1628449|1629018|1630551,0,REG,,,2022,1628449,-23.0,SF,Helper,0.4,MISS Len 10' Floating Jump Shot,,,,SAC,1610612758.0,
Shot Chart Detail,22100406,274,0,Opponent,1610612761,Toronto Raptors,2,4,23,Made Shot,Reverse Layup Shot,,Restricted Area,Center(C),Less Than 8 ft.,1,-6,11,1,1,20211213,TOR,SAC,22100406274,|1627783|1627832|1628449|1629018|1630567,1,REG,,,2022,1628449,-21.0,SF,Helper,0.4,Bagley III 1' Reverse Layup (5 PTS) (Fox 1 AST),,,,SAC,1610612758.0,1628368.0
Shot Chart Detail,22100406,278,0,Opponent,1610612761,Toronto Raptors,2,3,52,Made Shot,Driving Floating Bank Jump Shot,,In The Paint (Non-RA),Center(C),Less Than 8 ft.,6,55,35,1,1,20211213,TOR,SAC,22100406278,|1627783|1627832|1628449|1629018|1630567,0,REG,,,2022,1630567,-19.0,PF,Helper,0.63,Fox 7' Driving Floating Bank Jump Shot (12 PTS),,,,SAC,1610612758.0,
Shot Chart Detail,22100406,284,0,Opponent,1610612761,Toronto Raptors,2,3,16,Missed Shot,Jump Shot,,Left Corner 3,Left Side(L),24+ ft.,23,-230,17,1,0,20211213,TOR,SAC,22100406284,|1627783|1627832|1628449|1629018|1630567,0,REG,,,2022,1630567,-20.0,PF,Helper,0.63,MISS Fox 3PT Jump Shot,,,,SAC,1610612758.0,
Shot Chart Detail,22100406,288,0,Opponent,1610612761,Toronto Raptors,2,2,49,Missed Shot,Jump Shot,,Above the Break 3,Center(C),24+ ft.,28,-25,288,1,0,20211213,TOR,SAC,22100406288,|1627783|1627832|1628449|1629018|1630567,0,REG,,,2022,1627783,-23.0,PF,Helper,0.72,MISS Barnes 29' 3PT Jump Shot,,,,SAC,1610612758.0,
Shot Chart Detail,22100406,290,0,Opponent,1610612761,Toronto Raptors,2,2,39,Missed Shot,Layup Shot,,Restricted Area,Center(C),Less Than 8 ft.,3,-25,24,1,0,20211213,TOR,SAC,22100406290,|1627783|1627832|1628449|1629018|1630567,0,REG,,,2022,1630567,-23.0,PF,Helper,0.63,Boucher BLOCK (1 BLK),,,,SAC,1610612758.0,
Shot Chart Detail,22100406,297,0,Opponent,1610612761,Toronto Raptors,2,2,17,Missed Shot,Driving Layup Shot,,In The Paint (Non-RA),Center(C),Less Than 8 ft.,5,-33,41,1,0,20211213,TOR,SAC,22100406297,|1627783|1627832|1628449|1629018|1630567,0,REG,,,2022,1627783|1630567,-23.0,,,,,,,,SAC,1610612758.0,
Shot Chart Detail,22100406,299,0,Opponent,1610612761,Toronto Raptors,2,2,17,Made Shot,Putback Layup Shot,,Restricted Area,Center(C),Less Than 8 ft.,0,0,0,1,1,20211213,TOR,SAC,22100406299,|1627783|1627832|1628449|1629018|1630567,0,REG,,,2022,1627783,-21.0,PF,Helper,0.72,Len Putback Layup (9 PTS),,,,SAC,1610612758.0,
Shot Chart Detail,22100406,317,0,Opponent,1610612761,Toronto Raptors,2,1,14,Made Shot,Driving Hook Shot,,In The Paint (Non-RA),Center(C),Less Than 8 ft.,7,5,72,1,1,20211213,TOR,SAC,22100406317,|1627783|1627832|1628449|1629018|1630567,1,REG,,,2022,1627783,-22.0,PF,Helper,0.72,Bagley III 7' Driving Hook Shot (7 PTS) (Fox 2 AST),,,,SAC,1610612758.0,1628368.0
Shot Chart Detail,22100406,321,0,Opponent,1610612761,Toronto Raptors,2,0,46,Missed Shot,Step Back Jump shot,,Above the Break 3,Center(C),24+ ft.,25,17,255,1,0,20211213,TOR,SAC,22100406321,|1627783|1627832|1628449|1629018|1630567,0,REG,,,2022,1630567,-24.0,PF,Helper,0.63,MISS Barnes 26' 3PT Step Back Jump Shot,,,,SAC,1610612758.0,
Shot Chart Detail,22100406,326,0,Opponent,1610612761,Toronto Raptors,2,0,14,Made Shot,Pullup Jump shot,,In The Paint (Non-RA),Center(C),Less Than 8 ft.,6,-21,58,1,1,20211213,TOR,SAC,22100406326,|1627783|1627832|1628449|1629018|1630567,0,REG,,,2022,1630567,-25.0,PF,Helper,0.63,Fox 6' Pullup Jump Shot (15 PTS),,,,SAC,1610612758.0,
Shot Chart Detail,22100406,329,0,Opponent,1610612761,Toronto Raptors,2,0,0,Missed Shot,Driving Floating Jump Shot,,Backcourt,Back Court(BC),Back Court Shot,65,21,657,1,0,20211213,TOR,SAC,22100406329,|1627783|1627832|1628449|1629018|1630567,0,REG,,,2022,,,,,,,,,,SAC,1610612758.0,
Shot Chart Detail,22100406,343,0,Opponent,1610612761,Toronto Raptors,3,11,24,Made Shot,Pullup Jump shot,,Above the Break 3,Center(C),24+ ft.,26,75,249,1,1,20211213,TOR,SAC,22100406343,|1627783|1627832|1628449|1629018|1630567,0,REG,,,2022,1628449,-22.0,SF,Helper,0.4,Fox 26' 3PT Pullup Jump Shot (18 PTS),,,,SAC,1610612758.0,
Shot Chart Detail,22100406,346,0,Opponent,1610612761,Toronto Raptors,3,10,54,Missed Shot,Running Reverse Layup Shot,,Restricted Area,Center(C),Less Than 8 ft.,2,-20,13,1,0,20211213,TOR,SAC,22100406346,|1627783|1627832|1628449|1629018|1630567,0,REG,,,2022,1630567,-22.0,PF,Helper,0.63,MISS Barnes 2' Running Reverse Layup,,,,SAC,1610612758.0,
Shot Chart Detail,22100406,352,0,Opponent,1610612761,Toronto Raptors,3,10,7,Made Shot,Driving Finger Roll Layup Shot,,Restricted Area,Center(C),Less Than 8 ft.,1,-12,12,1,1,20211213,TOR,SAC,22100406352,|1627783|1627832|1628449|1629018|1630567,0,REG,,,2022,1627832|1627783,-22.0,,,,,,,,SAC,1610612758.0,
Shot Chart Detail,22100406,355,0,Opponent,1610612761,Toronto Raptors,3,9,41,Missed Shot,Pullup Jump shot,,In The Paint (Non-RA),Center(C),8-16 ft.,11,-9,117,1,0,20211213,TOR,SAC,22100406355,|1627783|1627832|1628449|1629018|1630567,0,REG,,,2022,1628449|1627832,-22.0,,,,,,,,SAC,1610612758.0,
Shot Chart Detail,22100406,357,0,Opponent,1610612761,Toronto Raptors,3,9,30,Missed Shot,Driving Hook Shot,,In The Paint (Non-RA),Center(C),Less Than 8 ft.,7,-20,69,1,0,20211213,TOR,SAC,22100406357,|1627783|1627832|1628449|1629018|1630567,0,REG,,,2022,1628449,-22.0,SF,Helper,0.4,MISS Len 7' Driving Hook Shot,,,,SAC,1610612758.0,
Shot Chart Detail,22100406,361,0,Opponent,1610612761,Toronto Raptors,3,9,6,Missed Shot,Jump Shot,,Above the Break 3,Right Side Center(RC),24+ ft.,25,190,170,1,0,20211213,TOR,SAC,22100406361,|1627783|1627832|1628449|1629018|1630567,0,REG,,,2022,1627783,-25.0,PF,Helper,0.72,MISS Metu 25' 3PT Jump Shot,,,,SAC,1610612758.0,
Shot Chart Detail,22100406,365,0,Opponent,1610612761,Toronto Raptors,3,8,40,Made Shot,Jump Shot,,Above the Break 3,Center(C),24+ ft.,26,54,258,1,1,20211213,TOR,SAC,22100406365,|1627783|1627832|1628449|1629018|1630567,1,REG,,,2022,1627783,-22.0,PF,Helper,0.72,Barnes 26' 3PT Jump Shot (3 PTS) (Haliburton 4 AST),,,,SAC,1610612758.0,1630169.0
Shot Chart Detail,22100406,373,0,Opponent,1610612761,Toronto Raptors,3,8,4,Missed Shot,Driving Floating Jump Shot,,Mid-Range,Right Side(R),8-16 ft.,9,82,41,1,0,20211213,TOR,SAC,22100406373,|1627783|1627832|1628449|1629018|1630567,0,REG,,,2022,1627783,-22.0,PF,Helper,0.72,Barnes BLOCK (4 BLK),,,,SAC,1610612758.0,
Shot Chart Detail,22100406,378,0,Opponent,1610612761,Toronto Raptors,3,7,27,Missed Shot,Driving Finger Roll Layup Shot,,In The Paint (Non-RA),Center(C),Less Than 8 ft.,4,-16,46,1,0,20211213,TOR,SAC,22100406378,|1627783|1627832|1628449|1629018|1630567,0,REG,,,2022,1627832|1629018|1630567,-22.0,,,,,,,,SAC,1610612758.0,
Shot Chart Detail,22100406,380,0,Opponent,1610612761,Toronto Raptors,3,7,23,Made Shot,Tip Layup Shot,,Restricted Area,Center(C),Less Than 8 ft.,0,0,0,1,1,20211213,TOR,SAC,22100406380,|1627783|1627832|1628449|1629018|1630567,0,REG,,,2022,1628449,-20.0,SF,Helper,0.4,Len Tip Layup Shot (12 PTS),,,,SAC,1610612758.0,
Shot Chart Detail,22100406,384,0,Opponent,1610612761,Toronto Raptors,3,6,51,Missed Shot,Driving Floating Jump Shot,,In The Paint (Non-RA),Center(C),Less Than 8 ft.,6,58,39,1,0,20211213,TOR,SAC,22100406384,|1627783|1627832|1628449|1629018|1630567,0,REG,,,2022,1628449,-23.0,SF,Helper,0.4,Barnes BLOCK (5 BLK),,,,SAC,1610612758.0,
Shot Chart Detail,22100406,395,0,Opponent,1610612761,Toronto Raptors,3,5,55,Missed Shot,Driving Hook Shot,,In The Paint (Non-RA),Center(C),8-16 ft.,11,-25,115,1,0,20211213,TOR,SAC,22100406395,|1627783|1627832|1628449|1629018|1630567,0,REG,,,2022,1627783|1630567,-23.0,,,,,,,,SAC,1610612758.0,
Shot Chart Detail,22100406,399,0,Opponent,1610612761,Toronto Raptors,3,5,33,Missed Shot,Floating Jump shot,,In The Paint (Non-RA),Center(C),8-16 ft.,12,49,112,1,0,20211213,TOR,SAC,22100406399,|1627783|1627832|1628449|1629018|1630567,0,REG,,,2022,1629018,-23.0,SG,Chaser,0.19,MISS Mitchell 12' Floating Jump Shot,,,,SAC,1610612758.0,
Shot Chart Detail,22100406,407,0,Opponent,1610612761,Toronto Raptors,3,5,27,Made Shot,Pullup Jump shot,,In The Paint (Non-RA),Center(C),8-16 ft.,11,-10,113,1,1,20211213,TOR,SAC,22100406407,|1627783|1627832|1628449|1629018|1629139,0,REG,,,2022,1628449|1627832|1629139,-21.0,,,,,,,,SAC,1610612758.0,
Shot Chart Detail,22100406,423,0,Opponent,1610612761,Toronto Raptors,3,4,49,Missed Shot,Running Pull-Up Jump Shot,,Above the Break 3,Left Side Center(LC),24+ ft.,25,-145,211,1,0,20211213,TOR,SAC,22100406423,|1627783|1627832|1628449|1629018|1629139,0,REG,,,2022,1628449,-22.0,SF,Helper,0.4,MISS Hield 26' 3PT Running Pull-Up Jump Shot,,,,SAC,1610612758.0,
Shot Chart Detail,22100406,438,0,Opponent,1610612761,Toronto Raptors,3,3,49,Missed Shot,Pullup Jump shot,,Mid-Range,Left Side Center(LC),16-24 ft.,18,-107,155,1,0,20211213,TOR,SAC,22100406438,|1627783|1627832|1629018|1629139|1630551,0,REG,,,2022,1629018,-22.0,SG,Chaser,0.19,MISS Mitchell 19' Pullup Jump Shot,,,,SAC,1610612758.0,
Shot Chart Detail,22100406,454,0,Opponent,1610612761,Toronto Raptors,3,2,58,Made Shot,Jump Shot,,Above the Break 3,Right Side Center(RC),24+ ft.,26,113,238,1,1,20211213,TOR,SAC,22100406454,|1627783|1627832|1629018|1629139|1630551,1,REG,,,2022,1627783,-21.0,PF,Helper,0.72,Mitchell 26' 3PT Jump Shot (5 PTS) (Hield 1 AST),,,,SAC,1610612758.0,1627741.0
Shot Chart Detail,22100406,467,0,Opponent,1610612761,Toronto Raptors,3,1,57,Missed Shot,Step Back Jump shot,,Left Corner 3,Left Side(L),24+ ft.,24,-234,79,1,0,20211213,TOR,SAC,22100406467,|1627783|1629018|1629139|1630201|1630551,0,REG,,,2022,1630201,-23.0,PG,Point of Attack,-0.52,MISS Mitchell 25' 3PT Step Back Jump Shot,,,,SAC,1610612758.0,
Shot Chart Detail,22100406,469,0,Opponent,1610612761,Toronto Raptors,3,1,53,Missed Shot,Jump Shot,,Above the Break 3,Left Side Center(LC),24+ ft.,26,-173,205,1,0,20211213,TOR,SAC,22100406469,|1627783|1629018|1629139|1630201|1630551,0,REG,,,2022,1630551,-23.0,SF,Helper,-0.61,MISS Hield 27' 3PT Jump Shot,,,,SAC,1610612758.0,
Shot Chart Detail,22100406,474,0,Opponent,1610612761,Toronto Raptors,3,1,20,Made Shot,Jump Shot,,Above the Break 3,Left Side Center(LC),24+ ft.,26,-211,160,1,1,20211213,TOR,SAC,22100406474,|1627783|1629018|1629139|1630201|1630551,1,REG,,,2022,1629139,-23.0,SF,Helper,0.1,Hield 26' 3PT Jump Shot (9 PTS) (Mitchell 2 AST),,,,SAC,1610612758.0,1630558.0
Shot Chart Detail,22100406,483,0,Opponent,1610612761,Toronto Raptors,3,0,46,Missed Shot,Layup Shot,,In The Paint (Non-RA),Center(C),Less Than 8 ft.,4,-21,42,1,0,20211213,TOR,SAC,22100406483,|1627783|1629018|1629139|1630201|1630551,0,REG,,,2022,1627783,-24.0,PF,Helper,0.72,Champagnie BLOCK (1 BLK),,,,SAC,1610612758.0,
Shot Chart Detail,22100406,488,0,Opponent,1610612761,Toronto Raptors,3,0,24,Missed Shot,Jump Shot,,Above the Break 3,Center(C),24+ ft.,28,-88,272,1,0,20211213,TOR,SAC,22100406488,|1627783|1629018|1629139|1630201|1630551,0,REG,,,2022,1630201,-24.0,PG,Point of Attack,-0.52,MISS Hield 29' 3PT Jump Shot,,,,SAC,1610612758.0,
Shot Chart Detail,22100406,498,0,Opponent,1610612761,Toronto Raptors,4,11,38,Missed Shot,Driving Finger Roll Layup Shot,,In The Paint (Non-RA),Center(C),Less Than 8 ft.,4,36,22,1,0,20211213,TOR,SAC,22100406498,|1629004|1629139|1630201|1630551|1630567,0,REG,,,2022,1630567|1629139,-24.0,,,,,,,,SAC,1610612758.0,
Shot Chart Detail,22100406,500,0,Opponent,1610612761,Toronto Raptors,4,11,35,Missed Shot,Tip Layup Shot,,Restricted Area,Center(C),Less Than 8 ft.,0,0,0,1,0,20211213,TOR,SAC,22100406500,|1629004|1629139|1630201|1630551|1630567,0,REG,,,2022,1630551|1629004|1629139,-24.0,,,,,,,,SAC,1610612758.0,
Shot Chart Detail,22100406,506,0,Opponent,1610612761,Toronto Raptors,4,11,11,Missed Shot,Jump Shot,,Left Corner 3,Left Side(L),24+ ft.,22,-228,12,1,0,20211213,TOR,SAC,22100406506,|1629004|1629139|1630201|1630551|1630567,0,REG,,,2022,1630567,-26.0,PF,Helper,0.63,MISS Bagley III 3PT Jump Shot,,,,SAC,1610612758.0,
Shot Chart Detail,22100406,509,0,Opponent,1610612761,Toronto Raptors,4,10,38,Made Shot,Jump Shot,,Right Corner 3,Right Side(R),24+ ft.,23,234,10,1,1,20211213,TOR,SAC,22100406509,|1629004|1629139|1630201|1630551|1630567,1,REG,,,2022,1629004,-25.0,SF,Chaser,-0.31,Davis 3PT Jump Shot (3 PTS) (Hield 2 AST),,,,SAC,1610612758.0,1627741.0
Shot Chart Detail,22100406,512,0,Opponent,1610612761,Toronto Raptors,4,10,16,Made Shot,Cutting Dunk Shot,,Restricted Area,Center(C),Less Than 8 ft.,0,-6,7,1,1,20211213,TOR,SAC,22100406512,|1629004|1629139|1630201|1630551|1630567,1,REG,,,2022,1630201,-25.0,PG,Point of Attack,-0.52,Thompson 1' Cutting Dunk Shot (5 PTS) (Mitchell 3 AST),,,,SAC,1610612758.0,1630558.0
Shot Chart Detail,22100406,516,0,Opponent,1610612761,Toronto Raptors,4,9,52,Missed Shot,Pullup Jump shot,,Above the Break 3,Left Side Center(LC),24+ ft.,26,-125,239,1,0,20211213,TOR,SAC,22100406516,|1629004|1629139|1630201|1630551|1630567,0,REG,,,2022,1630551|1629004,-25.0,,,,,,,,SAC,1610612758.0,
Shot Chart Detail,22100406,518,0,Opponent,1610612761,Toronto Raptors,4,9,47,Made Shot,Tip Layup Shot,,Restricted Area,Center(C),Less Than 8 ft.,0,0,0,1,1,20211213,TOR,SAC,22100406518,|1629004|1629139|1630201|1630551|1630567,0,REG,,,2022,1629139,-23.0,SF,Helper,0.1,Bagley III Tip Layup Shot (9 PTS),,,,SAC,1610612758.0,
Shot Chart Detail,22100406,524,0,Opponent,1610612761,Toronto Raptors,4,8,37,Missed Shot,Jump Shot,,Left Corner 3,Left Side(L),24+ ft.,23,-232,26,1,0,20211213,TOR,SAC,22100406524,|1629004|1629139|1630201|1630551|1630567,0,REG,,,2022,1630551,-23.0,SF,Helper,-0.61,MISS Hield 3PT Jump Shot,,,,SAC,1610612758.0,
Shot Chart Detail,22100406,526,0,Opponent,1610612761,Toronto Raptors,4,8,33,Missed Shot,Tip Dunk Shot,,Restricted Area,Center(C),Less Than 8 ft.,0,0,0,1,0,20211213,TOR,SAC,22100406526,|1629004|1629139|1630201|1630551|1630567,0,REG,,,2022,1630567,-23.0,PF,Helper,0.63,MISS Thompson Tip Dunk Shot,,,,SAC,1610612758.0,
Shot Chart Detail,22100406,531,0,Opponent,1610612761,Toronto Raptors,4,8,24,Made Shot,Running Layup Shot,,Restricted Area,Center(C),Less Than 8 ft.,0,-1,5,1,1,20211213,TOR,SAC,22100406531,|1629004|1629139|1630201|1630551|1630567,1,REG,,,2022,1630567,-21.0,PF,Helper,0.63,Thompson 1' Running Layup (7 PTS) (Davis 2 AST),,,,SAC,1610612758.0,1629056.0
Shot Chart Detail,22100406,535,0,Opponent,1610612761,Toronto Raptors,4,7,56,Made Shot,Running Dunk Shot,,Restricted Area,Center(C),Less Than 8 ft.,0,5,1,1,1,20211213,TOR,SAC,22100406535,|1629004|1629139|1630201|1630551|1630567,1,REG,,,2022,,,,,,,,,,SAC,1610612758.0,1630558.0
Shot Chart Detail,22100406,543,0,Opponent,1610612761,Toronto Raptors,4,7,11,Missed Shot,Step Back Jump shot,,Above the Break 3,Right Side Center(RC),24+ ft.,28,135,254,1,0,20211213,TOR,SAC,22100406543,|1629004|1629139|1630201|1630551|1630567,0,REG,,,2022,1630201,-22.0,PG,Point of Attack,-0.52,MISS Fox 29' 3PT Step Back Jump Shot,,,,SAC,1610612758.0,
Shot Chart Detail,22100406,548,0,Opponent,1610612761,Toronto Raptors,4,6,49,Made Shot,Turnaround Hook Shot,,In The Paint (Non-RA),Center(C),Less Than 8 ft.,6,38,47,1,1,20211213,TOR,SAC,22100406548,|1629004|1629139|1630201|1630551|1630567,1,REG,,,2022,1630551,-22.0,SF,Helper,-0.61,Thompson 6' Turnaround Hook Shot (11 PTS) (Fox 3 AST),,,,SAC,1610612758.0,1628368.0
Shot Chart Detail,22100406,552,0,Opponent,1610612761,Toronto Raptors,4,6,27,Made Shot,Driving Layup Shot,,Restricted Area,Center(C),Less Than 8 ft.,3,31,15,1,1,20211213,TOR,SAC,22100406552,|1629004|1629139|1630201|1630551|1630567,0,REG,,,2022,1630551,-22.0,SF,Helper,-0.61,Fox 3' Driving Layup (27 PTS),,,,SAC,1610612758.0,
Shot Chart Detail,22100406,559,0,Opponent,1610612761,Toronto Raptors,4,6,0,Missed Shot,Jump Shot,,Above the Break 3,Right Side Center(RC),24+ ft.,25,224,118,1,0,20211213,TOR,SAC,22100406559,|1629004|1629139|1630201|1630551|1630567,0,REG,,,2022,1629004,-24.0,SF,Chaser,-0.31,MISS Davis 25' 3PT Jump Shot,,,,SAC,1610612758.0,
Shot Chart Detail,22100406,561,0,Opponent,1610612761,Toronto Raptors,4,5,55,Made Shot,Jump Shot,,Left Corner 3,Left Side(L),24+ ft.,23,-232,1,1,1,20211213,TOR,SAC,22100406561,|1629004|1629139|1630201|1630551|1630567,0,REG,,,2022,1630551,-21.0,SF,Helper,-0.61,Bagley III 3PT Jump Shot (12 PTS),,,,SAC,1610612758.0,
Shot Chart Detail,22100406,587,0,Opponent,1610612761,Toronto Raptors,4,4,13,Missed Shot,Floating Jump shot,,In The Paint (Non-RA),Center(C),8-16 ft.,11,43,104,1,0,20211213,TOR,SAC,22100406587,|1629004|1629067|1629139|1630201|1630551,0,REG,,,2022,1629067,-29.0,SF,Helper,-0.22,MISS Metu 11' Floating Jump Shot,,,,SAC,1610612758.0,
Shot Chart Detail,22100406,590,0,Opponent,1610612761,Toronto Raptors,4,3,37,Made Shot,Jump Shot,,Left Corner 3,Left Side(L),24+ ft.,23,-233,50,1,1,20211213,TOR,SAC,22100406590,|1629004|1629067|1629139|1630201|1630551,1,REG,,,2022,1629067,-28.0,SF,Helper,-0.22,Mitchell 24' 3PT Jump Shot (8 PTS) (Hield 3 AST),,,,SAC,1610612758.0,1627741.0
Shot Chart Detail,22100406,594,0,Opponent,1610612761,Toronto Raptors,4,3,13,Made Shot,Running Dunk Shot,,Restricted Area,Center(C),Less Than 8 ft.,0,-1,2,1,1,20211213,TOR,SAC,22100406594,|1629004|1629067|1629139|1630201|1630551,1,REG,,,2022,1629004,-26.0,SF,Chaser,-0.31,Fox Running Dunk (29 PTS) (Mitchell 5 AST),,,,SAC,1610612758.0,1630558.0
Shot Chart Detail,22100406,602,0,Opponent,1610612761,Toronto Raptors,4,2,26,Made Shot,Driving Reverse Layup Shot,,Restricted Area,Center(C),Less Than 8 ft.,1,-13,13,1,1,20211213,TOR,SAC,22100406602,|1629004|1629067|1629139|1630201|1630551,0,REG,,,2022,1629139,-24.0,SF,Helper,0.1,Hield 2' Driving Reverse Layup (11 PTS),,,,SAC,1610612758.0,
Shot Chart Detail,22100406,607,0,Opponent,1610612761,Toronto Raptors,4,1,53,Missed Shot,Jump Shot,,Above the Break 3,Left Side Center(LC),24+ ft.,26,-179,197,1,0,20211213,TOR,SAC,22100406607,|1629004|1629067|1629139|1630201|1630551,0,REG,,,2022,1630551,-26.0,SF,Helper,-0.61,MISS Hield 27' 3PT Jump Shot,,,,SAC,1610612758.0,
Shot Chart Detail,22100406,612,0,Opponent,1610612761,Toronto Raptors,4,1,27,Made Shot,Jump Shot,,Above the Break 3,Left Side Center(LC),24+ ft.,25,-212,142,1,1,20211213,TOR,SAC,22100406612,|1629004|1629067|1629139|1630201|1630551,1,REG,,,2022,1630551,-25.0,SF,Helper,-0.61,Hield 26' 3PT Jump Shot (14 PTS) (Mitchell 6 AST),,,,SAC,1610612758.0,1630558.0
Shot Chart Detail,22100406,619,0,Opponent,1610612761,Toronto Raptors,4,0,53,Missed Shot,Turnaround Fadeaway shot,,In The Paint (Non-RA),Center(C),8-16 ft.,11,-1,113,1,0,20211213,TOR,SAC,22100406619,|1629004|1629067|1629139|1630201|1630551,0,REG,,,2022,1630551,-27.0,SF,Helper,-0.61,MISS King 11' Turnaround Fadeaway Shot,,,,SAC,1610612758.0,
Shot Chart Detail,22100406,621,0,Opponent,1610612761,Toronto Raptors,4,0,51,Made Shot,Putback Dunk Shot,,Restricted Area,Center(C),Less Than 8 ft.,0,0,0,1,1,20211213,TOR,SAC,22100406621,|1629004|1629067|1629139|1630201|1630551,0,REG,,,2022,1629067,-25.0,SF,Helper,-0.22,Metu Putback Dunk (4 PTS),,,,SAC,1610612758.0,
Shot Chart Detail,22100406,624,0,Opponent,1610612761,Toronto Raptors,4,0,28,Made Shot,Driving Reverse Layup Shot,,Restricted Area,Center(C),Less Than 8 ft.,1,-9,11,1,1,20211213,TOR,SAC,22100406624,|1629004|1629067|1629139|1630201|1630551,0,REG,,,2022,1629067|1630551|1629139,-23.0,,,,,,,,SAC,1610612758.0,
Shot Chart Detail,22100413,10,0,Opponent,1610612761,Toronto Raptors,1,11,30,Missed Shot,Alley Oop Layup shot,,In The Paint (Non-RA),Center(C),Less Than 8 ft.,4,-38,23,1,0,20211214,BKN,TOR,2210041310,|1627783|1627832|1628449|1629018|1630567,0,REG,,,2022,1630567,0.0,PF,Helper,0.63,MISS Claxton 4' Alley Oop Layup,,,,BKN,1610612751.0,
Shot Chart Detail,22100413,14,0,Opponent,1610612761,Toronto Raptors,1,11,13,Made Shot,Cutting Dunk Shot,,Restricted Area,Center(C),Less Than 8 ft.,2,-1,20,1,1,20211214,BKN,TOR,2210041314,|1627783|1627832|1628449|1629018|1630567,1,REG,,,2022,1628449,-1.0,SF,Helper,0.4,Claxton 2' Cutting Dunk Shot (2 PTS) (Mills 1 AST),,,,BKN,1610612751.0,201988.0
Shot Chart Detail,22100413,24,0,Opponent,1610612761,Toronto Raptors,1,10,16,Missed Shot,Driving Layup Shot,,In The Paint (Non-RA),Center(C),Less Than 8 ft.,4,43,25,1,0,20211214,BKN,TOR,2210041324,|1627783|1627832|1628449|1629018|1630567,0,REG,,,2022,1628449|1630567,-3.0,,,,,,,,BKN,1610612751.0,
Shot Chart Detail,22100413,31,0,Opponent,1610612761,Toronto Raptors,1,10,2,Missed Shot,Step Back Jump shot,,Above the Break 3,Left Side Center(LC),24+ ft.,26,-162,210,1,0,20211214,BKN,TOR,2210041331,|1627783|1627832|1628449|1629018|1630567,0,REG,,,2022,1627783,-5.0,PF,Helper,0.72,MISS Griffin 27' 3PT Step Back Jump Shot,,,,BKN,1610612751.0,
Shot Chart Detail,22100413,35,0,Opponent,1610612761,Toronto Raptors,1,9,41,Made Shot,Running Layup Shot,,Restricted Area,Center(C),Less Than 8 ft.,3,-39,4,1,1,20211214,BKN,TOR,2210041335,|1627783|1627832|1628449|1629018|1630567,0,REG,,,2022,1627832,-3.0,PG,Point of Attack,0.9,Duke Jr. 4' Running Layup (2 PTS),,,,BKN,1610612751.0,
Shot Chart Detail,22100413,41,0,Opponent,1610612761,Toronto Raptors,1,9,11,Made Shot,Turnaround Jump Shot,,In The Paint (Non-RA),Center(C),Less Than 8 ft.,7,74,18,1,1,20211214,BKN,TOR,2210041341,|1627783|1627832|1628449|1629018|1630567,0,REG,,,2022,1627783|1630567,-3.0,,,,,,,,BKN,1610612751.0,
Shot Chart Detail,22100413,44,0,Opponent,1610612761,Toronto Raptors,1,8,40,Made Shot,Jump Shot,,Left Corner 3,Left Side(L),24+ ft.,23,-223,57,1,1,20211214,BKN,TOR,2210041344,|1627783|1627832|1628449|1629018|1630567,1,REG,,,2022,1630567,0.0,PF,Helper,0.63,Mills 3PT Jump Shot (3 PTS) (Durant 1 AST),,,,BKN,1610612751.0,201142.0
Shot Chart Detail,22100413,47,0,Opponent,1610612761,Toronto Raptors,1,8,11,Made Shot,Cutting Dunk Shot,,Restricted Area,Center(C),Less Than 8 ft.,1,-1,11,1,1,20211214,BKN,TOR,2210041347,|1627783|1627832|1628449|1629018|1630567,1,REG,,,2022,1630567,0.0,PF,Helper,0.63,Claxton 1' Cutting Dunk Shot (4 PTS) (Durant 2 AST),,,,BKN,1610612751.0,201142.0
Shot Chart Detail,22100413,62,0,Opponent,1610612761,Toronto Raptors,1,7,14,Missed Shot,Running Layup Shot,,Restricted Area,Center(C),Less Than 8 ft.,2,-23,16,1,0,20211214,BKN,TOR,2210041362,|1627783|1627832|1628449|1629018|1629139,0,REG,,,2022,1627832,-1.0,PG,Point of Attack,0.9,MISS Duke Jr. 3' Running Layup,,,,BKN,1610612751.0,
Shot Chart Detail,22100413,64,0,Opponent,1610612761,Toronto Raptors,1,7,8,Made Shot,Putback Dunk Shot,,Restricted Area,Center(C),Less Than 8 ft.,0,0,0,1,1,20211214,BKN,TOR,2210041364,|1627783|1627832|1628449|1629018|1629139,0,REG,,,2022,1628449,1.0,SF,Helper,0.4,Claxton Putback Dunk (6 PTS),,,,BKN,1610612751.0,
Shot Chart Detail,22100413,89,0,Opponent,1610612761,Toronto Raptors,1,5,51,Made Shot,Cutting Dunk Shot,,Restricted Area,Center(C),Less Than 8 ft.,0,-1,5,1,1,20211214,BKN,TOR,2210041389,|1627783|1627832|1629018|1629139|1630551,1,REG,,,2022,1630551,-1.0,SF,Helper,-0.61,Duke Jr. 1' Cutting Dunk Shot (4 PTS) (Griffin 1 AST),,,,BKN,1610612751.0,201933.0
Shot Chart Detail,22100413,97,0,Opponent,1610612761,Toronto Raptors,1,5,21,Missed Shot,Pullup Jump shot,,Above the Break 3,Center(C),24+ ft.,27,-20,274,1,0,20211214,BKN,TOR,2210041397,|1627783|1627832|1629018|1629139|1630551,0,REG,,,2022,1629139,-1.0,SF,Helper,0.1,MISS Durant 27' 3PT Pullup Jump Shot,,,,BKN,1610612751.0,
Shot Chart Detail,22100413,104,0,Opponent,1610612761,Toronto Raptors,1,4,47,Made Shot,Layup Shot,,Restricted Area,Center(C),Less Than 8 ft.,0,4,7,1,1,20211214,BKN,TOR,22100413104,|1627783|1627832|1629018|1629139|1630551,1,REG,,,2022,1630551,-1.0,SF,Helper,-0.61,Griffin 1' Layup (3 PTS) (Durant 3 AST),,,,BKN,1610612751.0,201142.0
Shot Chart Detail,22100413,110,0,Opponent,1610612761,Toronto Raptors,1,4,27,Made Shot,Pullup Jump shot,,Mid-Range,Right Side(R),8-16 ft.,9,91,-8,1,1,20211214,BKN,TOR,22100413110,|1627783|1627832|1629018|1629139|1630551,0,REG,,,2022,1629139,-2.0,SF,Helper,0.1,Durant 9' Pullup Jump Shot (6 PTS),,,,BKN,1610612751.0,
Shot Chart Detail,22100413,114,0,Opponent,1610612761,Toronto Raptors,1,4,3,Made Shot,Running Layup Shot,,Restricted Area,Center(C),Less Than 8 ft.,0,4,4,1,1,20211214,BKN,TOR,22100413114,|1627783|1627832|1629018|1629139|1630551,1,REG,,,2022,,,,,,,,,,BKN,1610612751.0,1630560.0
Shot Chart Detail,22100413,117,0,Opponent,1610612761,Toronto Raptors,1,3,42,Missed Shot,Pullup Jump shot,,Above the Break 3,Right Side Center(RC),24+ ft.,26,194,174,1,0,20211214,BKN,TOR,22100413117,|1627783|1627832|1629018|1629139|1630551,0,REG,,,2022,1627783,-2.0,PF,Helper,0.72,MISS Thomas 26' 3PT Pullup Jump Shot,,,,BKN,1610612751.0,
Shot Chart Detail,22100413,130,0,Opponent,1610612761,Toronto Raptors,1,3,3,Missed Shot,Alley Oop Layup shot,,Restricted Area,Center(C),Less Than 8 ft.,2,20,5,1,0,20211214,BKN,TOR,22100413130,|1627783|1627832|1629018|1629139|1630551,0,REG,,,2022,1627832,-4.0,PG,Point of Attack,0.9,MISS Claxton 2' Alley Oop Layup,,,,BKN,1610612751.0,
Shot Chart Detail,22100413,132,0,Opponent,1610612761,Toronto Raptors,1,3,0,Made Shot,Tip Layup Shot,,Restricted Area,Center(C),Less Than 8 ft.,0,0,0,1,1,20211214,BKN,TOR,22100413132,|1627783|1627832|1629018|1629139|1630551,0,REG,,,2022,1627832,-2.0,PG,Point of Attack,0.9,Claxton Tip Layup Shot (8 PTS),,,,BKN,1610612751.0,
Shot Chart Detail,22100413,145,0,Opponent,1610612761,Toronto Raptors,1,2,8,Missed Shot,Driving Layup Shot,,Restricted Area,Center(C),Less Than 8 ft.,2,-26,1,1,0,20211214,BKN,TOR,22100413145,|1629004|1629139|1630201|1630551|1630567,0,REG,,,2022,1630201,-4.0,PG,Point of Attack,-0.52,MISS Mills 3' Driving Layup,,,,BKN,1610612751.0,
Shot Chart Detail,22100413,152,0,Opponent,1610612761,Toronto Raptors,1,1,12,Made Shot,Step Back Jump shot,,Mid-Range,Right Side Center(RC),16-24 ft.,17,74,158,1,1,20211214,BKN,TOR,22100413152,|1629004|1629139|1630201|1630551|1630567,0,REG,,,2022,1629139,-4.0,SF,Helper,0.1,Thomas 17' Step Back Jump Shot (2 PTS),,,,BKN,1610612751.0,
Shot Chart Detail,22100413,155,0,Opponent,1610612761,Toronto Raptors,1,0,53,Made Shot,Running Jump Shot,,Above the Break 3,Right Side Center(RC),24+ ft.,26,219,146,1,1,20211214,BKN,TOR,22100413155,|1629004|1629139|1630201|1630551|1630567,1,REG,,,2022,1630551,-1.0,SF,Helper,-0.61,Edwards 26' 3PT Running Jump Shot (3 PTS) (Thomas 2 AST),,,,BKN,1610612751.0,1630560.0
Shot Chart Detail,22100413,159,0,Opponent,1610612761,Toronto Raptors,1,0,33,Made Shot,Running Dunk Shot,,Restricted Area,Center(C),Less Than 8 ft.,1,2,12,1,1,20211214,BKN,TOR,22100413159,|1629004|1629139|1630201|1630551|1630567,1,REG,,,2022,1630551|1630567,1.0,,,,,,,,BKN,1610612751.0,201142.0
Shot Chart Detail,22100413,163,0,Opponent,1610612761,Toronto Raptors,1,0,0,Missed Shot,Pullup Jump shot,,Mid-Range,Left Side Center(LC),16-24 ft.,18,-125,142,1,0,20211214,BKN,TOR,22100413163,|1629004|1629139|1630201|1630551|1630567,0,REG,,,2022,1630551,1.0,SF,Helper,-0.61,MISS Thomas 19' Pullup Jump Shot,,,,BKN,1610612751.0,
Shot Chart Detail,22100413,172,0,Opponent,1610612761,Toronto Raptors,2,11,38,Missed Shot,Driving Layup Shot,,In The Paint (Non-RA),Center(C),Less Than 8 ft.,4,16,39,1,0,20211214,BKN,TOR,22100413172,|1629004|1629139|1630201|1630551|1630567,0,REG,,,2022,1629139,1.0,SF,Helper,0.1,MISS Thomas 4' Driving Layup,,,,BKN,1610612751.0,
Shot Chart Detail,22100413,178,0,Opponent,1610612761,Toronto Raptors,2,11,23,Made Shot,Running Layup Shot,,Restricted Area,Center(C),Less Than 8 ft.,1,-4,11,1,1,20211214,BKN,TOR,22100413178,|1629004|1629139|1630201|1630551|1630567,0,REG,,,2022,1630551,3.0,SF,Helper,-0.61,Duke Jr. 1' Running Layup (8 PTS),,,,BKN,1610612751.0,
Shot Chart Detail,22100413,191,0,Opponent,1610612761,Toronto Raptors,2,10,42,Made Shot,Pullup Jump shot,,Above the Break 3,Right Side Center(RC),24+ ft.,27,136,235,1,1,20211214,BKN,TOR,22100413191,|1629004|1629139|1630201|1630551|1630567,1,REG,,,2022,1630567,6.0,PF,Helper,0.63,Edwards 27' 3PT Pullup Jump Shot (6 PTS) (Mills 2 AST),,,,BKN,1610612751.0,201988.0
Shot Chart Detail,22100413,210,0,Opponent,1610612761,Toronto Raptors,2,9,48,Made Shot,Driving Layup Shot,,Restricted Area,Center(C),Less Than 8 ft.,2,20,5,1,1,20211214,BKN,TOR,22100413210,|1628449|1629004|1630201|1630551|1630567,1,REG,,,2022,1628449,5.0,SF,Helper,0.4,Sharpe 2' Driving Layup (2 PTS) (Duke Jr. 1 AST),,,,BKN,1610612751.0,1630561.0
Shot Chart Detail,22100413,213,0,Opponent,1610612761,Toronto Raptors,2,9,30,Made Shot,Jump Shot,,Above the Break 3,Right Side Center(RC),24+ ft.,26,167,207,1,1,20211214,BKN,TOR,22100413213,|1628449|1629004|1630201|1630551|1630567,0,REG,,,2022,1629004,8.0,SF,Chaser,-0.31,Mills 27' 3PT Jump Shot (6 PTS),,,,BKN,1610612751.0,
Shot Chart Detail,22100413,227,0,Opponent,1610612761,Toronto Raptors,2,8,36,Missed Shot,Jump Shot,,Above the Break 3,Left Side Center(LC),24+ ft.,27,-109,254,1,0,20211214,BKN,TOR,22100413227,|1627783|1627832|1628449|1630201|1630567,0,REG,,,2022,1630201,8.0,PG,Point of Attack,-0.52,MISS Mills 28' 3PT Jump Shot,,,,BKN,1610612751.0,
Shot Chart Detail,22100413,236,0,Opponent,1610612761,Toronto Raptors,2,8,3,Missed Shot,Running Layup Shot,,In The Paint (Non-RA),Center(C),Less Than 8 ft.,4,42,5,1,0,20211214,BKN,TOR,22100413236,|1627783|1627832|1628449|1630201|1630567,0,REG,,,2022,1628449,6.0,SF,Helper,0.4,MISS Mills 4' Running Layup,,,,BKN,1610612751.0,
Shot Chart Detail,22100413,238,0,Opponent,1610612761,Toronto Raptors,2,7,57,Made Shot,Tip Layup Shot,,Restricted Area,Center(C),Less Than 8 ft.,0,0,0,1,1,20211214,BKN,TOR,22100413238,|1627783|1627832|1628449|1630201|1630567,0,REG,,,2022,1630201|1630567,8.0,,,,,,,,BKN,1610612751.0,
Shot Chart Detail,22100413,241,0,Opponent,1610612761,Toronto Raptors,2,7,44,Missed Shot,Running Layup Shot,,Restricted Area,Center(C),Less Than 8 ft.,2,-20,15,1,0,20211214,BKN,TOR,22100413241,|1627783|1627832|1628449|1630201|1630567,0,REG,,,2022,1630201|1630567,8.0,,,,,,,,BKN,1610612751.0,
Shot Chart Detail,22100413,243,0,Opponent,1610612761,Toronto Raptors,2,7,40,Missed Shot,Tip Layup Shot,,Restricted Area,Center(C),Less Than 8 ft.,0,0,0,1,0,20211214,BKN,TOR,22100413243,|1627783|1627832|1628449|1630201|1630567,0,REG,,,2022,1630201|1630567,8.0,,,,,,,,BKN,1610612751.0,
Shot Chart Detail,22100413,245,0,Opponent,1610612761,Toronto Raptors,2,7,38,Missed Shot,Jump Shot,,Above the Break 3,Left Side Center(LC),24+ ft.,27,-129,242,1,0,20211214,BKN,TOR,22100413245,|1627783|1627832|1628449|1630201|1630567,0,REG,,,2022,1627832,8.0,PG,Point of Attack,0.9,MISS Mills 27' 3PT Jump Shot,,,,BKN,1610612751.0,
Shot Chart Detail,22100413,247,0,Opponent,1610612761,Toronto Raptors,2,7,31,Missed Shot,Jump Shot,,Above the Break 3,Right Side Center(RC),24+ ft.,25,202,158,1,0,20211214,BKN,TOR,22100413247,|1627783|1627832|1628449|1630201|1630567,0,REG,,,2022,1630567,8.0,PF,Helper,0.63,MISS Thomas 26' 3PT Jump Shot,,,,BKN,1610612751.0,
Shot Chart Detail,22100413,251,0,Opponent,1610612761,Toronto Raptors,2,7,14,Missed Shot,Running Jump Shot,,Above the Break 3,Left Side Center(LC),24+ ft.,26,-185,185,1,0,20211214,BKN,TOR,22100413251,|1627783|1627832|1628449|1630201|1630567,0,REG,,,2022,1627783,8.0,PF,Helper,0.72,MISS Mills 26' 3PT Running Jump Shot,,,,BKN,1610612751.0,
Shot Chart Detail,22100413,261,0,Opponent,1610612761,Toronto Raptors,2,6,44,Missed Shot,Fadeaway Jump Shot,,Mid-Range,Right Side(R),8-16 ft.,10,108,-1,1,0,20211214,BKN,TOR,22100413261,|1627783|1627832|1628449|1629018|1630567,0,REG,,,2022,1627783,8.0,PF,Helper,0.72,MISS Durant 11' Fadeaway Jumper,,,,BKN,1610612751.0,
Shot Chart Detail,22100413,264,0,Opponent,1610612761,Toronto Raptors,2,6,33,Made Shot,Driving Layup Shot,,Restricted Area,Center(C),Less Than 8 ft.,1,-6,18,1,1,20211214,BKN,TOR,22100413264,|1627783|1627832|1628449|1629018|1630567,0,REG,,,2022,1627832,10.0,PG,Point of Attack,0.9,Thomas 2' Driving Layup (4 PTS),,,,BKN,1610612751.0,
Shot Chart Detail,22100413,267,0,Opponent,1610612761,Toronto Raptors,2,5,53,Missed Shot,Jump Shot,,Right Corner 3,Right Side(R),24+ ft.,23,229,34,1,0,20211214,BKN,TOR,22100413267,|1627783|1627832|1628449|1629018|1630567,0,REG,,,2022,1627783,10.0,PF,Helper,0.72,MISS Edwards 3PT Jump Shot,,,,BKN,1610612751.0,
Shot Chart Detail,22100413,279,0,Opponent,1610612761,Toronto Raptors,2,5,21,Missed Shot,Pullup Jump shot,,In The Paint (Non-RA),Center(C),Less Than 8 ft.,4,13,44,1,0,20211214,BKN,TOR,22100413279,|1627783|1627832|1629018|1629139|1630567,0,REG,,,2022,1627832|1630567|1629139,8.0,,,,,,,,BKN,1610612751.0,
Shot Chart Detail,22100413,295,0,Opponent,1610612761,Toronto Raptors,2,4,26,Made Shot,Alley Oop Layup shot,,Restricted Area,Center(C),Less Than 8 ft.,0,1,6,1,1,20211214,BKN,TOR,22100413295,|1627783|1627832|1629018|1629139|1630567,1,REG,,,2022,1629139,9.0,SF,Helper,0.1,Durant 1' Alley Oop Layup (10 PTS) (Thomas 3 AST),,,,BKN,1610612751.0,1630560.0
Shot Chart Detail,22100413,300,0,Opponent,1610612761,Toronto Raptors,2,3,54,Missed Shot,Pullup Jump shot,,Mid-Range,Left Side(L),16-24 ft.,17,-168,52,1,0,20211214,BKN,TOR,22100413300,|1627783|1627832|1629018|1629139|1630567,0,REG,,,2022,1627832,7.0,PG,Point of Attack,0.9,MISS Thomas 18' Pullup Jump Shot,,,,BKN,1610612751.0,
Shot Chart Detail,22100413,310,0,Opponent,1610612761,Toronto Raptors,2,3,8,Made Shot,Fadeaway Jump Shot,,In The Paint (Non-RA),Center(C),8-16 ft.,8,-33,83,1,1,20211214,BKN,TOR,22100413310,|1627783|1627832|1629018|1629139|1630567,0,REG,,,2022,1630567|1629139,7.0,,,,,,,,BKN,1610612751.0,
Shot Chart Detail,22100413,316,0,Opponent,1610612761,Toronto Raptors,2,2,35,Made Shot,Jump Shot,,Left Corner 3,Left Side(L),24+ ft.,23,-229,43,1,1,20211214,BKN,TOR,22100413316,|1627783|1627832|1629018|1629139|1630567,1,REG,,,2022,1629018,8.0,SG,Chaser,0.19,Mills 3PT Jump Shot (9 PTS) (Claxton 1 AST),,,,BKN,1610612751.0,1629651.0
Shot Chart Detail,22100413,329,0,Opponent,1610612761,Toronto Raptors,2,1,49,Missed Shot,Running Layup Shot,,Restricted Area,Center(C),Less Than 8 ft.,2,22,13,1,0,20211214,BKN,TOR,22100413329,|1627783|1627832|1629018|1629139|1630567,0,REG,,,2022,1629139,9.0,SF,Helper,0.1,MISS Durant 3' Running Layup,,,,BKN,1610612751.0,
Shot Chart Detail,22100413,332,0,Opponent,1610612761,Toronto Raptors,2,1,29,Missed Shot,Driving Layup Shot,,In The Paint (Non-RA),Center(C),Less Than 8 ft.,4,44,11,1,0,20211214,BKN,TOR,22100413332,|1627783|1627832|1629018|1629139|1630567,0,REG,,,2022,1630567|1629139,9.0,,,,,,,,BKN,1610612751.0,
Shot Chart Detail,22100413,338,0,Opponent,1610612761,Toronto Raptors,2,1,21,Made Shot,Turnaround Hook Shot,,Restricted Area,Center(C),Less Than 8 ft.,3,-11,32,1,1,20211214,BKN,TOR,22100413338,|1627832|1629018|1629139|1630551|1630567,1,REG,,,2022,1630567,11.0,PF,Helper,0.63,Claxton 3' Turnaround Hook Shot (12 PTS) (Durant 5 AST),,,,BKN,1610612751.0,201142.0
Shot Chart Detail,22100413,341,0,Opponent,1610612761,Toronto Raptors,2,0,56,Missed Shot,Pullup Jump shot,,Mid-Range,Right Side Center(RC),16-24 ft.,16,72,144,1,0,20211214,BKN,TOR,22100413341,|1627832|1629018|1629139|1630551|1630567,0,REG,,,2022,1630567|1629139,8.0,,,,,,,,BKN,1610612751.0,
Shot Chart Detail,22100413,345,0,Opponent,1610612761,Toronto Raptors,2,0,32,Missed Shot,Running Dunk Shot,,Restricted Area,Center(C),Less Than 8 ft.,2,23,1,1,0,20211214,BKN,TOR,22100413345,|1627832|1629018|1629139|1630551|1630567,0,REG,,,2022,1629018,8.0,SG,Chaser,0.19,MISS Edwards 2' Running Dunk,,,,BKN,1610612751.0,
Shot Chart Detail,22100413,347,0,Opponent,1610612761,Toronto Raptors,2,0,32,Made Shot,Putback Layup Shot,,Restricted Area,Center(C),Less Than 8 ft.,0,0,0,1,1,20211214,BKN,TOR,22100413347,|1627832|1629018|1629139|1630551|1630567,0,REG,,,2022,1629018,10.0,SG,Chaser,0.19,Edwards Putback Layup (8 PTS),,,,BKN,1610612751.0,
Shot Chart Detail,22100413,351,0,Opponent,1610612761,Toronto Raptors,2,0,11,Made Shot,Fadeaway Jump Shot,,In The Paint (Non-RA),Center(C),8-16 ft.,8,-37,76,1,1,20211214,BKN,TOR,22100413351,|1627832|1629018|1629139|1630551|1630567,0,REG,,,2022,1630567|1629139,13.0,,,,,,,,BKN,1610612751.0,
Shot Chart Detail,22100413,362,0,Opponent,1610612761,Toronto Raptors,3,11,40,Made Shot,Fadeaway Jump Shot,,In The Paint (Non-RA),Right Side(R),8-16 ft.,12,75,100,1,1,20211214,BKN,TOR,22100413362,|1627783|1627832|1628449|1629018|1630567,0,REG,,,2022,1627832,12.0,PG,Point of Attack,0.9,Mills 13' Fadeaway Jumper (11 PTS),,,,BKN,1610612751.0,
Shot Chart Detail,22100413,367,0,Opponent,1610612761,Toronto Raptors,3,10,58,Missed Shot,Floating Jump shot,,In The Paint (Non-RA),Right Side(R),8-16 ft.,8,74,43,1,0,20211214,BKN,TOR,22100413367,|1627783|1627832|1628449|1629018|1630567,0,REG,,,2022,1630567,10.0,PF,Helper,0.63,MISS Durant 9' Floating Jump Shot,,,,BKN,1610612751.0,
Shot Chart Detail,22100413,370,0,Opponent,1610612761,Toronto Raptors,3,10,38,Made Shot,Pullup Jump shot,,Above the Break 3,Center(C),24+ ft.,27,70,261,1,1,20211214,BKN,TOR,22100413370,|1627783|1627832|1628449|1629018|1630567,1,REG,,,2022,1627832,10.0,PG,Point of Attack,0.9,Griffin 27' 3PT Pullup Jump Shot (8 PTS) (Durant 6 AST),,,,BKN,1610612751.0,201142.0
Shot Chart Detail,22100413,374,0,Opponent,1610612761,Toronto Raptors,3,10,4,Missed Shot,Jump Shot,,Above the Break 3,Left Side Center(LC),24+ ft.,26,-162,215,1,0,20211214,BKN,TOR,22100413374,|1627783|1627832|1628449|1629018|1630567,0,REG,,,2022,1630567,7.0,PF,Helper,0.63,MISS Durant 27' 3PT Jump Shot,,,,BKN,1610612751.0,
Shot Chart Detail,22100413,386,0,Opponent,1610612761,Toronto Raptors,3,9,34,Missed Shot,Jump Shot,,Above the Break 3,Left Side Center(LC),24+ ft.,27,-212,168,1,0,20211214,BKN,TOR,22100413386,|1627783|1627832|1628449|1629018|1630567,0,REG,,,2022,1627832,5.0,PG,Point of Attack,0.9,MISS Mills 27' 3PT Jump Shot,,,,BKN,1610612751.0,
Shot Chart Detail,22100413,390,0,Opponent,1610612761,Toronto Raptors,3,9,14,Made Shot,Jump Shot,,Above the Break 3,Left Side Center(LC),24+ ft.,25,-164,199,1,1,20211214,BKN,TOR,22100413390,|1627783|1627832|1628449|1629018|1630567,1,REG,,,2022,1629018,8.0,SG,Chaser,0.19,Griffin 26' 3PT Jump Shot (11 PTS) (Edwards 1 AST),,,,BKN,1610612751.0,1630556.0
Shot Chart Detail,22100413,405,0,Opponent,1610612761,Toronto Raptors,3,8,14,Missed Shot,Jump Shot,,Above the Break 3,Right Side Center(RC),24+ ft.,25,138,209,1,0,20211214,BKN,TOR,22100413405,|1627783|1627832|1628449|1629018|1630567,0,REG,,,2022,1630567,4.0,PF,Helper,0.63,MISS Mills 25' 3PT Jump Shot,,,,BKN,1610612751.0,
Shot Chart Detail,22100413,407,0,Opponent,1610612761,Toronto Raptors,3,8,9,Made Shot,Putback Dunk Shot,,Restricted Area,Center(C),Less Than 8 ft.,0,1,-1,1,1,20211214,BKN,TOR,22100413407,|1627783|1627832|1628449|1629018|1630567,0,REG,,,2022,1628449,6.0,SF,Helper,0.4,Claxton Putback Dunk (14 PTS),,,,BKN,1610612751.0,
Shot Chart Detail,22100413,410,0,Opponent,1610612761,Toronto Raptors,3,7,23,Made Shot,Pullup Jump shot,,Above the Break 3,Center(C),24+ ft.,25,-2,252,1,1,20211214,BKN,TOR,22100413410,|1627783|1627832|1628449|1629018|1630567,1,REG,,,2022,1628449,9.0,SF,Helper,0.4,Durant 25' 3PT Pullup Jump Shot (18 PTS) (Griffin 2 AST),,,,BKN,1610612751.0,201933.0
Shot Chart Detail,22100413,414,0,Opponent,1610612761,Toronto Raptors,3,6,35,Made Shot,Driving Layup Shot,,Restricted Area,Center(C),Less Than 8 ft.,1,-11,5,1,1,20211214,BKN,TOR,22100413414,|1627783|1627832|1628449|1629018|1630567,0,REG,,,2022,1627832,8.0,PG,Point of Attack,0.9,Griffin 1' Driving Layup (13 PTS),,,,BKN,1610612751.0,
Shot Chart Detail,22100413,430,0,Opponent,1610612761,Toronto Raptors,3,5,39,Made Shot,Pullup Jump shot,,In The Paint (Non-RA),Right Side(R),8-16 ft.,8,80,-2,1,1,20211214,BKN,TOR,22100413430,|1627783|1627832|1628449|1629018|1630567,0,REG,,,2022,1630567,3.0,PF,Helper,0.63,Durant 8' Pullup Jump Shot (20 PTS),,,,BKN,1610612751.0,
Shot Chart Detail,22100413,433,0,Opponent,1610612761,Toronto Raptors,3,5,7,Missed Shot,Pullup Jump shot,,Mid-Range,Right Side(R),16-24 ft.,17,170,-18,1,0,20211214,BKN,TOR,22100413433,|1627783|1627832|1628449|1629018|1630567,0,REG,,,2022,1630567,1.0,PF,Helper,0.63,MISS Thomas 17' Pullup Jump Shot,,,,BKN,1610612751.0,
Shot Chart Detail,22100413,454,0,Opponent,1610612761,Toronto Raptors,3,3,59,Missed Shot,Driving Layup Shot,,Restricted Area,Center(C),Less Than 8 ft.,3,37,4,1,0,20211214,BKN,TOR,22100413454,|1627783|1627832|1628449|1629018|1630567,0,REG,,,2022,1630567,-4.0,PF,Helper,0.63,MISS Duke Jr. 4' Driving Layup,,,,BKN,1610612751.0,
Shot Chart Detail,22100413,458,0,Opponent,1610612761,Toronto Raptors,3,3,54,Missed Shot,Jump Shot,,Above the Break 3,Left Side Center(LC),24+ ft.,25,-153,198,1,0,20211214,BKN,TOR,22100413458,|1627783|1627832|1628449|1629018|1630567,0,REG,,,2022,1629018,-4.0,SG,Chaser,0.19,MISS Thomas 25' 3PT Jump Shot,,,,BKN,1610612751.0,
Shot Chart Detail,22100413,465,0,Opponent,1610612761,Toronto Raptors,3,3,18,Missed Shot,Driving Layup Shot,,In The Paint (Non-RA),Center(C),Less Than 8 ft.,4,-42,4,1,0,20211214,BKN,TOR,22100413465,|1627783|1627832|1628449|1629018|1629139,0,REG,,,2022,1627832,-6.0,PG,Point of Attack,0.9,MISS Duke Jr. 4' Driving Layup,,,,BKN,1610612751.0,
Shot Chart Detail,22100413,469,0,Opponent,1610612761,Toronto Raptors,3,2,57,Missed Shot,Jump Shot,,Above the Break 3,Left Side Center(LC),24+ ft.,25,-183,182,1,0,20211214,BKN,TOR,22100413469,|1627783|1627832|1628449|1629018|1629139,0,REG,,,2022,1628449,-8.0,SF,Helper,0.4,MISS Edwards 26' 3PT Jump Shot,,,,BKN,1610612751.0,
Shot Chart Detail,22100413,475,0,Opponent,1610612761,Toronto Raptors,3,2,28,Missed Shot,Jump Shot,,Above the Break 3,Center(C),24+ ft.,26,-5,262,1,0,20211214,BKN,TOR,22100413475,|1627783|1627832|1628449|1629018|1629139,0,REG,,,2022,1629139,-8.0,SF,Helper,0.1,MISS Thomas 26' 3PT Jump Shot,,,,BKN,1610612751.0,
Shot Chart Detail,22100413,485,0,Opponent,1610612761,Toronto Raptors,3,1,53,Made Shot,Jump Shot,,Right Corner 3,Right Side(R),24+ ft.,22,227,17,1,1,20211214,BKN,TOR,22100413485,|1627783|1627832|1628449|1629018|1629139,1,REG,,,2022,1629139,-7.0,SF,Helper,0.1,Durant 3PT Jump Shot (24 PTS) (Edwards 2 AST),,,,BKN,1610612751.0,1630556.0
Shot Chart Detail,22100413,489,0,Opponent,1610612761,Toronto Raptors,3,1,14,Made Shot,Cutting Layup Shot,,Restricted Area,Center(C),Less Than 8 ft.,1,11,-2,1,1,20211214,BKN,TOR,22100413489,|1627783|1627832|1628449|1629018|1629139,1,REG,,,2022,1628449,-7.0,SF,Helper,0.4,Sharpe 1' Cutting Layup Shot (7 PTS) (Durant 7 AST),,,,BKN,1610612751.0,201142.0
Shot Chart Detail,22100413,495,0,Opponent,1610612761,Toronto Raptors,3,0,17,Made Shot,Pullup Jump shot,,Mid-Range,Right Side Center(RC),16-24 ft.,17,112,129,1,1,20211214,BKN,TOR,22100413495,|1627783|1627832|1628449|1629018|1629139,0,REG,,,2022,1628449|1629139,-9.0,,,,,,,,BKN,1610612751.0,
Shot Chart Detail,22100413,510,0,Opponent,1610612761,Toronto Raptors,4,11,42,Made Shot,Running Layup Shot,,In The Paint (Non-RA),Center(C),Less Than 8 ft.,5,16,51,1,1,20211214,BKN,TOR,22100413510,|1627832|1628449|1629004|1629139|1630567,0,REG,,,2022,1629139,-7.0,SF,Helper,0.1,Edwards 5' Running Layup (10 PTS),,,,BKN,1610612751.0,
Shot Chart Detail,22100413,512,0,Opponent,1610612761,Toronto Raptors,4,11,7,Made Shot,Cutting Layup Shot,,Restricted Area,Center(C),Less Than 8 ft.,0,9,4,1,1,20211214,BKN,TOR,22100413512,|1627832|1628449|1629004|1629139|1630567,1,REG,,,2022,1630567,-7.0,PF,Helper,0.63,Claxton 1' Cutting Layup Shot (16 PTS) (Durant 8 AST),,,,BKN,1610612751.0,201142.0
Shot Chart Detail,22100413,516,0,Opponent,1610612761,Toronto Raptors,4,10,40,Missed Shot,Driving Layup Shot,,Restricted Area,Center(C),Less Than 8 ft.,0,0,-2,1,0,20211214,BKN,TOR,22100413516,|1627832|1628449|1629004|1629139|1630567,0,REG,,,2022,1628449|1629139,-7.0,,,,,,,,BKN,1610612751.0,
Shot Chart Detail,22100413,518,0,Opponent,1610612761,Toronto Raptors,4,10,36,Made Shot,Tip Layup Shot,,Restricted Area,Center(C),Less Than 8 ft.,0,0,0,1,1,20211214,BKN,TOR,22100413518,|1627832|1628449|1629004|1629139|1630567,0,REG,,,2022,1628449|1629139,-5.0,,,,,,,,BKN,1610612751.0,
Shot Chart Detail,22100413,533,0,Opponent,1610612761,Toronto Raptors,4,9,29,Missed Shot,Pullup Jump shot,,Mid-Range,Center(C),16-24 ft.,19,26,195,1,0,20211214,BKN,TOR,22100413533,|1627783|1627832|1629004|1629139|1630567,0,REG,,,2022,1630567,-6.0,PF,Helper,0.63,MISS Durant 20' Pullup Jump Shot,,,,BKN,1610612751.0,
Shot Chart Detail,22100413,536,0,Opponent,1610612761,Toronto Raptors,4,9,3,Made Shot,Turnaround Fadeaway shot,,In The Paint (Non-RA),Center(C),8-16 ft.,13,-60,124,1,1,20211214,BKN,TOR,22100413536,|1627783|1627832|1629004|1629139|1630567,0,REG,,,2022,1629004,-6.0,SF,Chaser,-0.31,Mills 14' Turnaround Fadeaway (13 PTS),,,,BKN,1610612751.0,
Shot Chart Detail,22100413,539,0,Opponent,1610612761,Toronto Raptors,4,8,39,Made Shot,Jump Shot,,Above the Break 3,Right Side Center(RC),24+ ft.,25,126,225,1,1,20211214,BKN,TOR,22100413539,|1627783|1627832|1629004|1629139|1630567,1,REG,,,2022,1627783,-3.0,PF,Helper,0.72,Edwards 26' 3PT Jump Shot (15 PTS) (Durant 9 AST),,,,BKN,1610612751.0,201142.0
Shot Chart Detail,22100413,548,0,Opponent,1610612761,Toronto Raptors,4,8,12,Made Shot,Jump Shot,,Mid-Range,Left Side(L),16-24 ft.,20,-206,-3,1,1,20211214,BKN,TOR,22100413548,|1627783|1627832|1629018|1629139|1630567,1,REG,,,2022,1630567,-2.0,PF,Helper,0.63,Edwards 21' Jump Shot (17 PTS) (Durant 10 AST),,,,BKN,1610612751.0,201142.0
Shot Chart Detail,22100413,562,0,Opponent,1610612761,Toronto Raptors,4,7,12,Made Shot,Jump Shot,,Above the Break 3,Left Side Center(LC),24+ ft.,26,-102,241,1,1,20211214,BKN,TOR,22100413562,|1627783|1627832|1629018|1629139|1630567,1,REG,,,2022,1629139,1.0,SF,Helper,0.1,Mills 26' 3PT Jump Shot (16 PTS) (Durant 11 AST),,,,BKN,1610612751.0,201142.0
Shot Chart Detail,22100413,569,0,Opponent,1610612761,Toronto Raptors,4,6,27,Made Shot,Jump Shot,,Above the Break 3,Left Side Center(LC),24+ ft.,26,-142,219,1,1,20211214,BKN,TOR,22100413569,|1627783|1627832|1629018|1629139|1630567,1,REG,,,2022,1630567,1.0,PF,Helper,0.63,Mills 26' 3PT Jump Shot (19 PTS) (Duke Jr. 2 AST),,,,BKN,1610612751.0,1630561.0
Shot Chart Detail,22100413,579,0,Opponent,1610612761,Toronto Raptors,4,5,27,Missed Shot,Step Back Jump shot,,Above the Break 3,Right Side Center(RC),24+ ft.,27,165,222,1,0,20211214,BKN,TOR,22100413579,|1627783|1627832|1629018|1629139|1630567,0,REG,,,2022,1627783,3.0,PF,Helper,0.72,MISS Durant 28' 3PT Step Back Jump Shot,,,,BKN,1610612751.0,
Shot Chart Detail,22100413,583,0,Opponent,1610612761,Toronto Raptors,4,4,52,Missed Shot,Jump Shot,,Above the Break 3,Center(C),24+ ft.,25,-71,247,1,0,20211214,BKN,TOR,22100413583,|1627783|1627832|1629018|1629139|1630567,0,REG,,,2022,1627832,3.0,PG,Point of Attack,0.9,MISS Mills 26' 3PT Jump Shot,,,,BKN,1610612751.0,
Shot Chart Detail,22100413,585,0,Opponent,1610612761,Toronto Raptors,4,4,48,Missed Shot,Jump Shot,,Above the Break 3,Left Side Center(LC),24+ ft.,25,-158,197,1,0,20211214,BKN,TOR,22100413585,|1627783|1627832|1629018|1629139|1630567,0,REG,,,2022,1627783,3.0,PF,Helper,0.72,MISS Durant 25' 3PT Jump Shot,,,,BKN,1610612751.0,
Shot Chart Detail,22100413,587,0,Opponent,1610612761,Toronto Raptors,4,4,43,Made Shot,Jump Shot,,Above the Break 3,Right Side Center(RC),24+ ft.,26,115,236,1,1,20211214,BKN,TOR,22100413587,|1627783|1627832|1629018|1629139|1630567,0,REG,,,2022,1627832,6.0,PG,Point of Attack,0.9,Mills 26' 3PT Jump Shot (24 PTS),,,,BKN,1610612751.0,
Shot Chart Detail,22100413,592,0,Opponent,1610612761,Toronto Raptors,4,3,56,Missed Shot,Pullup Jump shot,,Above the Break 3,Center(C),24+ ft.,27,-59,269,1,0,20211214,BKN,TOR,22100413592,|1627783|1627832|1629018|1629139|1630567,0,REG,,,2022,1629139,3.0,SF,Helper,0.1,MISS Durant 28' 3PT Pullup Jump Shot,,,,BKN,1610612751.0,
Shot Chart Detail,22100413,600,0,Opponent,1610612761,Toronto Raptors,4,3,33,Missed Shot,Jump Shot,,Left Corner 3,Left Side(L),24+ ft.,22,-228,0,1,0,20211214,BKN,TOR,22100413600,|1627783|1627832|1628449|1629018|1630567,0,REG,,,2022,1627783,3.0,PF,Helper,0.72,MISS Duke Jr. 3PT Jump Shot,,,,BKN,1610612751.0,
Shot Chart Detail,22100413,609,0,Opponent,1610612761,Toronto Raptors,4,2,56,Missed Shot,Jump Shot,,Left Corner 3,Left Side(L),24+ ft.,22,-222,1,1,0,20211214,BKN,TOR,22100413609,|1627783|1627832|1628449|1629018|1630567,0,REG,,,2022,1627832,3.0,PG,Point of Attack,0.9,MISS Edwards 3PT Jump Shot,,,,BKN,1610612751.0,
Shot Chart Detail,22100413,619,0,Opponent,1610612761,Toronto Raptors,4,1,54,Missed Shot,Jump Shot,,Above the Break 3,Left Side Center(LC),24+ ft.,26,-167,205,1,0,20211214,BKN,TOR,22100413619,|1627783|1627832|1628449|1629018|1630567,0,REG,,,2022,,,,,,,,,,BKN,1610612751.0,
Shot Chart Detail,22100413,623,0,Opponent,1610612761,Toronto Raptors,4,1,33,Missed Shot,Jump Shot,,Above the Break 3,Left Side Center(LC),24+ ft.,27,-157,230,1,0,20211214,BKN,TOR,22100413623,|1627783|1627832|1628449|1629018|1630567,0,REG,,,2022,1628449,0.0,SF,Helper,0.4,MISS Durant 28' 3PT Jump Shot,,,,BKN,1610612751.0,
Shot Chart Detail,22100413,625,0,Opponent,1610612761,Toronto Raptors,4,1,26,Missed Shot,Putback Layup Shot,,Restricted Area,Center(C),Less Than 8 ft.,0,0,0,1,0,20211214,BKN,TOR,22100413625,|1627783|1627832|1628449|1629018|1630567,0,REG,,,2022,1627832|1627783,0.0,,,,,,,,BKN,1610612751.0,
Shot Chart Detail,22100413,636,0,Opponent,1610612761,Toronto Raptors,4,0,52,Missed Shot,Jump Shot,,Above the Break 3,Right Side Center(RC),24+ ft.,26,201,176,1,0,20211214,BKN,TOR,22100413636,|1627783|1627832|1628449|1629018|1630567,0,REG,,,2022,,,,,,,,,,BKN,1610612751.0,
Shot Chart Detail,22100413,643,0,Opponent,1610612761,Toronto Raptors,4,0,13,Made Shot,Jump Shot,,Above the Break 3,Left Side Center(LC),24+ ft.,24,-213,126,1,1,20211214,BKN,TOR,22100413643,|1627783|1627832|1628449|1629018|1630567,1,REG,,,2022,1628449,0.0,SF,Helper,0.4,Mills 25' 3PT Jump Shot (27 PTS) (Griffin 3 AST),,,,BKN,1610612751.0,201933.0
Shot Chart Detail,22100413,655,0,Opponent,1610612761,Toronto Raptors,5,4,25,Missed Shot,Pullup Jump shot,,Mid-Range,Right Side(R),16-24 ft.,17,143,92,1,0,20211214,BKN,TOR,22100413655,|1627783|1627832|1628449|1629018|1630567,0,REG,,,2022,1628449|1630567,-2.0,,,,,,,,BKN,1610612751.0,
Shot Chart Detail,22100413,659,0,Opponent,1610612761,Toronto Raptors,5,4,1,Made Shot,Jump Shot,,Mid-Range,Right Side Center(RC),16-24 ft.,20,138,146,1,1,20211214,BKN,TOR,22100413659,|1627783|1627832|1628449|1629018|1630567,1,REG,,,2022,1629018,-2.0,SG,Chaser,0.19,Durant 20' Jump Shot (30 PTS) (Griffin 4 AST),,,,BKN,1610612751.0,201933.0
Shot Chart Detail,22100413,663,0,Opponent,1610612761,Toronto Raptors,5,3,33,Missed Shot,Driving Layup Shot,,Restricted Area,Center(C),Less Than 8 ft.,3,-33,13,1,0,20211214,BKN,TOR,22100413663,|1627783|1627832|1628449|1629018|1630567,0,REG,,,2022,1627783,-2.0,PF,Helper,0.72,MISS Mills 4' Driving Layup,,,,BKN,1610612751.0,
Shot Chart Detail,22100413,667,0,Opponent,1610612761,Toronto Raptors,5,3,31,Missed Shot,Jump Shot,,Left Corner 3,Left Side(L),24+ ft.,23,-232,53,1,0,20211214,BKN,TOR,22100413667,|1627783|1627832|1628449|1629018|1630567,0,REG,,,2022,1627783,-2.0,PF,Helper,0.72,MISS Mills 24' 3PT Jump Shot,,,,BKN,1610612751.0,
Shot Chart Detail,22100413,669,0,Opponent,1610612761,Toronto Raptors,5,3,24,Made Shot,Pullup Jump shot,,In The Paint (Non-RA),Center(C),8-16 ft.,12,58,110,1,1,20211214,BKN,TOR,22100413669,|1627783|1627832|1628449|1629018|1630567,1,REG,,,2022,1627832|1629018,0.0,,,,,,,,BKN,1610612751.0,1630561.0
Shot Chart Detail,22100413,674,0,Opponent,1610612761,Toronto Raptors,5,2,45,Made Shot,Pullup Jump shot,,Mid-Range,Right Side(R),16-24 ft.,17,142,96,1,1,20211214,BKN,TOR,22100413674,|1627783|1627832|1628449|1629018|1630567,1,REG,,,2022,1627783|1630567,2.0,,,,,,,,BKN,1610612751.0,201933.0
Shot Chart Detail,22100413,678,0,Opponent,1610612761,Toronto Raptors,5,2,8,Made Shot,Pullup Jump shot,,Mid-Range,Right Side(R),16-24 ft.,16,143,77,1,1,20211214,BKN,TOR,22100413678,|1627783|1627832|1628449|1629018|1630567,1,REG,,,2022,1630567,4.0,PF,Helper,0.63,Mills 16' Pullup Jump Shot (29 PTS) (Griffin 6 AST),,,,BKN,1610612751.0,201933.0
Shot Chart Detail,22100413,683,0,Opponent,1610612761,Toronto Raptors,5,1,41,Missed Shot,Jump Shot,,Above the Break 3,Left Side Center(LC),24+ ft.,26,-180,194,1,0,20211214,BKN,TOR,22100413683,|1627783|1627832|1628449|1629018|1630567,0,REG,,,2022,,,,,,,,,,BKN,1610612751.0,
Shot Chart Detail,22100413,689,0,Opponent,1610612761,Toronto Raptors,5,1,8,Missed Shot,Jump Shot,,Mid-Range,Left Side(L),8-16 ft.,15,-132,88,1,0,20211214,BKN,TOR,22100413689,|1627783|1627832|1628449|1629018|1630567,0,REG,,,2022,1630567,2.0,PF,Helper,0.63,MISS Durant 16' Jump Shot,,,,BKN,1610612751.0,
Shot Chart Detail,22100413,701,0,Opponent,1610612761,Toronto Raptors,5,0,14,Missed Shot,Fadeaway Jump Shot,,Mid-Range,Left Side Center(LC),16-24 ft.,17,-103,136,1,0,20211214,BKN,TOR,22100413701,|1627783|1627832|1628449|1629018|1630567,0,REG,,,2022,1630567,2.0,PF,Helper,0.63,MISS Durant 17' Fadeaway Jumper,,,,BKN,1610612751.0,
Shot Chart Detail,22100443,10,0,Opponent,1610612761,Toronto Raptors,1,11,11,Missed Shot,Pullup Jump shot,,Mid-Range,Left Side(L),16-24 ft.,16,-162,14,1,0,20211218,TOR,GSW,2210044310,|1627832|1628384|1628449|1629018|1630567,0,REG,,,2022,1628384,0.0,SF,Wing Stopper,1.03,MISS Kuminga 16' Pullup Jump Shot,,,,GSW,1610612744.0,
Shot Chart Detail,22100443,24,0,Opponent,1610612761,Toronto Raptors,1,9,55,Made Shot,Running Jump Shot,,Above the Break 3,Right Side Center(RC),24+ ft.,27,136,241,1,1,20211218,TOR,GSW,2210044324,|1627832|1628384|1628449|1629018|1630567,1,REG,,,2022,1630567,0.0,PF,Helper,0.63,Lee 28' 3PT Running Jump Shot (3 PTS) (Chiozza 1 AST),,,,GSW,1610612744.0,1629185.0
Shot Chart Detail,22100443,30,0,Opponent,1610612761,Toronto Raptors,1,9,22,Missed Shot,Driving Layup Shot,,In The Paint (Non-RA),Center(C),Less Than 8 ft.,5,-16,48,1,0,20211218,TOR,GSW,2210044330,|1627832|1628384|1628449|1629018|1630567,0,REG,,,2022,1627832,-2.0,PG,Point of Attack,0.9,VanVleet BLOCK (1 BLK),,,,GSW,1610612744.0,
Shot Chart Detail,22100443,35,0,Opponent,1610612761,Toronto Raptors,1,8,49,Made Shot,Turnaround Hook Shot,,In The Paint (Non-RA),Center(C),Less Than 8 ft.,6,13,61,1,1,20211218,TOR,GSW,2210044335,|1627832|1628384|1628449|1629018|1630567,1,REG,,,2022,1630567,-2.0,PF,Helper,0.63,Kuminga 6' Turnaround Hook Shot (2 PTS) (Toscano-Anderson 1 AST),,,,GSW,1610612744.0,1629308.0
Shot Chart Detail,22100443,38,0,Opponent,1610612761,Toronto Raptors,1,8,20,Made Shot,Driving Dunk Shot,,Restricted Area,Center(C),Less Than 8 ft.,1,4,11,1,1,20211218,TOR,GSW,2210044338,|1627832|1628384|1628449|1629018|1630567,1,REG,,,2022,1628449,-3.0,SF,Helper,0.4,Kuminga 1' Driving Dunk (4 PTS) (Looney 1 AST),,,,GSW,1610612744.0,1626172.0
Shot Chart Detail,22100443,47,0,Opponent,1610612761,Toronto Raptors,1,7,31,Missed Shot,Jump Shot,,Above the Break 3,Left Side Center(LC),24+ ft.,26,-100,247,1,0,20211218,TOR,GSW,2210044347,|1627832|1628384|1628449|1629018|1630567,0,REG,,,2022,1627832,-7.0,PG,Point of Attack,0.9,MISS Lee 27' 3PT Jump Shot,,,,GSW,1610612744.0,
Shot Chart Detail,22100443,54,0,Opponent,1610612761,Toronto Raptors,1,7,0,Missed Shot,Cutting Dunk Shot,,Restricted Area,Center(C),Less Than 8 ft.,1,-6,13,1,0,20211218,TOR,GSW,2210044354,|1627832|1628384|1628449|1629018|1630567,0,REG,,,2022,1627832,-9.0,PG,Point of Attack,0.9,MISS Kuminga 1' Cutting Dunk Shot,,,,GSW,1610612744.0,
Shot Chart Detail,22100443,58,0,Opponent,1610612761,Toronto Raptors,1,6,39,Missed Shot,Jump Shot,,Mid-Range,Center(C),16-24 ft.,20,12,206,1,0,20211218,TOR,GSW,2210044358,|1627832|1628384|1628449|1629018|1630567,0,REG,,,2022,1628449,-11.0,SF,Helper,0.4,MISS Looney 21' Jump Shot,,,,GSW,1610612744.0,
Shot Chart Detail,22100443,73,0,Opponent,1610612761,Toronto Raptors,1,5,37,Made Shot,Cutting Dunk Shot,,Restricted Area,Center(C),Less Than 8 ft.,1,4,19,1,1,20211218,TOR,GSW,2210044373,|1627832|1628384|1628449|1629018|1630567,1,REG,,,2022,1628449,-12.0,SF,Helper,0.4,Looney 2' Cutting Dunk Shot (2 PTS) (Dowtin 1 AST),,,,GSW,1610612744.0,1630288.0
Shot Chart Detail,22100443,77,0,Opponent,1610612761,Toronto Raptors,1,5,13,Missed Shot,Jump Shot,,Left Corner 3,Left Side(L),24+ ft.,23,-233,11,1,0,20211218,TOR,GSW,2210044377,|1627832|1628384|1628449|1629018|1630567,0,REG,,,2022,1627832,-12.0,PG,Point of Attack,0.9,MISS Payton II 3PT Jump Shot,,,,GSW,1610612744.0,
Shot Chart Detail,22100443,81,0,Opponent,1610612761,Toronto Raptors,1,4,52,Missed Shot,Jump Shot,,Above the Break 3,Left Side Center(LC),24+ ft.,26,-148,218,1,0,20211218,TOR,GSW,2210044381,|1627832|1628384|1628449|1629018|1630567,0,REG,,,2022,1630567,-14.0,PF,Helper,0.63,MISS Toscano-Anderson 26' 3PT Jump Shot,,,,GSW,1610612744.0,
Shot Chart Detail,22100443,83,0,Opponent,1610612761,Toronto Raptors,1,4,48,Missed Shot,Jump Shot,,Above the Break 3,Right Side Center(RC),24+ ft.,27,102,251,1,0,20211218,TOR,GSW,2210044383,|1627832|1628384|1628449|1629018|1630567,0,REG,,,2022,,,,,,,,,,GSW,1610612744.0,
Shot Chart Detail,22100443,100,0,Opponent,1610612761,Toronto Raptors,1,3,49,Made Shot,Driving Finger Roll Layup Shot,,In The Paint (Non-RA),Center(C),Less Than 8 ft.,5,29,43,1,1,20211218,TOR,GSW,22100443100,|1627832|1629018|1629139|1630173|1630567,0,REG,,,2022,1627832|1629139,-13.0,,,,,,,,GSW,1610612744.0,
Shot Chart Detail,22100443,103,0,Opponent,1610612761,Toronto Raptors,1,3,16,Missed Shot,Turnaround Fadeaway shot,,Mid-Range,Left Side(L),8-16 ft.,12,-123,15,1,0,20211218,TOR,GSW,22100443103,|1627832|1629018|1629139|1630173|1630567,0,REG,,,2022,1630173,-15.0,C,Mobile Big,0.24,MISS Looney 12' Turnaround Fadeaway Shot,,,,GSW,1610612744.0,
Shot Chart Detail,22100443,118,0,Opponent,1610612761,Toronto Raptors,1,2,15,Missed Shot,Jump Shot,,Right Corner 3,Right Side(R),24+ ft.,24,235,56,1,0,20211218,TOR,GSW,22100443118,|1629018|1629139|1630173|1630551|1630567,0,REG,,,2022,1630551,-15.0,SF,Helper,-0.61,MISS Dowtin 24' 3PT Jump Shot,,,,GSW,1610612744.0,
Shot Chart Detail,22100443,120,0,Opponent,1610612761,Toronto Raptors,1,2,10,Made Shot,Driving Floating Jump Shot,,Mid-Range,Right Side(R),8-16 ft.,10,102,32,1,1,20211218,TOR,GSW,22100443120,|1629018|1629139|1630173|1630551|1630567,0,REG,,,2022,1630551,-13.0,SF,Helper,-0.61,Dowtin 11' Driving Floating Jump Shot (2 PTS),,,,GSW,1610612744.0,
Shot Chart Detail,22100443,124,0,Opponent,1610612761,Toronto Raptors,1,1,28,Made Shot,Cutting Dunk Shot,,Restricted Area,Center(C),Less Than 8 ft.,1,0,14,1,1,20211218,TOR,GSW,22100443124,|1629018|1629139|1630173|1630551|1630567,1,REG,,,2022,1629139,-11.0,SF,Helper,0.1,Payton II 1' Cutting Dunk Shot (2 PTS) (Moody 1 AST),,,,GSW,1610612744.0,1630541.0
Shot Chart Detail,22100443,128,0,Opponent,1610612761,Toronto Raptors,1,0,54,Missed Shot,Jump Shot,,Above the Break 3,Left Side Center(LC),24+ ft.,26,-196,174,1,0,20211218,TOR,GSW,22100443128,|1629018|1629139|1630173|1630551|1630567,0,REG,,,2022,1630551,-11.0,SF,Helper,-0.61,MISS Moody 26' 3PT Jump Shot,,,,GSW,1610612744.0,
Shot Chart Detail,22100443,149,0,Opponent,1610612761,Toronto Raptors,1,0,0,Missed Shot,Driving Layup Shot,,In The Paint (Non-RA),Center(C),Less Than 8 ft.,5,17,55,1,0,20211218,TOR,GSW,22100443149,|1629004|1629139|1630173|1630551|1630567,0,REG,,,2022,1629139,-13.0,SF,Helper,0.1,MISS Bjelica 6' Driving Layup,,,,GSW,1610612744.0,
Shot Chart Detail,22100443,176,0,Opponent,1610612761,Toronto Raptors,2,10,31,Missed Shot,Driving Reverse Layup Shot,,Restricted Area,Center(C),Less Than 8 ft.,1,10,15,1,0,20211218,TOR,GSW,22100443176,|1627832|1628384|1629004|1629139|1630173,0,REG,,,2022,1630173,-14.0,C,Mobile Big,0.24,MISS Bjelica 2' Driving Reverse Layup,,,,GSW,1610612744.0,
Shot Chart Detail,22100443,178,0,Opponent,1610612761,Toronto Raptors,2,10,27,Missed Shot,Putback Layup Shot,,In The Paint (Non-RA),Center(C),Less Than 8 ft.,5,58,10,1,0,20211218,TOR,GSW,22100443178,|1627832|1628384|1629004|1629139|1630173,0,REG,,,2022,1630173,-14.0,C,Mobile Big,0.24,MISS Bjelica 6' Putback Layup,,,,GSW,1610612744.0,
Shot Chart Detail,22100443,181,0,Opponent,1610612761,Toronto Raptors,2,10,23,Made Shot,Tip Layup Shot,,Restricted Area,Center(C),Less Than 8 ft.,0,0,0,1,1,20211218,TOR,GSW,22100443181,|1627832|1628384|1629004|1629139|1630173,0,REG,,,2022,1630173|1629139,-12.0,,,,,,,,GSW,1610612744.0,
Shot Chart Detail,22100443,184,0,Opponent,1610612761,Toronto Raptors,2,10,3,Missed Shot,Running Layup Shot,,Restricted Area,Center(C),Less Than 8 ft.,2,-23,13,1,0,20211218,TOR,GSW,22100443184,|1627832|1628384|1629004|1629139|1630173,0,REG,,,2022,1630173,-12.0,C,Mobile Big,0.24,MISS Chiozza 3' Running Layup,,,,GSW,1610612744.0,
Shot Chart Detail,22100443,186,0,Opponent,1610612761,Toronto Raptors,2,10,0,Missed Shot,Tip Layup Shot,,Restricted Area,Center(C),Less Than 8 ft.,0,0,0,1,0,20211218,TOR,GSW,22100443186,|1627832|1628384|1629004|1629139|1630173,0,REG,,,2022,1627832|1628384,-12.0,,,,,,,,GSW,1610612744.0,
Shot Chart Detail,22100443,195,0,Opponent,1610612761,Toronto Raptors,2,9,36,Missed Shot,Jump Shot,,Right Corner 3,Right Side(R),24+ ft.,24,241,9,1,0,20211218,TOR,GSW,22100443195,|1627832|1628384|1628449|1629004|1629139,0,REG,,,2022,1629004,-13.0,SF,Chaser,-0.31,MISS Moody 24' 3PT Jump Shot,,,,GSW,1610612744.0,
Shot Chart Detail,22100443,199,0,Opponent,1610612761,Toronto Raptors,2,9,13,Missed Shot,Jump Shot,,Right Corner 3,Right Side(R),24+ ft.,25,238,80,1,0,20211218,TOR,GSW,22100443199,|1627832|1628384|1628449|1629004|1629139,0,REG,,,2022,1629139,-16.0,SF,Helper,0.1,MISS Payton II 25' 3PT Jump Shot,,,,GSW,1610612744.0,
Shot Chart Detail,22100443,209,0,Opponent,1610612761,Toronto Raptors,2,8,42,Missed Shot,Jump Shot,,Left Corner 3,Left Side(L),24+ ft.,23,-230,19,1,0,20211218,TOR,GSW,22100443209,|1627832|1628384|1628449|1629004|1630551,0,REG,,,2022,1627832,-18.0,PG,Point of Attack,0.9,MISS Chiozza 3PT Jump Shot,,,,GSW,1610612744.0,
Shot Chart Detail,22100443,213,0,Opponent,1610612761,Toronto Raptors,2,8,24,Made Shot,Jump Shot,,Above the Break 3,Left Side Center(LC),24+ ft.,25,-184,178,1,1,20211218,TOR,GSW,22100443213,|1627832|1628384|1628449|1629004|1630551,1,REG,,,2022,1627832,-15.0,PG,Point of Attack,0.9,Kuminga 26' 3PT Jump Shot (9 PTS) (Moody 2 AST),,,,GSW,1610612744.0,1630541.0
Shot Chart Detail,22100443,216,0,Opponent,1610612761,Toronto Raptors,2,7,48,Made Shot,Jump Shot,,Above the Break 3,Right Side Center(RC),24+ ft.,26,138,230,1,1,20211218,TOR,GSW,22100443216,|1627832|1628384|1628449|1629004|1630551,1,REG,,,2022,1628384,-15.0,SF,Wing Stopper,1.03,Moody 27' 3PT Jump Shot (4 PTS) (Chiozza 2 AST),,,,GSW,1610612744.0,1629185.0
Shot Chart Detail,22100443,219,0,Opponent,1610612761,Toronto Raptors,2,7,6,Missed Shot,Driving Floating Jump Shot,,In The Paint (Non-RA),Center(C),Less Than 8 ft.,7,51,59,1,0,20211218,TOR,GSW,22100443219,|1627832|1628384|1628449|1629004|1630551,0,REG,,,2022,1629004,-17.0,SF,Chaser,-0.31,MISS Lee 8' Driving Floating Jump Shot,,,,GSW,1610612744.0,
Shot Chart Detail,22100443,233,0,Opponent,1610612761,Toronto Raptors,2,6,27,Missed Shot,Jump Shot,,Above the Break 3,Right Side Center(RC),24+ ft.,29,208,205,1,0,20211218,TOR,GSW,22100443233,|1627832|1628449|1629004|1630551|1630567,0,REG,,,2022,1630551,-17.0,SF,Helper,-0.61,MISS Moody 29' 3PT Jump Shot,,,,GSW,1610612744.0,
Shot Chart Detail,22100443,243,0,Opponent,1610612761,Toronto Raptors,2,5,55,Made Shot,Cutting Dunk Shot,,Restricted Area,Center(C),Less Than 8 ft.,1,5,10,1,1,20211218,TOR,GSW,22100443243,|1627832|1628449|1629018|1630551|1630567,1,REG,,,2022,1627832,-18.0,PG,Point of Attack,0.9,Looney 1' Cutting Dunk Shot (4 PTS) (Kuminga 1 AST),,,,GSW,1610612744.0,1630228.0
Shot Chart Detail,22100443,247,0,Opponent,1610612761,Toronto Raptors,2,5,26,Missed Shot,Cutting Finger Roll Layup Shot,,Restricted Area,Center(C),Less Than 8 ft.,2,-12,16,1,0,20211218,TOR,GSW,22100443247,|1627832|1628449|1629018|1630551|1630567,0,REG,,,2022,1630567,-18.0,PF,Helper,0.63,MISS Looney 2' Cutting Finger Roll Layup Shot,,,,GSW,1610612744.0,
Shot Chart Detail,22100443,257,0,Opponent,1610612761,Toronto Raptors,2,4,37,Made Shot,Jump Shot,,Above the Break 3,Center(C),24+ ft.,24,27,248,1,1,20211218,TOR,GSW,22100443257,|1627832|1628449|1629018|1630551|1630567,1,REG,,,2022,1627832,-13.0,PG,Point of Attack,0.9,Kuminga 25' 3PT Jump Shot (12 PTS) (Looney 2 AST),,,,GSW,1610612744.0,1626172.0
Shot Chart Detail,22100443,269,0,Opponent,1610612761,Toronto Raptors,2,3,33,Missed Shot,Cutting Layup Shot,,Restricted Area,Center(C),Less Than 8 ft.,2,17,15,1,0,20211218,TOR,GSW,22100443269,|1627832|1628449|1629018|1630551|1630567,0,REG,,,2022,1630551,-15.0,SF,Helper,-0.61,MISS Toscano-Anderson 2' Cutting Layup Shot,,,,GSW,1610612744.0,
Shot Chart Detail,22100443,297,0,Opponent,1610612761,Toronto Raptors,2,1,49,Made Shot,Driving Hook Shot,,In The Paint (Non-RA),Center(C),Less Than 8 ft.,6,0,69,1,1,20211218,TOR,GSW,22100443297,|1627832|1628384|1628449|1629018|1630567,0,REG,,,2022,1628384,-18.0,SF,Wing Stopper,1.03,Bjelica 7' Driving Hook Shot (4 PTS),,,,GSW,1610612744.0,
Shot Chart Detail,22100443,305,0,Opponent,1610612761,Toronto Raptors,2,1,24,Missed Shot,Jump Shot,,Right Corner 3,Right Side(R),24+ ft.,24,240,20,1,0,20211218,TOR,GSW,22100443305,|1627832|1628384|1628449|1629018|1630567,0,REG,,,2022,1627832,-19.0,PG,Point of Attack,0.9,MISS Lee 24' 3PT Jump Shot,,,,GSW,1610612744.0,
Shot Chart Detail,22100443,307,0,Opponent,1610612761,Toronto Raptors,2,1,17,Made Shot,Dunk Shot,,Restricted Area,Center(C),Less Than 8 ft.,1,11,9,1,1,20211218,TOR,GSW,22100443307,|1627832|1628384|1628449|1629018|1630567,0,REG,,,2022,1630567,-17.0,PF,Helper,0.63,Looney 1' Dunk (10 PTS),,,,GSW,1610612744.0,
Shot Chart Detail,22100443,310,0,Opponent,1610612761,Toronto Raptors,2,0,50,Missed Shot,Jump Shot,,Right Corner 3,Right Side(R),24+ ft.,24,241,30,1,0,20211218,TOR,GSW,22100443310,|1627832|1628384|1628449|1629018|1630567,0,REG,,,2022,1629018,-20.0,SG,Chaser,0.19,MISS Lee 24' 3PT Jump Shot,,,,GSW,1610612744.0,
Shot Chart Detail,22100443,324,0,Opponent,1610612761,Toronto Raptors,2,0,20,Made Shot,Cutting Layup Shot,,Restricted Area,Center(C),Less Than 8 ft.,0,-4,5,1,1,20211218,TOR,GSW,22100443324,|1627832|1628449|1629018|1629139|1630567,1,REG,,,2022,1628449|1627832,-18.0,,,,,,,,GSW,1610612744.0,1629185.0
Shot Chart Detail,22100443,330,0,Opponent,1610612761,Toronto Raptors,2,0,0,Missed Shot,Step Back Jump shot,,Above the Break 3,Left Side Center(LC),24+ ft.,27,-161,220,1,0,20211218,TOR,GSW,22100443330,|1627832|1628449|1629018|1629139|1630567,0,REG,,,2022,1629018,-21.0,SG,Chaser,0.19,MISS Chiozza 27' 3PT Step Back Jump Shot,,,,GSW,1610612744.0,
Shot Chart Detail,22100443,338,0,Opponent,1610612761,Toronto Raptors,3,11,35,Missed Shot,Step Back Jump shot,,Right Corner 3,Right Side(R),24+ ft.,24,235,50,1,0,20211218,TOR,GSW,22100443338,|1627832|1628384|1628449|1629018|1630567,0,REG,,,2022,1628449,-21.0,SF,Helper,0.4,MISS Lee 24' 3PT Step Back Jump Shot,,,,GSW,1610612744.0,
Shot Chart Detail,22100443,340,0,Opponent,1610612761,Toronto Raptors,3,11,29,Made Shot,Reverse Layup Shot,,Restricted Area,Center(C),Less Than 8 ft.,2,-16,16,1,1,20211218,TOR,GSW,22100443340,|1627832|1628384|1628449|1629018|1630567,0,REG,,,2022,1630567,-19.0,PF,Helper,0.63,Toscano-Anderson 2' Reverse Layup (5 PTS),,,,GSW,1610612744.0,
Shot Chart Detail,22100443,343,0,Opponent,1610612761,Toronto Raptors,3,10,58,Missed Shot,Driving Floating Jump Shot,,In The Paint (Non-RA),Center(C),8-16 ft.,10,-28,100,1,0,20211218,TOR,GSW,22100443343,|1627832|1628384|1628449|1629018|1630567,0,REG,,,2022,1630567,-22.0,PF,Helper,0.63,Boucher BLOCK (1 BLK),,,,GSW,1610612744.0,
Shot Chart Detail,22100443,371,0,Opponent,1610612761,Toronto Raptors,3,9,7,Made Shot,Jump Shot,,Left Corner 3,Left Side(L),24+ ft.,23,-232,8,1,1,20211218,TOR,GSW,22100443371,|1627832|1628384|1628449|1629018|1630567,1,REG,,,2022,,,,,,,,,,GSW,1610612744.0,202357.0
Shot Chart Detail,22100443,381,0,Opponent,1610612761,Toronto Raptors,3,8,3,Made Shot,Running Dunk Shot,,Restricted Area,Center(C),Less Than 8 ft.,0,0,0,1,1,20211218,TOR,GSW,22100443381,|1627832|1628384|1628449|1629018|1630567,1,REG,,,2022,1628384,-22.0,SF,Wing Stopper,1.03,Kuminga Running Dunk (14 PTS) (Chiozza 4 AST),,,,GSW,1610612744.0,1629185.0
Shot Chart Detail,22100443,388,0,Opponent,1610612761,Toronto Raptors,3,7,39,Made Shot,Jump Shot,,Above the Break 3,Left Side Center(LC),24+ ft.,26,-169,204,1,1,20211218,TOR,GSW,22100443388,|1627832|1628384|1628449|1629018|1630567,1,REG,,,2022,1629018,-20.0,SG,Chaser,0.19,Bjelica 26' 3PT Jump Shot (8 PTS) (Chiozza 5 AST),,,,GSW,1610612744.0,1629185.0
Shot Chart Detail,22100443,393,0,Opponent,1610612761,Toronto Raptors,3,7,6,Made Shot,Dunk Shot,,Restricted Area,Center(C),Less Than 8 ft.,1,-2,11,1,1,20211218,TOR,GSW,22100443393,|1627832|1628384|1628449|1629018|1630567,1,REG,,,2022,1628449,-20.0,SF,Helper,0.4,Kuminga 1' Dunk (16 PTS) (Chiozza 6 AST),,,,GSW,1610612744.0,1629185.0
Shot Chart Detail,22100443,397,0,Opponent,1610612761,Toronto Raptors,3,6,42,Missed Shot,Jump Shot,,Above the Break 3,Left Side Center(LC),24+ ft.,29,-183,236,1,0,20211218,TOR,GSW,22100443397,|1627832|1628384|1628449|1629018|1630567,0,REG,,,2022,1630567,-20.0,PF,Helper,0.63,MISS Bjelica 30' 3PT Jump Shot,,,,GSW,1610612744.0,
Shot Chart Detail,22100443,401,0,Opponent,1610612761,Toronto Raptors,3,6,29,Made Shot,Driving Floating Jump Shot,,In The Paint (Non-RA),Center(C),8-16 ft.,9,9,97,1,1,20211218,TOR,GSW,22100443401,|1627832|1628384|1628449|1629018|1630567,1,REG,,,2022,1627832,-18.0,PG,Point of Attack,0.9,Lee 10' Driving Floating Jump Shot (7 PTS) (Looney 3 AST),,,,GSW,1610612744.0,1626172.0
Shot Chart Detail,22100443,405,0,Opponent,1610612761,Toronto Raptors,3,5,49,Missed Shot,Jump Shot,,Left Corner 3,Left Side(L),24+ ft.,23,-228,44,1,0,20211218,TOR,GSW,22100443405,|1627832|1628384|1628449|1629018|1630567,0,REG,,,2022,1627832,-21.0,PG,Point of Attack,0.9,MISS Kuminga 3PT Jump Shot,,,,GSW,1610612744.0,
Shot Chart Detail,22100443,415,0,Opponent,1610612761,Toronto Raptors,3,5,38,Made Shot,Driving Bank Hook Shot,,In The Paint (Non-RA),Center(C),Less Than 8 ft.,6,-13,65,1,1,20211218,TOR,GSW,22100443415,|1627832|1629018|1629139|1630173|1630567,0,REG,,,2022,1630567|1629139,-19.0,,,,,,,,GSW,1610612744.0,
Shot Chart Detail,22100443,418,0,Opponent,1610612761,Toronto Raptors,3,5,8,Made Shot,Layup Shot,,In The Paint (Non-RA),Center(C),Less Than 8 ft.,5,42,29,1,1,20211218,TOR,GSW,22100443418,|1627832|1629018|1629139|1630173|1630567,1,REG,,,2022,1630173,-17.0,C,Mobile Big,0.24,Looney 5' Layup (12 PTS) (Chiozza 7 AST),,,,GSW,1610612744.0,1629185.0
Shot Chart Detail,22100443,423,0,Opponent,1610612761,Toronto Raptors,3,4,25,Made Shot,Jump Shot,,Above the Break 3,Right Side Center(RC),24+ ft.,25,118,221,1,1,20211218,TOR,GSW,22100443423,|1627832|1629018|1629139|1630173|1630567,1,REG,,,2022,1630567,-16.0,PF,Helper,0.63,Moody 25' 3PT Jump Shot (7 PTS) (Bjelica 2 AST),,,,GSW,1610612744.0,202357.0
Shot Chart Detail,22100443,431,0,Opponent,1610612761,Toronto Raptors,3,3,58,Missed Shot,Jump Shot,,Right Corner 3,Right Side(R),24+ ft.,23,230,13,1,0,20211218,TOR,GSW,22100443431,|1627832|1629018|1629139|1630173|1630567,0,REG,,,2022,1627832,-18.0,PG,Point of Attack,0.9,MISS Moody 3PT Jump Shot,,,,GSW,1610612744.0,
Shot Chart Detail,22100443,435,0,Opponent,1610612761,Toronto Raptors,3,3,42,Missed Shot,Driving Floating Jump Shot,,Restricted Area,Center(C),Less Than 8 ft.,2,-20,22,1,0,20211218,TOR,GSW,22100443435,|1627832|1629018|1629139|1630173|1630567,0,REG,,,2022,1627832,-18.0,PG,Point of Attack,0.9,MISS Chiozza 3' Driving Floating Jump Shot,,,,GSW,1610612744.0,
Shot Chart Detail,22100443,439,0,Opponent,1610612761,Toronto Raptors,3,3,5,Made Shot,Driving Dunk Shot,,Restricted Area,Center(C),Less Than 8 ft.,0,9,0,1,1,20211218,TOR,GSW,22100443439,|1627832|1629018|1629139|1630173|1630567,0,REG,,,2022,1630173,-19.0,C,Mobile Big,0.24,Kuminga 1' Driving Dunk (18 PTS),,,,GSW,1610612744.0,
Shot Chart Detail,22100443,463,0,Opponent,1610612761,Toronto Raptors,3,1,42,Missed Shot,Running Reverse Layup Shot,,Restricted Area,Center(C),Less Than 8 ft.,1,13,11,1,0,20211218,TOR,GSW,22100443463,|1627832|1629139|1630173|1630201|1630567,0,REG,,,2022,1630567|1629139,-23.0,,,,,,,,GSW,1610612744.0,
Shot Chart Detail,22100443,467,0,Opponent,1610612761,Toronto Raptors,3,1,21,Missed Shot,Jump Shot,,Right Corner 3,Right Side(R),24+ ft.,23,235,15,1,0,20211218,TOR,GSW,22100443467,|1627832|1629139|1630173|1630201|1630567,0,REG,,,2022,1629139,-26.0,SF,Helper,0.1,MISS Moody 24' 3PT Jump Shot,,,,GSW,1610612744.0,
Shot Chart Detail,22100443,471,0,Opponent,1610612761,Toronto Raptors,3,0,45,Missed Shot,Jump Shot,,Left Corner 3,Left Side(L),24+ ft.,23,-230,6,1,0,20211218,TOR,GSW,22100443471,|1627832|1629139|1630173|1630201|1630567,0,REG,,,2022,1630173,-29.0,C,Mobile Big,0.24,MISS Payton II 3PT Jump Shot,,,,GSW,1610612744.0,
Shot Chart Detail,22100443,475,0,Opponent,1610612761,Toronto Raptors,3,0,27,Made Shot,Jump Shot,,Above the Break 3,Right Side Center(RC),24+ ft.,24,143,199,1,1,20211218,TOR,GSW,22100443475,|1627832|1629139|1630173|1630201|1630567,1,REG,,,2022,1629139,-26.0,SF,Helper,0.1,Kuminga 25' 3PT Jump Shot (21 PTS) (Payton II 1 AST),,,,GSW,1610612744.0,1627780.0
Shot Chart Detail,22100443,487,0,Opponent,1610612761,Toronto Raptors,3,0,0,Missed Shot,Floating Jump shot,,Backcourt,Back Court(BC),Back Court Shot,81,116,803,1,0,20211218,TOR,GSW,22100443487,|1627832|1629139|1630173|1630201|1630567,0,REG,,,2022,,,,,,,,,,GSW,1610612744.0,
Shot Chart Detail,22100443,497,0,Opponent,1610612761,Toronto Raptors,4,11,17,Made Shot,Layup Shot,,Restricted Area,Center(C),Less Than 8 ft.,1,-11,5,1,1,20211218,TOR,GSW,22100443497,|1628384|1629004|1629139|1630173|1630201,1,REG,,,2022,1630173,-25.0,C,Mobile Big,0.24,Payton II 1' Layup (4 PTS) (Toscano-Anderson 2 AST),,,,GSW,1610612744.0,1629308.0
Shot Chart Detail,22100443,515,0,Opponent,1610612761,Toronto Raptors,4,9,31,Made Shot,Cutting Layup Shot,,Restricted Area,Center(C),Less Than 8 ft.,1,11,8,1,1,20211218,TOR,GSW,22100443515,|1628384|1629004|1629139|1630173|1630201,1,REG,,,2022,1630173,-27.0,C,Mobile Big,0.24,Toscano-Anderson 1' Cutting Layup Shot (7 PTS) (Bjelica 3 AST),,,,GSW,1610612744.0,202357.0
Shot Chart Detail,22100443,519,0,Opponent,1610612761,Toronto Raptors,4,9,4,Missed Shot,Jump Shot,,Above the Break 3,Left Side Center(LC),24+ ft.,25,-173,190,1,0,20211218,TOR,GSW,22100443519,|1628384|1629004|1629139|1630173|1630201,0,REG,,,2022,1630173,-27.0,C,Mobile Big,0.24,MISS Toscano-Anderson 26' 3PT Jump Shot,,,,GSW,1610612744.0,
Shot Chart Detail,22100443,523,0,Opponent,1610612761,Toronto Raptors,4,8,48,Made Shot,Running Dunk Shot,,Restricted Area,Center(C),Less Than 8 ft.,0,-4,1,1,1,20211218,TOR,GSW,22100443523,|1628384|1629004|1629139|1630173|1630201,0,REG,,,2022,,,,,,,,,,GSW,1610612744.0,
Shot Chart Detail,22100443,531,0,Opponent,1610612761,Toronto Raptors,4,7,59,Missed Shot,Step Back Jump shot,,Above the Break 3,Left Side Center(LC),24+ ft.,29,-151,251,1,0,20211218,TOR,GSW,22100443531,|1628384|1629004|1629139|1630173|1630201,0,REG,,,2022,1629139,-25.0,SF,Helper,0.1,MISS Chiozza 29' 3PT Step Back Jump Shot,,,,GSW,1610612744.0,
Shot Chart Detail,22100443,539,0,Opponent,1610612761,Toronto Raptors,4,7,2,Made Shot,Driving Bank Hook Shot,,In The Paint (Non-RA),Center(C),Less Than 8 ft.,5,37,43,1,1,20211218,TOR,GSW,22100443539,|1628384|1629004|1629139|1630173|1630201,1,REG,,,2022,1630201,-25.0,PG,Point of Attack,-0.52,Payton II 6' Driving Bank Hook Shot (8 PTS) (Lee 1 AST),,,,GSW,1610612744.0,1627814.0
Shot Chart Detail,22100443,550,0,Opponent,1610612761,Toronto Raptors,4,6,30,Missed Shot,Floating Jump shot,,Above the Break 3,Left Side Center(LC),24+ ft.,27,-199,193,1,0,20211218,TOR,GSW,22100443550,|1628384|1629018|1630173|1630201|1630567,0,REG,,,2022,1628384,-27.0,SF,Wing Stopper,1.03,MISS Toscano-Anderson 28' 3PT Floating Jump Shot,,,,GSW,1610612744.0,
Shot Chart Detail,22100443,564,0,Opponent,1610612761,Toronto Raptors,4,5,41,Made Shot,Jump Shot,,Above the Break 3,Center(C),24+ ft.,27,-33,268,1,1,20211218,TOR,GSW,22100443564,|1628384|1629018|1630173|1630201|1630567,1,REG,,,2022,1629018,-25.0,SG,Chaser,0.19,Lee 27' 3PT Jump Shot (10 PTS) (Moody 3 AST),,,,GSW,1610612744.0,1630541.0
Shot Chart Detail,22100443,595,0,Opponent,1610612761,Toronto Raptors,4,4,6,Made Shot,Jump Shot,,Mid-Range,Left Side(L),16-24 ft.,20,-203,13,1,1,20211218,TOR,GSW,22100443595,|1629004|1629067|1630173|1630201|1630551,1,REG,,,2022,1630173,-28.0,C,Mobile Big,0.24,Lee 20' Jump Shot (12 PTS) (Kuminga 2 AST),,,,GSW,1610612744.0,1630228.0
Shot Chart Detail,22100443,614,0,Opponent,1610612761,Toronto Raptors,4,3,4,Made Shot,Jump Shot,,Above the Break 3,Center(C),24+ ft.,26,29,260,1,1,20211218,TOR,GSW,22100443614,|1629004|1629067|1630173|1630201|1630551,1,REG,,,2022,1629004,-27.0,SF,Chaser,-0.31,Payton II 26' 3PT Jump Shot (11 PTS) (Toscano-Anderson 3 AST),,,,GSW,1610612744.0,1629308.0
Shot Chart Detail,22100443,617,0,Opponent,1610612761,Toronto Raptors,4,2,24,Made Shot,Jump Shot,,Above the Break 3,Left Side Center(LC),24+ ft.,26,-192,181,1,1,20211218,TOR,GSW,22100443617,|1629004|1629067|1630173|1630201|1630551,1,REG,,,2022,1630173,-26.0,C,Mobile Big,0.24,Kuminga 26' 3PT Jump Shot (24 PTS) (Dowtin 2 AST),,,,GSW,1610612744.0,1630288.0
Shot Chart Detail,22100443,628,0,Opponent,1610612761,Toronto Raptors,4,1,57,Made Shot,Driving Hook Shot,,In The Paint (Non-RA),Center(C),Less Than 8 ft.,6,11,67,1,1,20211218,TOR,GSW,22100443628,|1629004|1629067|1629139|1630201|1630551,0,REG,,,2022,1629139,-23.0,SF,Helper,0.1,Toscano-Anderson 7' Driving Hook Shot (9 PTS),,,,GSW,1610612744.0,
Shot Chart Detail,22100443,641,0,Opponent,1610612761,Toronto Raptors,4,1,2,Missed Shot,Jump Shot,,Above the Break 3,Center(C),24+ ft.,27,-31,273,1,0,20211218,TOR,GSW,22100443641,|1629004|1629067|1629139|1630201|1630551,0,REG,,,2022,1629139,-24.0,SF,Helper,0.1,MISS Moody 27' 3PT Jump Shot,,,,GSW,1610612744.0,
Shot Chart Detail,22100443,645,0,Opponent,1610612761,Toronto Raptors,4,0,45,Missed Shot,Jump Shot,,Above the Break 3,Right Side Center(RC),24+ ft.,25,186,179,1,0,20211218,TOR,GSW,22100443645,|1629004|1629067|1629139|1630201|1630551,0,REG,,,2022,1630201,-24.0,PG,Point of Attack,-0.52,MISS Payton II 26' 3PT Jump Shot,,,,GSW,1610612744.0,
Shot Chart Detail,22100443,649,0,Opponent,1610612761,Toronto Raptors,4,0,33,Missed Shot,Driving Dunk Shot,,Restricted Area,Center(C),Less Than 8 ft.,2,6,20,1,0,20211218,TOR,GSW,22100443649,|1629004|1629067|1629139|1630201|1630551,0,REG,,,2022,1629139,-24.0,SF,Helper,0.1,Watanabe BLOCK (1 BLK),,,,GSW,1610612744.0,
Shot Chart Detail,22100443,652,0,Opponent,1610612761,Toronto Raptors,4,0,33,Made Shot,Putback Dunk Shot,,Restricted Area,Center(C),Less Than 8 ft.,1,5,12,1,1,20211218,TOR,GSW,22100443652,|1629004|1629067|1629139|1630201|1630551,0,REG,,,2022,1630551,-22.0,SF,Helper,-0.61,Moody 1' Putback Dunk (10 PTS),,,,GSW,1610612744.0,
Shot Chart Detail,22100443,658,0,Opponent,1610612761,Toronto Raptors,4,0,7,Made Shot,Cutting Dunk Shot,,Restricted Area,Center(C),Less Than 8 ft.,1,-1,10,1,1,20211218,TOR,GSW,22100443658,|1629004|1629067|1629139|1630201|1630551,1,REG,,,2022,,,,,,,,,,GSW,1610612744.0,1630288.0
Shot Chart Detail,22100494,9,0,Opponent,1610612761,Toronto Raptors,1,11,36,Made Shot,Jump Shot,,Left Corner 3,Left Side(L),24+ ft.,23,-230,41,1,1,20211226,CLE,TOR,221004949,|1628391|1628449|1629004|1629139|1630625,1,REG,,,2022,1628449,3.0,SF,Helper,0.4,Love 3PT Jump Shot (3 PTS) (Garland 1 AST),,,,CLE,1610612739.0,1629636.0
Shot Chart Detail,22100494,13,0,Opponent,1610612761,Toronto Raptors,1,11,6,Made Shot,Cutting Layup Shot,,Restricted Area,Center(C),Less Than 8 ft.,1,9,13,1,1,20211226,CLE,TOR,2210049413,|1628391|1628449|1629004|1629139|1630625,1,REG,,,2022,1630625,5.0,PG,Chaser,0.27,Wade 2' Cutting Layup Shot (2 PTS) (Garland 2 AST),,,,CLE,1610612739.0,1629636.0
Shot Chart Detail,22100494,17,0,Opponent,1610612761,Toronto Raptors,1,10,54,Missed Shot,Jump Shot,,Above the Break 3,Right Side Center(RC),24+ ft.,26,181,191,1,0,20211226,CLE,TOR,2210049417,|1628391|1628449|1629004|1629139|1630625,0,REG,,,2022,1629004,5.0,SF,Chaser,-0.31,MISS Markkanen 26' 3PT Jump Shot,,,,CLE,1610612739.0,
Shot Chart Detail,22100494,23,0,Opponent,1610612761,Toronto Raptors,1,10,14,Made Shot,Driving Layup Shot,,Restricted Area,Center(C),Less Than 8 ft.,1,4,15,1,1,20211226,CLE,TOR,2210049423,|1628391|1628449|1629004|1629139|1630625,0,REG,,,2022,1630625,5.0,PG,Chaser,0.27,Rubio 2' Driving Layup (2 PTS),,,,CLE,1610612739.0,
Shot Chart Detail,22100494,33,0,Opponent,1610612761,Toronto Raptors,1,9,35,Missed Shot,Jump Shot,,Above the Break 3,Left Side Center(LC),24+ ft.,26,-205,163,1,0,20211226,CLE,TOR,2210049433,|1628391|1628449|1629004|1629139|1630625,0,REG,,,2022,1628391,0.0,PF,Anchor Big,-0.28,MISS Love 26' 3PT Jump Shot,,,,CLE,1610612739.0,
Shot Chart Detail,22100494,39,0,Opponent,1610612761,Toronto Raptors,1,9,15,Made Shot,Jump Shot,,Left Corner 3,Left Side(L),24+ ft.,23,-234,33,1,1,20211226,CLE,TOR,2210049439,|1628391|1628449|1629004|1629139|1630625,1,REG,,,2022,1628449,1.0,SF,Helper,0.4,Wade 24' 3PT Jump Shot (5 PTS) (Rubio 1 AST),,,,CLE,1610612739.0,201937.0
Shot Chart Detail,22100494,47,0,Opponent,1610612761,Toronto Raptors,1,8,38,Missed Shot,Step Back Jump shot,,Above the Break 3,Center(C),24+ ft.,27,-74,263,1,0,20211226,CLE,TOR,2210049447,|1628391|1628449|1629004|1629139|1630625,0,REG,,,2022,1628391|1629004,-2.0,,,,,,,,CLE,1610612739.0,
Shot Chart Detail,22100494,57,0,Opponent,1610612761,Toronto Raptors,1,8,3,Made Shot,Fadeaway Jump Shot,,Mid-Range,Left Side(L),8-16 ft.,14,-100,109,1,1,20211226,CLE,TOR,2210049457,|1628391|1628449|1629004|1629139|1630625,1,REG,,,2022,1628391,0.0,PF,Anchor Big,-0.28,Wade 15' Fadeaway Jumper (7 PTS) (Rubio 2 AST),,,,CLE,1610612739.0,201937.0
Shot Chart Detail,22100494,61,0,Opponent,1610612761,Toronto Raptors,1,7,44,Missed Shot,Running Jump Shot,,Left Corner 3,Left Side(L),24+ ft.,23,-233,48,1,0,20211226,CLE,TOR,2210049461,|1628391|1628449|1629004|1629139|1630625,0,REG,,,2022,1629004,0.0,SF,Chaser,-0.31,MISS Rubio 24' 3PT Running Jump Shot,,,,CLE,1610612739.0,
Shot Chart Detail,22100494,64,0,Opponent,1610612761,Toronto Raptors,1,7,29,Missed Shot,Jump Shot,,Above the Break 3,Center(C),24+ ft.,33,-11,330,1,0,20211226,CLE,TOR,2210049464,|1628391|1628449|1629004|1629139|1630625,0,REG,,,2022,1630625,0.0,PG,Chaser,0.27,MISS Garland 33' 3PT Jump Shot,,,,CLE,1610612739.0,
Shot Chart Detail,22100494,73,0,Opponent,1610612761,Toronto Raptors,1,7,2,Missed Shot,Jump Shot,,Above the Break 3,Center(C),24+ ft.,25,5,257,1,0,20211226,CLE,TOR,2210049473,|1628391|1628449|1629004|1629139|1629682,0,REG,,,2022,1628449,0.0,SF,Helper,0.4,MISS Wade 26' 3PT Jump Shot,,,,CLE,1610612739.0,
Shot Chart Detail,22100494,83,0,Opponent,1610612761,Toronto Raptors,1,6,26,Made Shot,Jump Shot,,Right Corner 3,Right Side(R),24+ ft.,25,240,80,1,1,20211226,CLE,TOR,2210049483,|1628391|1628449|1629004|1629139|1629682,1,REG,,,2022,1629139,2.0,SF,Helper,0.1,Rubio 25' 3PT Jump Shot (5 PTS) (Markkanen 1 AST),,,,CLE,1610612739.0,1628374.0
Shot Chart Detail,22100494,86,0,Opponent,1610612761,Toronto Raptors,1,5,54,Missed Shot,Jump Shot,,Left Corner 3,Left Side(L),24+ ft.,23,-232,21,1,0,20211226,CLE,TOR,2210049486,|1628391|1628449|1629004|1629139|1629682,0,REG,,,2022,1628449,0.0,SF,Helper,0.4,MISS Wade 3PT Jump Shot,,,,CLE,1610612739.0,
Shot Chart Detail,22100494,93,0,Opponent,1610612761,Toronto Raptors,1,5,11,Missed Shot,Jump Shot,,Mid-Range,Left Side(L),8-16 ft.,15,-114,107,1,0,20211226,CLE,TOR,2210049493,|1628391|1628449|1629004|1629139|1629682,0,REG,,,2022,1628391,-4.0,PF,Anchor Big,-0.28,MISS Wade 16' Jump Shot,,,,CLE,1610612739.0,
Shot Chart Detail,22100494,102,0,Opponent,1610612761,Toronto Raptors,1,4,55,Made Shot,Driving Floating Jump Shot,,In The Paint (Non-RA),Left Side(L),8-16 ft.,11,-64,90,1,1,20211226,CLE,TOR,22100494102,|1628449|1629004|1629139|1629682|1629752,0,REG,,,2022,,,,,,,,,,CLE,1610612739.0,
Shot Chart Detail,22100494,114,0,Opponent,1610612761,Toronto Raptors,1,4,21,Made Shot,Pullup Jump shot,,Above the Break 3,Left Side Center(LC),24+ ft.,25,-186,179,1,1,20211226,CLE,TOR,22100494114,|1628449|1629139|1629682|1629752|1630625,1,REG,,,2022,1629752,0.0,PF,Helper,-0.52,Love 26' 3PT Pullup Jump Shot (6 PTS) (Anderson 1 AST),,,,CLE,1610612739.0,1626147.0
Shot Chart Detail,22100494,140,0,Opponent,1610612761,Toronto Raptors,1,3,8,Made Shot,Jump Shot,,Above the Break 3,Right Side Center(RC),24+ ft.,26,116,239,1,1,20211226,CLE,TOR,22100494140,|1629139|1629682|1629752|1630187|1630625,1,REG,,,2022,1629752,1.0,PF,Helper,-0.52,Love 27' 3PT Jump Shot (9 PTS) (Pangos 1 AST),,,,CLE,1610612739.0,1630698.0
Shot Chart Detail,22100494,150,0,Opponent,1610612761,Toronto Raptors,1,2,23,Made Shot,Jump Shot,,Left Corner 3,Left Side(L),24+ ft.,23,-234,34,1,1,20211226,CLE,TOR,22100494150,|1629139|1629682|1629752|1630187|1630625,1,REG,,,2022,1630187,0.0,C,Mobile Big,-0.4,Valentine 24' 3PT Jump Shot (3 PTS) (Love 1 AST),,,,CLE,1610612739.0,201567.0
Shot Chart Detail,22100494,154,0,Opponent,1610612761,Toronto Raptors,1,1,52,Missed Shot,Turnaround Fadeaway shot,,Mid-Range,Left Side Center(LC),16-24 ft.,19,-134,139,1,0,20211226,CLE,TOR,22100494154,|1629139|1629682|1629752|1630187|1630625,0,REG,,,2022,1630187,-2.0,C,Mobile Big,-0.4,MISS Love 19' Turnaround Fadeaway Shot,,,,CLE,1610612739.0,
Shot Chart Detail,22100494,163,0,Opponent,1610612761,Toronto Raptors,1,1,25,Missed Shot,Step Back Jump shot,,Above the Break 3,Right Side Center(RC),24+ ft.,26,129,230,1,0,20211226,CLE,TOR,22100494163,|1629004|1629682|1629752|1630187|1630625,0,REG,,,2022,1629752,-4.0,PF,Helper,-0.52,MISS Garland 26' 3PT Step Back Jump Shot,,,,CLE,1610612739.0,
Shot Chart Detail,22100494,170,0,Opponent,1610612761,Toronto Raptors,1,1,1,Made Shot,Jump Shot,,Above the Break 3,Left Side Center(LC),24+ ft.,26,-184,191,1,1,20211226,CLE,TOR,22100494170,|1629004|1629682|1629752|1630187|1630625,1,REG,,,2022,1630625,-2.0,PG,Chaser,0.27,Anderson 27' 3PT Jump Shot (3 PTS) (Pangos 2 AST),,,,CLE,1610612739.0,1630698.0
Shot Chart Detail,22100494,174,0,Opponent,1610612761,Toronto Raptors,1,0,45,Made Shot,Running Layup Shot,,Restricted Area,Center(C),Less Than 8 ft.,0,6,0,1,1,20211226,CLE,TOR,22100494174,|1629004|1629682|1629752|1630187|1630625,1,REG,,,2022,1629004,0.0,SF,Chaser,-0.31,Garland 1' Running Layup (5 PTS) (Pangos 3 AST),,,,CLE,1610612739.0,1630698.0
Shot Chart Detail,22100494,196,0,Opponent,1610612761,Toronto Raptors,2,11,48,Made Shot,Dunk Shot,,Restricted Area,Center(C),Less Than 8 ft.,1,4,11,1,1,20211226,CLE,TOR,22100494196,|1628449|1629004|1629682|1629752|1630625,1,REG,,,2022,1629004,3.0,SF,Chaser,-0.31,Markkanen 1' Dunk (2 PTS) (Garland 3 AST),,,,CLE,1610612739.0,1629636.0
Shot Chart Detail,22100494,199,0,Opponent,1610612761,Toronto Raptors,2,11,9,Made Shot,Pullup Jump shot,,In The Paint (Non-RA),Right Side(R),8-16 ft.,13,78,113,1,1,20211226,CLE,TOR,22100494199,|1628449|1629004|1629682|1629752|1630625,0,REG,,,2022,1628449,5.0,SF,Helper,0.4,Garland 14' Pullup Jump Shot (7 PTS),,,,CLE,1610612739.0,
Shot Chart Detail,22100494,202,0,Opponent,1610612761,Toronto Raptors,2,10,54,Missed Shot,Pullup Jump shot,,Above the Break 3,Left Side Center(LC),24+ ft.,31,-197,246,1,0,20211226,CLE,TOR,22100494202,|1628449|1629004|1629682|1629752|1630625,0,REG,,,2022,,,,,,,,,,CLE,1610612739.0,
Shot Chart Detail,22100494,204,0,Opponent,1610612761,Toronto Raptors,2,10,48,Made Shot,Fadeaway Jump Shot,,Mid-Range,Right Side(R),8-16 ft.,13,131,10,1,1,20211226,CLE,TOR,22100494204,|1628449|1629004|1629682|1629752|1630625,1,REG,,,2022,1630625,7.0,PG,Chaser,0.27,Markkanen 13' Fadeaway Jumper (4 PTS) (Valentine 1 AST),,,,CLE,1610612739.0,1627756.0
Shot Chart Detail,22100494,215,0,Opponent,1610612761,Toronto Raptors,2,10,22,Missed Shot,Jump Shot,,Above the Break 3,Left Side Center(LC),24+ ft.,29,-197,225,1,0,20211226,CLE,TOR,22100494215,|1628391|1628449|1629004|1629139|1630625,0,REG,,,2022,1630625,6.0,PG,Chaser,0.27,MISS Valentine 30' 3PT Jump Shot,,,,CLE,1610612739.0,
Shot Chart Detail,22100494,221,0,Opponent,1610612761,Toronto Raptors,2,9,51,Made Shot,Cutting Dunk Shot,,Restricted Area,Center(C),Less Than 8 ft.,0,5,5,1,1,20211226,CLE,TOR,22100494221,|1628391|1628449|1629004|1629139|1630625,1,REG,,,2022,1628391|1629139,6.0,,,,,,,,CLE,1610612739.0,1629636.0
Shot Chart Detail,22100494,228,0,Opponent,1610612761,Toronto Raptors,2,8,58,Missed Shot,Turnaround Jump Shot,,In The Paint (Non-RA),Center(C),Less Than 8 ft.,6,61,25,1,0,20211226,CLE,TOR,22100494228,|1628391|1628449|1629004|1629139|1630625,0,REG,,,2022,1628449,6.0,SF,Helper,0.4,MISS Markkanen 7' Turnaround Jump Shot,,,,CLE,1610612739.0,
Shot Chart Detail,22100494,234,0,Opponent,1610612761,Toronto Raptors,2,8,48,Missed Shot,Jump Shot,,In The Paint (Non-RA),Center(C),Less Than 8 ft.,5,-26,50,1,0,20211226,CLE,TOR,22100494234,|1628391|1628449|1629004|1629139|1630625,0,REG,,,2022,1628391,6.0,PF,Anchor Big,-0.28,MISS Rubio 6' Jump Shot,,,,CLE,1610612739.0,
Shot Chart Detail,22100494,236,0,Opponent,1610612761,Toronto Raptors,2,8,43,Made Shot,Tip Dunk Shot,,Restricted Area,Center(C),Less Than 8 ft.,0,0,0,1,1,20211226,CLE,TOR,22100494236,|1628391|1628449|1629004|1629139|1630625,0,REG,,,2022,1629139,8.0,SF,Helper,0.1,Markkanen Tip Dunk Shot (8 PTS),,,,CLE,1610612739.0,
Shot Chart Detail,22100494,241,0,Opponent,1610612761,Toronto Raptors,2,8,29,Made Shot,Jump Shot,,Above the Break 3,Left Side Center(LC),24+ ft.,31,-127,291,1,1,20211226,CLE,TOR,22100494241,|1628391|1628449|1629004|1629139|1630625,1,REG,,,2022,1630625,11.0,PG,Chaser,0.27,Markkanen 32' 3PT Jump Shot (11 PTS) (Anderson 2 AST),,,,CLE,1610612739.0,1626147.0
Shot Chart Detail,22100494,254,0,Opponent,1610612761,Toronto Raptors,2,8,0,Missed Shot,Jump Shot,,Right Corner 3,Right Side(R),24+ ft.,23,229,70,1,0,20211226,CLE,TOR,22100494254,|1628391|1628449|1629004|1629139|1629682,0,REG,,,2022,1628449,9.0,SF,Helper,0.4,MISS Rubio 24' 3PT Jump Shot,,,,CLE,1610612739.0,
Shot Chart Detail,22100494,258,0,Opponent,1610612761,Toronto Raptors,2,7,31,Made Shot,Pullup Jump shot,,Mid-Range,Center(C),16-24 ft.,19,-54,183,1,1,20211226,CLE,TOR,22100494258,|1628391|1628449|1629004|1629139|1629682,0,REG,,,2022,,,,,,,,,,CLE,1610612739.0,
Shot Chart Detail,22100494,261,0,Opponent,1610612761,Toronto Raptors,2,7,0,Made Shot,Floating Jump shot,,Mid-Range,Left Side(L),8-16 ft.,14,-99,100,1,1,20211226,CLE,TOR,22100494261,|1628391|1628449|1629004|1629139|1629682,1,REG,,,2022,1628449,8.0,SF,Helper,0.4,Garland 14' Floating Jump Shot (11 PTS) (Rubio 3 AST),,,,CLE,1610612739.0,201937.0
Shot Chart Detail,22100494,265,0,Opponent,1610612761,Toronto Raptors,2,6,46,Made Shot,Running Alley Oop Dunk Shot,,Restricted Area,Center(C),Less Than 8 ft.,1,2,12,1,1,20211226,CLE,TOR,22100494265,|1628391|1628449|1629004|1629139|1629682,1,REG,,,2022,1629004,10.0,SF,Chaser,-0.31,Wade 1' Running Alley Oop Dunk Shot (9 PTS) (Garland 5 AST),,,,CLE,1610612739.0,1629636.0
Shot Chart Detail,22100494,272,0,Opponent,1610612761,Toronto Raptors,2,6,5,Missed Shot,Driving Floating Jump Shot,,In The Paint (Non-RA),Center(C),8-16 ft.,9,47,85,1,0,20211226,CLE,TOR,22100494272,|1628391|1628449|1629004|1629139|1629682,0,REG,,,2022,1629139,8.0,SF,Helper,0.1,MISS Garland 10' Driving Floating Jump Shot,,,,CLE,1610612739.0,
Shot Chart Detail,22100494,276,0,Opponent,1610612761,Toronto Raptors,2,5,36,Missed Shot,Jump Shot,,Above the Break 3,Right Side Center(RC),24+ ft.,26,184,184,1,0,20211226,CLE,TOR,22100494276,|1628391|1628449|1629004|1629139|1629682,0,REG,,,2022,1628449,6.0,SF,Helper,0.4,MISS Love 26' 3PT Jump Shot,,,,CLE,1610612739.0,
Shot Chart Detail,22100494,286,0,Opponent,1610612761,Toronto Raptors,2,5,16,Made Shot,Driving Finger Roll Layup Shot,,Restricted Area,Center(C),Less Than 8 ft.,0,6,6,1,1,20211226,CLE,TOR,22100494286,|1628391|1628449|1629004|1629139|1629682,0,REG,,,2022,1629004,8.0,SF,Chaser,-0.31,Rubio 1' Driving Finger Roll Layup (7 PTS),,,,CLE,1610612739.0,
Shot Chart Detail,22100494,292,0,Opponent,1610612761,Toronto Raptors,2,4,36,Missed Shot,Layup Shot,,Restricted Area,Center(C),Less Than 8 ft.,1,9,5,1,0,20211226,CLE,TOR,22100494292,|1628391|1628449|1629004|1629139|1629682,0,REG,,,2022,1628449,8.0,SF,Helper,0.4,MISS Wade 1' Layup,,,,CLE,1610612739.0,
Shot Chart Detail,22100494,296,0,Opponent,1610612761,Toronto Raptors,2,4,25,Made Shot,Jump Shot,,Above the Break 3,Center(C),24+ ft.,30,16,305,1,1,20211226,CLE,TOR,22100494296,|1628391|1628449|1629004|1629139|1629682,1,REG,,,2022,1628391,11.0,PF,Anchor Big,-0.28,Love 31' 3PT Jump Shot (14 PTS) (Rubio 4 AST),,,,CLE,1610612739.0,201937.0
Shot Chart Detail,22100494,300,0,Opponent,1610612761,Toronto Raptors,2,3,59,Missed Shot,Driving Layup Shot,,Restricted Area,Center(C),Less Than 8 ft.,1,10,11,1,0,20211226,CLE,TOR,22100494300,|1628391|1628449|1629004|1629139|1629682,0,REG,,,2022,1629004,11.0,SF,Chaser,-0.31,MISS Rubio 1' Driving Layup,,,,CLE,1610612739.0,
Shot Chart Detail,22100494,315,0,Opponent,1610612761,Toronto Raptors,2,3,7,Missed Shot,Jump Shot,,Above the Break 3,Center(C),24+ ft.,32,-11,320,1,0,20211226,CLE,TOR,22100494315,|1628391|1629139|1629682|1629752|1630187,0,REG,,,2022,1629752,9.0,PF,Helper,-0.52,MISS Love 32' 3PT Jump Shot,,,,CLE,1610612739.0,
Shot Chart Detail,22100494,319,0,Opponent,1610612761,Toronto Raptors,2,2,50,Made Shot,Cutting Layup Shot,,Restricted Area,Center(C),Less Than 8 ft.,1,-7,13,1,1,20211226,CLE,TOR,22100494319,|1628391|1629139|1629682|1629752|1630187,1,REG,,,2022,1628391|1629752,11.0,,,,,,,,CLE,1610612739.0,1630698.0
Shot Chart Detail,22100494,333,0,Opponent,1610612761,Toronto Raptors,2,2,15,Missed Shot,Jump Shot,,Above the Break 3,Right Side Center(RC),24+ ft.,26,129,232,1,0,20211226,CLE,TOR,22100494333,|1628391|1629139|1629682|1629752|1630187,0,REG,,,2022,1629139,12.0,SF,Helper,0.1,MISS Garland 27' 3PT Jump Shot,,,,CLE,1610612739.0,
Shot Chart Detail,22100494,340,0,Opponent,1610612761,Toronto Raptors,2,1,41,Made Shot,Jump Shot,,Left Corner 3,Left Side(L),24+ ft.,23,-233,26,1,1,20211226,CLE,TOR,22100494340,|1628391|1629139|1629682|1629752|1630187,1,REG,,,2022,1629139,15.0,SF,Helper,0.1,Valentine 3PT Jump Shot (6 PTS) (Anderson 3 AST),,,,CLE,1610612739.0,1626147.0
Shot Chart Detail,22100494,344,0,Opponent,1610612761,Toronto Raptors,2,1,5,Missed Shot,Jump Shot,,Above the Break 3,Right Side Center(RC),24+ ft.,25,141,210,1,0,20211226,CLE,TOR,22100494344,|1628391|1629139|1629682|1629752|1630187,0,REG,,,2022,1629752,13.0,PF,Helper,-0.52,MISS Wade 25' 3PT Jump Shot,,,,CLE,1610612739.0,
Shot Chart Detail,22100494,347,0,Opponent,1610612761,Toronto Raptors,2,0,38,Missed Shot,Jump Shot,,Above the Break 3,Right Side Center(RC),24+ ft.,26,214,152,1,0,20211226,CLE,TOR,22100494347,|1628391|1629139|1629682|1629752|1630187,0,REG,,,2022,1629139,13.0,SF,Helper,0.1,MISS Valentine 26' 3PT Jump Shot,,,,CLE,1610612739.0,
Shot Chart Detail,22100494,349,0,Opponent,1610612761,Toronto Raptors,2,0,34,Made Shot,Tip Dunk Shot,,Restricted Area,Center(C),Less Than 8 ft.,0,0,0,1,1,20211226,CLE,TOR,22100494349,|1628391|1629139|1629682|1629752|1630187,0,REG,,,2022,,,,,,,,,,CLE,1610612739.0,
Shot Chart Detail,22100494,352,0,Opponent,1610612761,Toronto Raptors,2,0,8,Missed Shot,Driving Floating Bank Jump Shot,,Restricted Area,Center(C),Less Than 8 ft.,3,25,21,1,0,20211226,CLE,TOR,22100494352,|1628391|1629139|1629682|1629752|1630187,0,REG,,,2022,1630187|1629139,15.0,,,,,,,,CLE,1610612739.0,
Shot Chart Detail,22100494,364,0,Opponent,1610612761,Toronto Raptors,2,0,3,Made Shot,Driving Dunk Shot,,Restricted Area,Center(C),Less Than 8 ft.,2,0,25,1,1,20211226,CLE,TOR,22100494364,|1628391|1628449|1629004|1629139|1629682,0,REG,,,2022,1629004,17.0,SF,Chaser,-0.31,Valentine 3' Driving Dunk (8 PTS),,,,CLE,1610612739.0,
Shot Chart Detail,22100494,378,0,Opponent,1610612761,Toronto Raptors,3,11,43,Missed Shot,Layup Shot,,Restricted Area,Center(C),Less Than 8 ft.,1,4,13,1,0,20211226,CLE,TOR,22100494378,|1628391|1628449|1629004|1629139|1630625,0,REG,,,2022,1628391|1629139,17.0,,,,,,,,CLE,1610612739.0,
Shot Chart Detail,22100494,380,0,Opponent,1610612761,Toronto Raptors,3,11,37,Missed Shot,Jump Shot,,Above the Break 3,Center(C),24+ ft.,25,-11,258,1,0,20211226,CLE,TOR,22100494380,|1628391|1628449|1629004|1629139|1630625,0,REG,,,2022,,,,,,,,,,CLE,1610612739.0,
Shot Chart Detail,22100494,382,0,Opponent,1610612761,Toronto Raptors,3,11,28,Made Shot,Fadeaway Jump Shot,,Mid-Range,Right Side(R),8-16 ft.,14,121,78,1,1,20211226,CLE,TOR,22100494382,|1628391|1628449|1629004|1629139|1630625,0,REG,,,2022,1628391,19.0,PF,Anchor Big,-0.28,Love 14' Fadeaway Jumper (16 PTS),,,,CLE,1610612739.0,
Shot Chart Detail,22100494,385,0,Opponent,1610612761,Toronto Raptors,3,11,8,Made Shot,Jump Shot,,Above the Break 3,Right Side Center(RC),24+ ft.,26,181,188,1,1,20211226,CLE,TOR,22100494385,|1628391|1628449|1629004|1629139|1630625,1,REG,,,2022,,,,,,,,,,CLE,1610612739.0,1629636.0
Shot Chart Detail,22100494,389,0,Opponent,1610612761,Toronto Raptors,3,10,46,Missed Shot,Pullup Jump shot,,In The Paint (Non-RA),Center(C),8-16 ft.,13,-1,130,1,0,20211226,CLE,TOR,22100494389,|1628391|1628449|1629004|1629139|1630625,0,REG,,,2022,1630625,22.0,PG,Chaser,0.27,MISS Rubio 13' Pullup Jump Shot,,,,CLE,1610612739.0,
Shot Chart Detail,22100494,393,0,Opponent,1610612761,Toronto Raptors,3,10,21,Made Shot,Driving Layup Shot,,Restricted Area,Center(C),Less Than 8 ft.,1,-12,3,1,1,20211226,CLE,TOR,22100494393,|1628391|1628449|1629004|1629139|1630625,1,REG,,,2022,1629139,21.0,SF,Helper,0.1,Markkanen 1' Driving Layup (13 PTS) (Garland 7 AST),,,,CLE,1610612739.0,1629636.0
Shot Chart Detail,22100494,400,0,Opponent,1610612761,Toronto Raptors,3,9,51,Made Shot,Pullup Jump shot,,Above the Break 3,Left Side Center(LC),24+ ft.,24,-113,215,1,1,20211226,CLE,TOR,22100494400,|1628391|1628449|1629004|1629139|1630625,0,REG,,,2022,1629139,25.0,SF,Helper,0.1,Rubio 24' 3PT Pullup Jump Shot (12 PTS),,,,CLE,1610612739.0,
Shot Chart Detail,22100494,403,0,Opponent,1610612761,Toronto Raptors,3,9,32,Missed Shot,Jump Shot,,Above the Break 3,Left Side Center(LC),24+ ft.,25,-211,136,1,0,20211226,CLE,TOR,22100494403,|1628391|1628449|1629004|1629139|1630625,0,REG,,,2022,1630625,25.0,PG,Chaser,0.27,MISS Rubio 25' 3PT Jump Shot,,,,CLE,1610612739.0,
Shot Chart Detail,22100494,407,0,Opponent,1610612761,Toronto Raptors,3,9,16,Made Shot,Jump Shot,,Above the Break 3,Left Side Center(LC),24+ ft.,25,-141,213,1,1,20211226,CLE,TOR,22100494407,|1628391|1628449|1629004|1629139|1630625,1,REG,,,2022,1630625,28.0,PG,Chaser,0.27,Love 26' 3PT Jump Shot (22 PTS) (Rubio 5 AST),,,,CLE,1610612739.0,201937.0
Shot Chart Detail,22100494,413,0,Opponent,1610612761,Toronto Raptors,3,8,57,Made Shot,Dunk Shot,,Restricted Area,Center(C),Less Than 8 ft.,0,-1,-1,1,1,20211226,CLE,TOR,22100494413,|1628391|1628449|1629004|1629139|1630625,1,REG,,,2022,1628391,30.0,PF,Anchor Big,-0.28,Markkanen Dunk (16 PTS) (Garland 8 AST),,,,CLE,1610612739.0,1629636.0
Shot Chart Detail,22100494,417,0,Opponent,1610612761,Toronto Raptors,3,8,32,Made Shot,Turnaround Fadeaway shot,,In The Paint (Non-RA),Center(C),Less Than 8 ft.,6,-31,61,1,1,20211226,CLE,TOR,22100494417,|1628391|1628449|1629004|1629139|1630625,0,REG,,,2022,1630625,32.0,PG,Chaser,0.27,Rubio 7' Turnaround Fadeaway (14 PTS),,,,CLE,1610612739.0,
Shot Chart Detail,22100494,420,0,Opponent,1610612761,Toronto Raptors,3,7,55,Made Shot,Turnaround Fadeaway shot,,In The Paint (Non-RA),Center(C),8-16 ft.,12,6,120,1,1,20211226,CLE,TOR,22100494420,|1628391|1628449|1629004|1629139|1630625,0,REG,,,2022,1628449,34.0,SF,Helper,0.4,Wade 12' Turnaround Fadeaway (14 PTS),,,,CLE,1610612739.0,
Shot Chart Detail,22100494,430,0,Opponent,1610612761,Toronto Raptors,3,7,13,Made Shot,Cutting Layup Shot,,Restricted Area,Center(C),Less Than 8 ft.,0,-2,1,1,1,20211226,CLE,TOR,22100494430,|1628391|1628449|1629004|1629139|1630625,1,REG,,,2022,1629004,34.0,SF,Chaser,-0.31,Garland Cutting Layup Shot (13 PTS) (Rubio 6 AST),,,,CLE,1610612739.0,201937.0
Shot Chart Detail,22100494,434,0,Opponent,1610612761,Toronto Raptors,3,6,36,Made Shot,Jump Shot,,Left Corner 3,Left Side(L),24+ ft.,23,-233,-28,1,1,20211226,CLE,TOR,22100494434,|1628391|1628449|1629004|1629139|1630625,1,REG,,,2022,1628391,34.0,PF,Anchor Big,-0.28,Wade 3PT Jump Shot (17 PTS) (Love 2 AST),,,,CLE,1610612739.0,201567.0
Shot Chart Detail,22100494,438,0,Opponent,1610612761,Toronto Raptors,3,6,0,Made Shot,Driving Hook Shot,,In The Paint (Non-RA),Right Side(R),8-16 ft.,8,49,66,1,1,20211226,CLE,TOR,22100494438,|1628391|1628449|1629004|1629139|1630625,1,REG,,,2022,1628391,34.0,PF,Anchor Big,-0.28,Markkanen 8' Driving Hook Shot (18 PTS) (Wade 1 AST),,,,CLE,1610612739.0,1629731.0
Shot Chart Detail,22100494,442,0,Opponent,1610612761,Toronto Raptors,3,5,43,Missed Shot,Pullup Jump shot,,Above the Break 3,Left Side Center(LC),24+ ft.,24,-214,122,1,0,20211226,CLE,TOR,22100494442,|1628391|1628449|1629004|1629139|1630625,0,REG,,,2022,1630625,34.0,PG,Chaser,0.27,MISS Rubio 25' 3PT Pullup Jump Shot,,,,CLE,1610612739.0,
Shot Chart Detail,22100494,455,0,Opponent,1610612761,Toronto Raptors,3,5,14,Made Shot,Pullup Jump shot,,Mid-Range,Right Side(R),8-16 ft.,15,153,8,1,1,20211226,CLE,TOR,22100494455,|1628391|1629004|1629139|1629682|1629752,0,REG,,,2022,1629752,34.0,PF,Helper,-0.52,Rubio 15' Pullup Jump Shot (16 PTS),,,,CLE,1610612739.0,
Shot Chart Detail,22100494,458,0,Opponent,1610612761,Toronto Raptors,3,4,42,Missed Shot,Cutting Layup Shot,,Restricted Area,Center(C),Less Than 8 ft.,0,4,1,1,0,20211226,CLE,TOR,22100494458,|1628391|1629004|1629139|1629682|1629752,0,REG,,,2022,1629004,34.0,SF,Chaser,-0.31,MISS Valentine Cutting Layup Shot,,,,CLE,1610612739.0,
Shot Chart Detail,22100494,460,0,Opponent,1610612761,Toronto Raptors,3,4,34,Made Shot,Putback Layup Shot,,Restricted Area,Center(C),Less Than 8 ft.,0,0,0,1,1,20211226,CLE,TOR,22100494460,|1628391|1629004|1629139|1629682|1629752,0,REG,,,2022,1628391,36.0,PF,Anchor Big,-0.28,Markkanen Putback Layup (20 PTS),,,,CLE,1610612739.0,
Shot Chart Detail,22100494,463,0,Opponent,1610612761,Toronto Raptors,3,4,9,Missed Shot,Jump Shot,,Restricted Area,Center(C),Less Than 8 ft.,2,-11,22,1,0,20211226,CLE,TOR,22100494463,|1628391|1629004|1629139|1629682|1629752,0,REG,,,2022,1628391,34.0,PF,Anchor Big,-0.28,MISS Markkanen 2' Jump Shot,,,,CLE,1610612739.0,
Shot Chart Detail,22100494,471,0,Opponent,1610612761,Toronto Raptors,3,3,33,Made Shot,Jump Shot,,Above the Break 3,Left Side Center(LC),24+ ft.,23,-218,95,1,1,20211226,CLE,TOR,22100494471,|1628391|1629004|1629139|1629682|1629752,1,REG,,,2022,1628391,35.0,PF,Anchor Big,-0.28,Pangos 24' 3PT Jump Shot (3 PTS) (Wade 2 AST),,,,CLE,1610612739.0,1629731.0
Shot Chart Detail,22100494,486,0,Opponent,1610612761,Toronto Raptors,3,3,3,Missed Shot,Jump Shot,,Above the Break 3,Left Side Center(LC),24+ ft.,25,-225,110,1,0,20211226,CLE,TOR,22100494486,|1629004|1629139|1629682|1629752|1630187,0,REG,,,2022,,,,,,,,,,CLE,1610612739.0,
Shot Chart Detail,22100494,489,0,Opponent,1610612761,Toronto Raptors,3,2,30,Missed Shot,Step Back Jump shot,,Above the Break 3,Right Side Center(RC),24+ ft.,25,86,236,1,0,20211226,CLE,TOR,22100494489,|1629004|1629139|1629682|1629752|1630187,0,REG,,,2022,1629139,31.0,SF,Helper,0.1,MISS Garland 25' 3PT Step Back Jump Shot,,,,CLE,1610612739.0,
Shot Chart Detail,22100494,491,0,Opponent,1610612761,Toronto Raptors,3,2,26,Missed Shot,Jump Shot,,Above the Break 3,Right Side Center(RC),24+ ft.,26,219,156,1,0,20211226,CLE,TOR,22100494491,|1629004|1629139|1629682|1629752|1630187,0,REG,,,2022,1629004,31.0,SF,Chaser,-0.31,MISS Anderson 27' 3PT Jump Shot,,,,CLE,1610612739.0,
Shot Chart Detail,22100494,493,0,Opponent,1610612761,Toronto Raptors,3,2,15,Missed Shot,Jump Shot,,Above the Break 3,Left Side Center(LC),24+ ft.,25,-228,119,1,0,20211226,CLE,TOR,22100494493,|1629004|1629139|1629682|1629752|1630187,0,REG,,,2022,1629004,31.0,SF,Chaser,-0.31,MISS Pangos 26' 3PT Jump Shot,,,,CLE,1610612739.0,
Shot Chart Detail,22100494,496,0,Opponent,1610612761,Toronto Raptors,3,1,56,Made Shot,Jump Shot,,Above the Break 3,Center(C),24+ ft.,33,-5,331,1,1,20211226,CLE,TOR,22100494496,|1629004|1629139|1629682|1629752|1630187,1,REG,,,2022,1630187,34.0,C,Mobile Big,-0.4,Garland 33' 3PT Jump Shot (16 PTS) (Anderson 4 AST),,,,CLE,1610612739.0,1626147.0
Shot Chart Detail,22100494,500,0,Opponent,1610612761,Toronto Raptors,3,1,34,Made Shot,Jump Shot,,Above the Break 3,Left Side Center(LC),24+ ft.,25,-224,127,1,1,20211226,CLE,TOR,22100494500,|1629004|1629139|1629682|1629752|1630187,1,REG,,,2022,1629004,34.0,SF,Chaser,-0.31,Garland 26' 3PT Jump Shot (19 PTS) (Pangos 5 AST),,,,CLE,1610612739.0,1630698.0
Shot Chart Detail,22100494,506,0,Opponent,1610612761,Toronto Raptors,3,0,55,Made Shot,Jump Shot,,Above the Break 3,Left Side Center(LC),24+ ft.,24,-183,166,1,1,20211226,CLE,TOR,22100494506,|1629004|1629139|1629682|1629752|1630187,1,REG,,,2022,1630187,37.0,C,Mobile Big,-0.4,Garland 25' 3PT Jump Shot (22 PTS) (Fall 1 AST),,,,CLE,1610612739.0,1629605.0
Shot Chart Detail,22100494,512,0,Opponent,1610612761,Toronto Raptors,3,0,19,Made Shot,Jump Shot,,Right Corner 3,Right Side(R),24+ ft.,23,230,0,1,1,20211226,CLE,TOR,22100494512,|1629004|1629139|1629682|1629752|1630187,0,REG,,,2022,1629752,40.0,PF,Helper,-0.52,Valentine 3PT Jump Shot (11 PTS),,,,CLE,1610612739.0,
Shot Chart Detail,22100494,531,0,Opponent,1610612761,Toronto Raptors,4,11,15,Missed Shot,Step Back Jump shot,,Mid-Range,Center(C),8-16 ft.,15,-58,140,1,0,20211226,CLE,TOR,22100494531,|1628449|1629682|1629752|1630187|1630625,0,REG,,,2022,1628449,38.0,SF,Helper,0.4,MISS Nembhard Jr. 15' Step Back Jump Shot,,,,CLE,1610612739.0,
Shot Chart Detail,22100494,539,0,Opponent,1610612761,Toronto Raptors,4,10,40,Missed Shot,Jump Shot,,Above the Break 3,Right Side Center(RC),24+ ft.,25,150,209,1,0,20211226,CLE,TOR,22100494539,|1628449|1629682|1629752|1630187|1630625,0,REG,,,2022,1628449,37.0,SF,Helper,0.4,MISS Pangos 26' 3PT Jump Shot,,,,CLE,1610612739.0,
Shot Chart Detail,22100494,548,0,Opponent,1610612761,Toronto Raptors,4,10,4,Made Shot,Jump Shot,,Left Corner 3,Left Side(L),24+ ft.,23,-234,32,1,1,20211226,CLE,TOR,22100494548,|1628449|1629682|1629752|1630187|1630625,1,REG,,,2022,1630187,41.0,C,Mobile Big,-0.4,Valentine 24' 3PT Jump Shot (14 PTS) (Nembhard Jr. 1 AST),,,,CLE,1610612739.0,1630612.0
Shot Chart Detail,22100494,552,0,Opponent,1610612761,Toronto Raptors,4,9,40,Made Shot,Jump Shot,,Above the Break 3,Right Side Center(RC),24+ ft.,25,227,119,1,1,20211226,CLE,TOR,22100494552,|1628449|1629682|1629752|1630187|1630625,1,REG,,,2022,,,,,,,,,,CLE,1610612739.0,1630612.0
Shot Chart Detail,22100494,556,0,Opponent,1610612761,Toronto Raptors,4,9,25,Made Shot,Cutting Layup Shot,,Restricted Area,Center(C),Less Than 8 ft.,1,-5,-10,1,1,20211226,CLE,TOR,22100494556,|1628449|1629682|1629752|1630187|1630625,1,REG,,,2022,,,,,,,,,,CLE,1610612739.0,1630612.0
Shot Chart Detail,22100494,562,0,Opponent,1610612761,Toronto Raptors,4,8,52,Made Shot,Driving Layup Shot,,Restricted Area,Center(C),Less Than 8 ft.,1,-11,1,1,1,20211226,CLE,TOR,22100494562,|1628449|1629682|1629752|1630187|1630625,0,REG,,,2022,,,,,,,,,,CLE,1610612739.0,
Shot Chart Detail,22100494,570,0,Opponent,1610612761,Toronto Raptors,4,7,39,Missed Shot,Jump Shot,,Right Corner 3,Right Side(R),24+ ft.,25,237,83,1,0,20211226,CLE,TOR,22100494570,|1628449|1629682|1629752|1630187|1630625,0,REG,,,2022,1629752,43.0,PF,Helper,-0.52,MISS Scott 25' 3PT Jump Shot,,,,CLE,1610612739.0,
Shot Chart Detail,22100494,582,0,Opponent,1610612761,Toronto Raptors,4,7,17,Missed Shot,Jump Shot,,Left Corner 3,Left Side(L),24+ ft.,22,-223,14,1,0,20211226,CLE,TOR,22100494582,|1628391|1629004|1629682|1629752|1630187,0,REG,,,2022,1629752,43.0,PF,Helper,-0.52,MISS Anderson 3PT Jump Shot,,,,CLE,1610612739.0,
Shot Chart Detail,22100494,588,0,Opponent,1610612761,Toronto Raptors,4,6,53,Missed Shot,Layup Shot,,Restricted Area,Center(C),Less Than 8 ft.,0,1,6,1,0,20211226,CLE,TOR,22100494588,|1628391|1629004|1629682|1629752|1630187,0,REG,,,2022,,,,,,,,,,CLE,1610612739.0,
Shot Chart Detail,22100494,590,0,Opponent,1610612761,Toronto Raptors,4,6,43,Missed Shot,Layup Shot,,Restricted Area,Center(C),Less Than 8 ft.,2,-1,25,1,0,20211226,CLE,TOR,22100494590,|1628391|1629004|1629682|1629752|1630187,0,REG,,,2022,1629004,41.0,SF,Chaser,-0.31,MISS Scott 3' Layup,,,,CLE,1610612739.0,
Shot Chart Detail,22100494,594,0,Opponent,1610612761,Toronto Raptors,4,6,20,Missed Shot,Jump Shot,,Above the Break 3,Center(C),24+ ft.,26,15,262,1,0,20211226,CLE,TOR,22100494594,|1628391|1629004|1629682|1629752|1630187,0,REG,,,2022,1629752,41.0,PF,Helper,-0.52,MISS Valentine 26' 3PT Jump Shot,,,,CLE,1610612739.0,
Shot Chart Detail,22100494,602,0,Opponent,1610612761,Toronto Raptors,4,5,46,Made Shot,Jump Shot,,Above the Break 3,Right Side Center(RC),24+ ft.,31,120,294,1,1,20211226,CLE,TOR,22100494602,|1628391|1629004|1629682|1629752|1630187,1,REG,,,2022,1630187,42.0,C,Mobile Big,-0.4,Valentine 32' 3PT Jump Shot (17 PTS) (Nembhard Jr. 4 AST),,,,CLE,1610612739.0,1630612.0
Shot Chart Detail,22100494,606,0,Opponent,1610612761,Toronto Raptors,4,5,23,Missed Shot,Hook Shot,,In The Paint (Non-RA),Center(C),Less Than 8 ft.,6,-27,58,1,0,20211226,CLE,TOR,22100494606,|1628391|1629004|1629682|1629752|1630187,0,REG,,,2022,1630187,42.0,C,Mobile Big,-0.4,MISS Kornet 6' Hook Shot,,,,CLE,1610612739.0,
Shot Chart Detail,22100494,610,0,Opponent,1610612761,Toronto Raptors,4,4,49,Missed Shot,Turnaround Jump Shot,,In The Paint (Non-RA),Center(C),8-16 ft.,12,62,110,1,0,20211226,CLE,TOR,22100494610,|1628391|1629004|1629682|1629752|1630187,0,REG,,,2022,,,,,,,,,,CLE,1610612739.0,
Shot Chart Detail,22100494,615,0,Opponent,1610612761,Toronto Raptors,4,4,31,Made Shot,Running Layup Shot,,Restricted Area,Center(C),Less Than 8 ft.,0,0,-1,1,1,20211226,CLE,TOR,22100494615,|1628391|1629004|1629682|1629752|1630187,1,REG,,,2022,,,,,,,,,,CLE,1610612739.0,1627756.0
Shot Chart Detail,22100494,623,0,Opponent,1610612761,Toronto Raptors,4,3,58,Missed Shot,Layup Shot,,Restricted Area,Center(C),Less Than 8 ft.,2,6,21,1,0,20211226,CLE,TOR,22100494623,|1628391|1629004|1629139|1629682|1630187,0,REG,,,2022,1628391|1630187,42.0,,,,,,,,CLE,1610612739.0,
Shot Chart Detail,22100494,628,0,Opponent,1610612761,Toronto Raptors,4,3,46,Made Shot,Driving Layup Shot,,Restricted Area,Center(C),Less Than 8 ft.,0,6,6,1,1,20211226,CLE,TOR,22100494628,|1628391|1629004|1629139|1629682|1629752,1,REG,,,2022,1629004,44.0,SF,Chaser,-0.31,Scott 1' Driving Layup (2 PTS) (Nembhard Jr. 5 AST),,,,CLE,1610612739.0,1630612.0
Shot Chart Detail,22100494,632,0,Opponent,1610612761,Toronto Raptors,4,3,29,Missed Shot,Jump Shot,,Above the Break 3,Right Side Center(RC),24+ ft.,27,162,221,1,0,20211226,CLE,TOR,22100494632,|1628391|1629004|1629139|1629682|1629752,0,REG,,,2022,1629752,44.0,PF,Helper,-0.52,MISS Kornet 27' 3PT Jump Shot,,,,CLE,1610612739.0,
Shot Chart Detail,22100494,634,0,Opponent,1610612761,Toronto Raptors,4,3,24,Missed Shot,Jump Shot,,Above the Break 3,Center(C),24+ ft.,25,-47,246,1,0,20211226,CLE,TOR,22100494634,|1628391|1629004|1629139|1629682|1629752,0,REG,,,2022,1628391,44.0,PF,Anchor Big,-0.28,MISS Pangos 25' 3PT Jump Shot,,,,CLE,1610612739.0,
Shot Chart Detail,22100494,642,0,Opponent,1610612761,Toronto Raptors,4,3,8,Made Shot,Alley Oop Dunk Shot,,Restricted Area,Center(C),Less Than 8 ft.,0,1,6,1,1,20211226,CLE,TOR,22100494642,|1628391|1629004|1629139|1629682|1629752,1,REG,,,2022,1629752,46.0,PF,Helper,-0.52,Fall 1' Alley Oop Dunk (3 PTS) (Nembhard Jr. 6 AST),,,,CLE,1610612739.0,1630612.0
Shot Chart Detail,22100494,650,0,Opponent,1610612761,Toronto Raptors,4,2,40,Missed Shot,Driving Layup Shot,,In The Paint (Non-RA),Center(C),Less Than 8 ft.,5,-11,57,1,0,20211226,CLE,TOR,22100494650,|1628391|1629004|1629139|1629682|1629752,0,REG,,,2022,1629004,45.0,SF,Chaser,-0.31,MISS Nembhard Jr. 6' Driving Layup,,,,CLE,1610612739.0,
Shot Chart Detail,22100494,656,0,Opponent,1610612761,Toronto Raptors,4,2,35,Missed Shot,Jump Shot,,Left Corner 3,Left Side(L),24+ ft.,23,-232,4,1,0,20211226,CLE,TOR,22100494656,|1628391|1629004|1629139|1629682|1629752,0,REG,,,2022,,,,,,,,,,CLE,1610612739.0,
Shot Chart Detail,22100494,661,0,Opponent,1610612761,Toronto Raptors,4,2,15,Missed Shot,Turnaround Hook Shot,,In The Paint (Non-RA),Center(C),Less Than 8 ft.,6,-50,46,1,0,20211226,CLE,TOR,22100494661,|1628391|1629004|1629139|1629682|1629752,0,REG,,,2022,1628391|1629139,45.0,,,,,,,,CLE,1610612739.0,
Shot Chart Detail,22100494,667,0,Opponent,1610612761,Toronto Raptors,4,1,43,Made Shot,Pullup Jump shot,,Mid-Range,Right Side Center(RC),16-24 ft.,20,146,137,1,1,20211226,CLE,TOR,22100494667,|1628391|1629004|1629139|1629682|1629752,1,REG,,,2022,1628391|1629139,45.0,,,,,,,,CLE,1610612739.0,1630698.0
Shot Chart Detail,22100494,675,0,Opponent,1610612761,Toronto Raptors,4,1,18,Made Shot,Cutting Layup Shot,,Restricted Area,Center(C),Less Than 8 ft.,0,1,5,1,1,20211226,CLE,TOR,22100494675,|1628391|1629139|1629682|1629752|1630187,1,REG,,,2022,1630187|1629139|1629752,47.0,,,,,,,,CLE,1610612739.0,1629605.0
Shot Chart Detail,22100494,683,0,Opponent,1610612761,Toronto Raptors,4,0,38,Made Shot,Turnaround Hook Shot,,In The Paint (Non-RA),Center(C),Less Than 8 ft.,7,31,66,1,1,20211226,CLE,TOR,22100494683,|1628391|1629139|1629682|1629752|1630187,0,REG,,,2022,1630187,47.0,C,Mobile Big,-0.4,Scott 7' Turnaround Hook Shot (6 PTS),,,,CLE,1610612739.0,
Shot Chart Detail,22100510,7,0,Opponent,1610612761,Toronto Raptors,1,11,35,Missed Shot,Turnaround Jump Shot,,In The Paint (Non-RA),Left Side(L),8-16 ft.,8,-53,66,1,0,20211228,TOR,PHI,221005107,|1627783|1628449|1629018|1629139|1630201,0,REG,,,2022,1629018,0.0,SG,Chaser,0.19,MISS Harris 8' Turnaround Jump Shot,,,,PHI,1610612755.0,
Shot Chart Detail,22100510,10,0,Opponent,1610612761,Toronto Raptors,1,10,57,Made Shot,Jump Shot,,Mid-Range,Right Side Center(RC),16-24 ft.,19,151,120,1,1,20211228,TOR,PHI,2210051010,|1627783|1628449|1629018|1629139|1630201,1,REG,,,2022,1628449,0.0,SF,Helper,0.4,Embiid 19' Jump Shot (2 PTS) (Curry 1 AST),,,,PHI,1610612755.0,203552.0
Shot Chart Detail,22100510,17,0,Opponent,1610612761,Toronto Raptors,1,10,9,Missed Shot,Pullup Jump shot,,In The Paint (Non-RA),Center(C),Less Than 8 ft.,6,-64,25,1,0,20211228,TOR,PHI,2210051017,|1627783|1628449|1629018|1629139|1630201,0,REG,,,2022,1628449,-3.0,SF,Helper,0.4,Boucher BLOCK (1 BLK),,,,PHI,1610612755.0,
Shot Chart Detail,22100510,22,0,Opponent,1610612761,Toronto Raptors,1,9,53,Missed Shot,Driving Floating Jump Shot,,In The Paint (Non-RA),Center(C),8-16 ft.,9,29,87,1,0,20211228,TOR,PHI,2210051022,|1627783|1628449|1629018|1629139|1630201,0,REG,,,2022,1628449|1629018,-3.0,,,,,,,,PHI,1610612755.0,
Shot Chart Detail,22100510,26,0,Opponent,1610612761,Toronto Raptors,1,9,28,Made Shot,Turnaround Fadeaway Bank Jump Shot,,In The Paint (Non-RA),Center(C),Less Than 8 ft.,7,49,56,1,1,20211228,TOR,PHI,2210051026,|1627783|1628449|1629018|1629139|1630201,1,REG,,,2022,1628449,-1.0,SF,Helper,0.4,Embiid 7' Turnaround Fadeaway Bank Jump Shot (4 PTS) (Harris 1 AST),,,,PHI,1610612755.0,202699.0
Shot Chart Detail,22100510,33,0,Opponent,1610612761,Toronto Raptors,1,8,51,Missed Shot,Fadeaway Jump Shot,,In The Paint (Non-RA),Center(C),8-16 ft.,9,38,84,1,0,20211228,TOR,PHI,2210051033,|1627783|1628449|1629018|1629139|1630201,0,REG,,,2022,1630201,-3.0,PG,Point of Attack,-0.52,MISS Maxey 9' Fadeaway Jumper,,,,PHI,1610612755.0,
Shot Chart Detail,22100510,37,0,Opponent,1610612761,Toronto Raptors,1,8,12,Missed Shot,Layup Shot,,In The Paint (Non-RA),Center(C),Less Than 8 ft.,6,47,38,1,0,20211228,TOR,PHI,2210051037,|1627783|1628449|1629018|1629139|1630201,0,REG,,,2022,1629139,-5.0,SF,Helper,0.1,Siakam BLOCK (1 BLK),,,,PHI,1610612755.0,
Shot Chart Detail,22100510,40,0,Opponent,1610612761,Toronto Raptors,1,8,4,Made Shot,Putback Layup Shot,,Restricted Area,Center(C),Less Than 8 ft.,0,0,0,1,1,20211228,TOR,PHI,2210051040,|1627783|1628449|1629018|1629139|1630201,0,REG,,,2022,1629139|1627783,-3.0,,,,,,,,PHI,1610612755.0,
Shot Chart Detail,22100510,43,0,Opponent,1610612761,Toronto Raptors,1,7,45,Missed Shot,Running Layup Shot,,Restricted Area,Center(C),Less Than 8 ft.,2,11,20,1,0,20211228,TOR,PHI,2210051043,|1627783|1628449|1629018|1629139|1630201,0,REG,,,2022,1627783,-3.0,PF,Helper,0.72,MISS Harris 2' Running Layup,,,,PHI,1610612755.0,
Shot Chart Detail,22100510,45,0,Opponent,1610612761,Toronto Raptors,1,7,36,Made Shot,Tip Dunk Shot,,Restricted Area,Center(C),Less Than 8 ft.,0,0,0,1,1,20211228,TOR,PHI,2210051045,|1627783|1628449|1629018|1629139|1630201,0,REG,,,2022,1627783,-1.0,PF,Helper,0.72,Embiid Tip Dunk Shot (7 PTS),,,,PHI,1610612755.0,
Shot Chart Detail,22100510,47,0,Opponent,1610612761,Toronto Raptors,1,7,7,Made Shot,Jump Shot,,Above the Break 3,Right Side Center(RC),24+ ft.,30,170,252,1,1,20211228,TOR,PHI,2210051047,|1627783|1628449|1629018|1629139|1630201,1,REG,,,2022,1630201,0.0,PG,Point of Attack,-0.52,Maxey 30' 3PT Jump Shot (3 PTS) (Embiid 1 AST),,,,PHI,1610612755.0,203954.0
Shot Chart Detail,22100510,51,0,Opponent,1610612761,Toronto Raptors,1,6,52,Made Shot,Running Dunk Shot,,Restricted Area,Center(C),Less Than 8 ft.,1,11,16,1,1,20211228,TOR,PHI,2210051051,|1627783|1628449|1629018|1629139|1630201,1,REG,,,2022,,,,,,,,,,PHI,1610612755.0,202699.0
Shot Chart Detail,22100510,55,0,Opponent,1610612761,Toronto Raptors,1,6,13,Missed Shot,Fadeaway Jump Shot,,In The Paint (Non-RA),Center(C),8-16 ft.,12,-9,122,1,0,20211228,TOR,PHI,2210051055,|1627783|1628449|1629018|1629139|1630201,0,REG,,,2022,1627783,2.0,PF,Helper,0.72,MISS Embiid 12' Fadeaway Jumper,,,,PHI,1610612755.0,
Shot Chart Detail,22100510,59,0,Opponent,1610612761,Toronto Raptors,1,5,44,Missed Shot,Jump Shot,,Above the Break 3,Right Side Center(RC),24+ ft.,26,113,239,1,0,20211228,TOR,PHI,2210051059,|1627783|1628449|1629018|1629139|1630201,0,REG,,,2022,1629139|1628449,2.0,,,,,,,,PHI,1610612755.0,
Shot Chart Detail,22100510,62,0,Opponent,1610612761,Toronto Raptors,1,5,14,Missed Shot,Jump Shot,,Above the Break 3,Right Side Center(RC),24+ ft.,25,127,221,1,0,20211228,TOR,PHI,2210051062,|1627783|1628449|1629018|1629139|1630201,0,REG,,,2022,1630201,0.0,PG,Point of Attack,-0.52,MISS Harris 25' 3PT Jump Shot,,,,PHI,1610612755.0,
Shot Chart Detail,22100510,88,0,Opponent,1610612761,Toronto Raptors,1,3,56,Missed Shot,Running Reverse Layup Shot,,Restricted Area,Center(C),Less Than 8 ft.,2,-15,19,1,0,20211228,TOR,PHI,2210051088,|1628449|1629004|1629018|1630187|1630201,0,REG,,,2022,1630187,4.0,C,Mobile Big,-0.4,Oturu BLOCK (1 BLK),,,,PHI,1610612755.0,
Shot Chart Detail,22100510,96,0,Opponent,1610612761,Toronto Raptors,1,3,37,Made Shot,Pullup Jump shot,,Mid-Range,Center(C),16-24 ft.,22,22,219,1,1,20211228,TOR,PHI,2210051096,|1627783|1629004|1629018|1629682|1630187,1,REG,,,2022,1629004|1629018,6.0,,,,,,,,PHI,1610612755.0,202699.0
Shot Chart Detail,22100510,112,0,Opponent,1610612761,Toronto Raptors,1,2,33,Missed Shot,Jump Shot,,Right Corner 3,Right Side(R),24+ ft.,23,235,3,1,0,20211228,TOR,PHI,22100510112,|1627783|1629004|1629018|1629682|1630187,0,REG,,,2022,1629004,2.0,SF,Chaser,-0.31,MISS Niang 24' 3PT Jump Shot,,,,PHI,1610612755.0,
Shot Chart Detail,22100510,116,0,Opponent,1610612761,Toronto Raptors,1,2,13,Made Shot,Running Jump Shot,,Left Corner 3,Left Side(L),24+ ft.,22,-225,21,1,1,20211228,TOR,PHI,22100510116,|1627783|1629004|1629018|1629682|1630187,1,REG,,,2022,,,,,,,,,,PHI,1610612755.0,203954.0
Shot Chart Detail,22100510,119,0,Opponent,1610612761,Toronto Raptors,1,1,35,Missed Shot,Jump Shot,,Right Corner 3,Right Side(R),24+ ft.,23,238,8,1,0,20211228,TOR,PHI,22100510119,|1627783|1629004|1629018|1629682|1630187,0,REG,,,2022,1627783,3.0,PF,Helper,0.72,MISS Niang 24' 3PT Jump Shot,,,,PHI,1610612755.0,
Shot Chart Detail,22100510,123,0,Opponent,1610612761,Toronto Raptors,1,1,15,Made Shot,Jump Shot,,Above the Break 3,Right Side Center(RC),24+ ft.,26,181,192,1,1,20211228,TOR,PHI,22100510123,|1627783|1629004|1629018|1629682|1630187,1,REG,,,2022,,,,,,,,,,PHI,1610612755.0,203552.0
Shot Chart Detail,22100510,138,0,Opponent,1610612761,Toronto Raptors,1,0,3,Missed Shot,Jump Shot,,Right Corner 3,Right Side(R),24+ ft.,25,238,83,1,0,20211228,TOR,PHI,22100510138,|1627783|1628449|1629004|1629018|1629682,0,REG,,,2022,1628449,3.0,SF,Helper,0.4,Boucher BLOCK (2 BLK),,,,PHI,1610612755.0,
Shot Chart Detail,22100510,152,0,Opponent,1610612761,Toronto Raptors,2,11,18,Missed Shot,Jump Shot,,Above the Break 3,Right Side Center(RC),24+ ft.,25,192,171,1,0,20211228,TOR,PHI,22100510152,|1627783|1628449|1629018|1629139|1630201,0,REG,,,2022,1629139|1628449,1.0,,,,,,,,PHI,1610612755.0,
Shot Chart Detail,22100510,154,0,Opponent,1610612761,Toronto Raptors,2,11,11,Missed Shot,Driving Layup Shot,,In The Paint (Non-RA),Center(C),Less Than 8 ft.,4,36,26,1,0,20211228,TOR,PHI,22100510154,|1627783|1628449|1629018|1629139|1630201,0,REG,,,2022,1629139|1627783,1.0,,,,,,,,PHI,1610612755.0,
Shot Chart Detail,22100510,161,0,Opponent,1610612761,Toronto Raptors,2,10,55,Missed Shot,Running Jump Shot,,Above the Break 3,Right Side Center(RC),24+ ft.,26,185,185,1,0,20211228,TOR,PHI,22100510161,|1627783|1628449|1629018|1629139|1630201,0,REG,,,2022,,,,,,,,,,PHI,1610612755.0,
Shot Chart Detail,22100510,163,0,Opponent,1610612761,Toronto Raptors,2,10,49,Made Shot,Jump Shot,,Right Corner 3,Right Side(R),24+ ft.,24,234,59,1,1,20211228,TOR,PHI,22100510163,|1627783|1628449|1629018|1629139|1630201,1,REG,,,2022,1627783,4.0,PF,Helper,0.72,Korkmaz 24' 3PT Jump Shot (8 PTS) (Niang 1 AST),,,,PHI,1610612755.0,1627777.0
Shot Chart Detail,22100510,167,0,Opponent,1610612761,Toronto Raptors,2,10,23,Made Shot,Driving Bank Hook Shot,,In The Paint (Non-RA),Center(C),Less Than 8 ft.,7,62,37,1,1,20211228,TOR,PHI,22100510167,|1627783|1628449|1629018|1629139|1630201,0,REG,,,2022,1628449,6.0,SF,Helper,0.4,Niang 7' Driving Bank Hook Shot (2 PTS),,,,PHI,1610612755.0,
Shot Chart Detail,22100510,170,0,Opponent,1610612761,Toronto Raptors,2,9,39,Missed Shot,Pullup Jump shot,,Right Corner 3,Right Side(R),24+ ft.,23,237,8,1,0,20211228,TOR,PHI,22100510170,|1627783|1628449|1629018|1629139|1630201,0,REG,,,2022,1627783,4.0,PF,Helper,0.72,MISS Korkmaz 24' 3PT Pullup Jump Shot,,,,PHI,1610612755.0,
Shot Chart Detail,22100510,174,0,Opponent,1610612761,Toronto Raptors,2,9,29,Missed Shot,Driving Layup Shot,,Restricted Area,Center(C),Less Than 8 ft.,2,26,8,1,0,20211228,TOR,PHI,22100510174,|1627783|1628449|1629018|1629139|1630201,0,REG,,,2022,1629018,4.0,SG,Chaser,0.19,MISS Korkmaz 3' Driving Layup,,,,PHI,1610612755.0,
Shot Chart Detail,22100510,187,0,Opponent,1610612761,Toronto Raptors,2,8,54,Missed Shot,Driving Floating Jump Shot,,Mid-Range,Right Side(R),8-16 ft.,14,132,63,1,0,20211228,TOR,PHI,22100510187,|1628449|1629004|1629018|1629139|1630201,0,REG,,,2022,1629139,3.0,SF,Helper,0.1,MISS Thybulle 15' Driving Floating Jump Shot,,,,PHI,1610612755.0,
Shot Chart Detail,22100510,191,0,Opponent,1610612761,Toronto Raptors,2,8,16,Made Shot,Jump Shot,,Left Corner 3,Left Side(L),24+ ft.,23,-232,30,1,1,20211228,TOR,PHI,22100510191,|1628449|1629004|1629018|1629139|1630201,1,REG,,,2022,1629139,6.0,SF,Helper,0.1,Niang 3PT Jump Shot (5 PTS) (Reed 1 AST),,,,PHI,1610612755.0,1630194.0
Shot Chart Detail,22100510,201,0,Opponent,1610612761,Toronto Raptors,2,7,48,Made Shot,Jump Shot,,Left Corner 3,Left Side(L),24+ ft.,22,-228,24,1,1,20211228,TOR,PHI,22100510201,|1628449|1629004|1629018|1629139|1630201,1,REG,,,2022,1629004,7.0,SF,Chaser,-0.31,Niang 3PT Jump Shot (8 PTS) (Harris 4 AST),,,,PHI,1610612755.0,202699.0
Shot Chart Detail,22100510,205,0,Opponent,1610612761,Toronto Raptors,2,7,12,Missed Shot,Jump Shot,,Above the Break 3,Left Side Center(LC),24+ ft.,25,-206,155,1,0,20211228,TOR,PHI,22100510205,|1628449|1629004|1629018|1629139|1630201,0,REG,,,2022,1629018,4.0,SG,Chaser,0.19,MISS Thybulle 26' 3PT Jump Shot,,,,PHI,1610612755.0,
Shot Chart Detail,22100510,222,0,Opponent,1610612761,Toronto Raptors,2,6,9,Made Shot,Driving Floating Jump Shot,,In The Paint (Non-RA),Center(C),8-16 ft.,8,-21,85,1,1,20211228,TOR,PHI,22100510222,|1627783|1628449|1629004|1629139|1630201,0,REG,,,2022,1628449,4.0,SF,Helper,0.4,Harris 9' Driving Floating Jump Shot (8 PTS),,,,PHI,1610612755.0,
Shot Chart Detail,22100510,225,0,Opponent,1610612761,Toronto Raptors,2,5,31,Made Shot,Pullup Jump shot,,Mid-Range,Left Side Center(LC),16-24 ft.,18,-137,127,1,1,20211228,TOR,PHI,22100510225,|1627783|1628449|1629004|1629139|1630201,1,REG,,,2022,1630201,6.0,PG,Point of Attack,-0.52,Maxey 19' Pullup Jump Shot (5 PTS) (Niang 2 AST),,,,PHI,1610612755.0,1627777.0
Shot Chart Detail,22100510,235,0,Opponent,1610612761,Toronto Raptors,2,4,46,Missed Shot,Pullup Jump shot,,Above the Break 3,Right Side Center(RC),24+ ft.,26,129,232,1,0,20211228,TOR,PHI,22100510235,|1627783|1628449|1629004|1629139|1630201,0,REG,,,2022,1630201,4.0,PG,Point of Attack,-0.52,MISS Maxey 27' 3PT Pullup Jump Shot,,,,PHI,1610612755.0,
Shot Chart Detail,22100510,248,0,Opponent,1610612761,Toronto Raptors,2,4,17,Missed Shot,Pullup Jump shot,,Mid-Range,Right Side(R),8-16 ft.,15,110,110,1,0,20211228,TOR,PHI,22100510248,|1627783|1628449|1629004|1629018|1629139,0,REG,,,2022,1629139,4.0,SF,Helper,0.1,MISS Maxey 16' Pullup Jump Shot,,,,PHI,1610612755.0,
Shot Chart Detail,22100510,258,0,Opponent,1610612761,Toronto Raptors,2,3,39,Made Shot,Driving Finger Roll Layup Shot,,In The Paint (Non-RA),Center(C),Less Than 8 ft.,4,-7,45,1,1,20211228,TOR,PHI,22100510258,|1627783|1628449|1629004|1629018|1629139,1,REG,,,2022,1628449|1627783,6.0,,,,,,,,PHI,1610612755.0,202699.0
Shot Chart Detail,22100510,262,0,Opponent,1610612761,Toronto Raptors,2,3,1,Made Shot,Pullup Jump shot,,Mid-Range,Left Side Center(LC),16-24 ft.,18,-99,151,1,1,20211228,TOR,PHI,22100510262,|1627783|1628449|1629004|1629018|1629139,1,REG,,,2022,1628449,8.0,SF,Helper,0.4,Curry 18' Pullup Jump Shot (5 PTS) (Embiid 3 AST),,,,PHI,1610612755.0,203954.0
Shot Chart Detail,22100510,285,0,Opponent,1610612761,Toronto Raptors,2,1,8,Missed Shot,Turnaround Jump Shot,,In The Paint (Non-RA),Center(C),Less Than 8 ft.,5,2,55,1,0,20211228,TOR,PHI,22100510285,|1627783|1629004|1629018|1629139|1630187,0,REG,,,2022,1629139|1630187,5.0,,,,,,,,PHI,1610612755.0,
Shot Chart Detail,22100510,290,0,Opponent,1610612761,Toronto Raptors,2,0,37,Made Shot,Jump Shot,,Left Corner 3,Left Side(L),24+ ft.,22,-222,29,1,1,20211228,TOR,PHI,22100510290,|1627783|1629004|1629018|1629139|1630187,1,REG,,,2022,1629139,6.0,SF,Helper,0.1,Thybulle 3PT Jump Shot (5 PTS) (Curry 3 AST),,,,PHI,1610612755.0,203552.0
Shot Chart Detail,22100510,298,0,Opponent,1610612761,Toronto Raptors,2,0,3,Made Shot,Pullup Jump shot,,Above the Break 3,Right Side Center(RC),24+ ft.,25,81,242,1,1,20211228,TOR,PHI,22100510298,|1627783|1629004|1629018|1629139|1630187,0,REG,,,2022,1630187,7.0,C,Mobile Big,-0.4,Curry 26' 3PT Pullup Jump Shot (8 PTS),,,,PHI,1610612755.0,
Shot Chart Detail,22100510,317,0,Opponent,1610612761,Toronto Raptors,3,10,57,Missed Shot,Pullup Jump shot,,Above the Break 3,Left Side Center(LC),24+ ft.,28,-143,246,1,0,20211228,TOR,PHI,22100510317,|1627783|1628449|1629018|1629139|1630201,0,REG,,,2022,1629139|1629018,6.0,,,,,,,,PHI,1610612755.0,
Shot Chart Detail,22100510,322,0,Opponent,1610612761,Toronto Raptors,3,10,16,Made Shot,Jump Shot,,Above the Break 3,Center(C),24+ ft.,25,-21,259,1,1,20211228,TOR,PHI,22100510322,|1627783|1628449|1629018|1629139|1630201,1,REG,,,2022,1628449,6.0,SF,Helper,0.4,Embiid 26' 3PT Jump Shot (17 PTS) (Harris 6 AST),,,,PHI,1610612755.0,202699.0
Shot Chart Detail,22100510,326,0,Opponent,1610612761,Toronto Raptors,3,9,49,Made Shot,Driving Layup Shot,,In The Paint (Non-RA),Center(C),Less Than 8 ft.,6,-59,21,1,1,20211228,TOR,PHI,22100510326,|1627783|1628449|1629018|1629139|1630201,0,REG,,,2022,1629139,8.0,SF,Helper,0.1,Harris 6' Driving Layup (11 PTS),,,,PHI,1610612755.0,
Shot Chart Detail,22100510,329,0,Opponent,1610612761,Toronto Raptors,3,9,17,Missed Shot,Jump Shot,,Above the Break 3,Left Side Center(LC),24+ ft.,26,-157,212,1,0,20211228,TOR,PHI,22100510329,|1627783|1628449|1629018|1629139|1630201,0,REG,,,2022,1627783,6.0,PF,Helper,0.72,MISS Maxey 26' 3PT Jump Shot,,,,PHI,1610612755.0,
Shot Chart Detail,22100510,331,0,Opponent,1610612761,Toronto Raptors,3,9,8,Missed Shot,Turnaround Jump Shot,,In The Paint (Non-RA),Center(C),Less Than 8 ft.,6,-45,47,1,0,20211228,TOR,PHI,22100510331,|1627783|1628449|1629018|1629139|1630201,0,REG,,,2022,1628449,6.0,SF,Helper,0.4,MISS Harris 7' Turnaround Jump Shot,,,,PHI,1610612755.0,
Shot Chart Detail,22100510,347,0,Opponent,1610612761,Toronto Raptors,3,8,3,Made Shot,Layup Shot,,Restricted Area,Center(C),Less Than 8 ft.,3,-7,37,1,1,20211228,TOR,PHI,22100510347,|1627783|1628449|1629018|1629139|1630201,1,REG,,,2022,1629139,5.0,SF,Helper,0.1,Embiid 4' Layup (19 PTS) (Harris 7 AST),,,,PHI,1610612755.0,202699.0
Shot Chart Detail,22100510,356,0,Opponent,1610612761,Toronto Raptors,3,7,29,Made Shot,Turnaround Fadeaway Bank Jump Shot,,Restricted Area,Center(C),Less Than 8 ft.,3,31,7,1,1,20211228,TOR,PHI,22100510356,|1627783|1628449|1629018|1629139|1630201,1,REG,,,2022,1627783,7.0,PF,Helper,0.72,Embiid 3' Turnaround Fadeaway Bank Jump Shot (22 PTS) (Harris 8 AST),,,,PHI,1610612755.0,202699.0
Shot Chart Detail,22100510,361,0,Opponent,1610612761,Toronto Raptors,3,7,7,Missed Shot,Running Jump Shot,,Right Corner 3,Right Side(R),24+ ft.,22,228,-11,1,0,20211228,TOR,PHI,22100510361,|1627783|1628449|1629018|1629139|1630201,0,REG,,,2022,1627783,7.0,PF,Helper,0.72,MISS Thybulle 3PT Running Jump Shot,,,,PHI,1610612755.0,
Shot Chart Detail,22100510,373,0,Opponent,1610612761,Toronto Raptors,3,6,14,Missed Shot,Driving Layup Shot,,Restricted Area,Center(C),Less Than 8 ft.,2,18,12,1,0,20211228,TOR,PHI,22100510373,|1627783|1628449|1629018|1629139|1630201,0,REG,,,2022,1627783,9.0,PF,Helper,0.72,MISS Curry 2' Driving Layup,,,,PHI,1610612755.0,
Shot Chart Detail,22100510,377,0,Opponent,1610612761,Toronto Raptors,3,5,52,Made Shot,Layup Shot,,Restricted Area,Center(C),Less Than 8 ft.,2,25,8,1,1,20211228,TOR,PHI,22100510377,|1627783|1628449|1629018|1629139|1630201,1,REG,,,2022,1628449,8.0,SF,Helper,0.4,Embiid 3' Layup (26 PTS) (Maxey 1 AST),,,,PHI,1610612755.0,1630178.0
Shot Chart Detail,22100510,400,0,Opponent,1610612761,Toronto Raptors,3,4,2,Missed Shot,Alley Oop Layup shot,,Restricted Area,Center(C),Less Than 8 ft.,2,-13,16,1,0,20211228,TOR,PHI,22100510400,|1627783|1628391|1629004|1629018|1630201,0,REG,,,2022,1628391,4.0,PF,Anchor Big,-0.28,MISS Harris 2' Alley Oop Layup,,,,PHI,1610612755.0,
Shot Chart Detail,22100510,404,0,Opponent,1610612761,Toronto Raptors,3,3,44,Missed Shot,Jump Shot,,Right Corner 3,Right Side(R),24+ ft.,22,228,-13,1,0,20211228,TOR,PHI,22100510404,|1627783|1628391|1629004|1629018|1630201,0,REG,,,2022,1627783,4.0,PF,Helper,0.72,MISS Embiid 3PT Jump Shot,,,,PHI,1610612755.0,
Shot Chart Detail,22100510,422,0,Opponent,1610612761,Toronto Raptors,3,2,50,Missed Shot,Pullup Jump shot,,Mid-Range,Right Side(R),8-16 ft.,13,134,7,1,0,20211228,TOR,PHI,22100510422,|1627783|1628391|1629004|1629682|1630201,0,REG,,,2022,1628391,2.0,PF,Anchor Big,-0.28,MISS Curry 13' Pullup Jump Shot,,,,PHI,1610612755.0,
Shot Chart Detail,22100510,424,0,Opponent,1610612761,Toronto Raptors,3,2,45,Made Shot,Jump Shot,,Above the Break 3,Left Side Center(LC),24+ ft.,25,-188,174,1,1,20211228,TOR,PHI,22100510424,|1627783|1628391|1629004|1629682|1630201,1,REG,,,2022,,,,,,,,,,PHI,1610612755.0,203552.0
Shot Chart Detail,22100510,431,0,Opponent,1610612761,Toronto Raptors,3,2,23,Missed Shot,Jump Shot,,Above the Break 3,Center(C),24+ ft.,25,-21,258,1,0,20211228,TOR,PHI,22100510431,|1627783|1628391|1629004|1629682|1630201,0,REG,,,2022,1627783,1.0,PF,Helper,0.72,MISS Niang 26' 3PT Jump Shot,,,,PHI,1610612755.0,
Shot Chart Detail,22100510,442,0,Opponent,1610612761,Toronto Raptors,3,1,39,Made Shot,Jump Shot,,Above the Break 3,Right Side Center(RC),24+ ft.,25,126,220,1,1,20211228,TOR,PHI,22100510442,|1627783|1628391|1629004|1629682|1630201,1,REG,,,2022,,,,,,,,,,PHI,1610612755.0,203552.0
Shot Chart Detail,22100510,458,0,Opponent,1610612761,Toronto Raptors,3,0,39,Missed Shot,Driving Layup Shot,,In The Paint (Non-RA),Center(C),Less Than 8 ft.,4,-36,25,1,0,20211228,TOR,PHI,22100510458,|1627783|1628391|1629004|1629018|1629682,0,REG,,,2022,1627783,2.0,PF,Helper,0.72,MISS Thybulle 4' Driving Layup,,,,PHI,1610612755.0,
Shot Chart Detail,22100510,493,0,Opponent,1610612761,Toronto Raptors,3,0,0,Missed Shot,Driving Floating Bank Jump Shot,,Above the Break 3,Center(C),24+ ft.,32,6,322,1,0,20211228,TOR,PHI,22100510493,|1628391|1629004|1629018|1629139|1630201,0,REG,,,2022,1629139,4.0,SF,Helper,0.1,MISS Maxey 32' 3PT Driving Floating Bank Jump Shot,,,,PHI,1610612755.0,
Shot Chart Detail,22100510,503,0,Opponent,1610612761,Toronto Raptors,4,11,37,Made Shot,Driving Floating Jump Shot,,In The Paint (Non-RA),Center(C),8-16 ft.,11,-11,113,1,1,20211228,TOR,PHI,22100510503,|1628449|1629004|1629018|1629139|1630201,0,REG,,,2022,1628449,6.0,SF,Helper,0.4,Korkmaz 11' Driving Floating Jump Shot (10 PTS),,,,PHI,1610612755.0,
Shot Chart Detail,22100510,506,0,Opponent,1610612761,Toronto Raptors,4,11,4,Missed Shot,Driving Floating Jump Shot,,In The Paint (Non-RA),Center(C),Less Than 8 ft.,6,59,29,1,0,20211228,TOR,PHI,22100510506,|1628449|1629004|1629018|1629139|1630201,0,REG,,,2022,1629004,6.0,SF,Chaser,-0.31,MISS Korkmaz 7' Driving Floating Jump Shot,,,,PHI,1610612755.0,
Shot Chart Detail,22100510,513,0,Opponent,1610612761,Toronto Raptors,4,10,30,Missed Shot,Jump Shot,,In The Paint (Non-RA),Right Side(R),8-16 ft.,8,49,69,1,0,20211228,TOR,PHI,22100510513,|1628449|1629004|1629018|1629139|1630201,0,REG,,,2022,1628449,4.0,SF,Helper,0.4,MISS Reed 8' Jump Shot,,,,PHI,1610612755.0,
Shot Chart Detail,22100510,517,0,Opponent,1610612761,Toronto Raptors,4,10,3,Made Shot,Driving Layup Shot,,In The Paint (Non-RA),Center(C),Less Than 8 ft.,5,-48,25,1,1,20211228,TOR,PHI,22100510517,|1628449|1629004|1629018|1629139|1630201,0,REG,,,2022,1629004|1628449,6.0,,,,,,,,PHI,1610612755.0,
Shot Chart Detail,22100510,533,0,Opponent,1610612761,Toronto Raptors,4,9,4,Made Shot,Jump Shot,,Above the Break 3,Left Side Center(LC),24+ ft.,26,-189,189,1,1,20211228,TOR,PHI,22100510533,|1627783|1628449|1629018|1629139|1630201,1,REG,,,2022,1628449,9.0,SF,Helper,0.4,Niang 27' 3PT Jump Shot (16 PTS) (Harris 9 AST),,,,PHI,1610612755.0,202699.0
Shot Chart Detail,22100510,537,0,Opponent,1610612761,Toronto Raptors,4,8,38,Made Shot,Running Jump Shot,,Above the Break 3,Right Side Center(RC),24+ ft.,24,202,136,1,1,20211228,TOR,PHI,22100510537,|1627783|1628449|1629018|1629139|1630201,1,REG,,,2022,1627783,12.0,PF,Helper,0.72,Niang 24' 3PT Running Jump Shot (19 PTS) (Harris 10 AST),,,,PHI,1610612755.0,202699.0
Shot Chart Detail,22100510,557,0,Opponent,1610612761,Toronto Raptors,4,7,22,Missed Shot,Driving Floating Jump Shot,,In The Paint (Non-RA),Center(C),8-16 ft.,14,-54,138,1,0,20211228,TOR,PHI,22100510557,|1627783|1628391|1628449|1629004|1630201,0,REG,,,2022,1630201,10.0,PG,Point of Attack,-0.52,MISS Maxey 15' Driving Floating Jump Shot,,,,PHI,1610612755.0,
Shot Chart Detail,22100510,564,0,Opponent,1610612761,Toronto Raptors,4,7,2,Missed Shot,Turnaround Hook Shot,,In The Paint (Non-RA),Center(C),Less Than 8 ft.,5,28,44,1,0,20211228,TOR,PHI,22100510564,|1627783|1628391|1628449|1629004|1630201,0,REG,,,2022,1627783,7.0,PF,Helper,0.72,MISS Harris 5' Turnaround Hook Shot,,,,PHI,1610612755.0,
Shot Chart Detail,22100510,572,0,Opponent,1610612761,Toronto Raptors,4,6,19,Missed Shot,Driving Layup Shot,,Restricted Area,Center(C),Less Than 8 ft.,2,-25,5,1,0,20211228,TOR,PHI,22100510572,|1627783|1628391|1628449|1629004|1630201,0,REG,,,2022,1628391|1627783,7.0,,,,,,,,PHI,1610612755.0,
Shot Chart Detail,22100510,583,0,Opponent,1610612761,Toronto Raptors,4,5,48,Missed Shot,Driving Floating Jump Shot,,In The Paint (Non-RA),Center(C),Less Than 8 ft.,7,72,2,1,0,20211228,TOR,PHI,22100510583,|1627783|1628391|1628449|1629004|1629018,0,REG,,,2022,1627783,5.0,PF,Helper,0.72,MISS Maxey 7' Driving Floating Jump Shot,,,,PHI,1610612755.0,
Shot Chart Detail,22100510,601,0,Opponent,1610612761,Toronto Raptors,4,4,38,Made Shot,Turnaround Jump Shot,,In The Paint (Non-RA),Center(C),Less Than 8 ft.,7,-67,33,1,1,20211228,TOR,PHI,22100510601,|1627783|1628391|1628449|1629004|1629018,0,REG,,,2022,,,,,,,,,,PHI,1610612755.0,
Shot Chart Detail,22100510,607,0,Opponent,1610612761,Toronto Raptors,4,4,3,Made Shot,Cutting Dunk Shot,,Restricted Area,Center(C),Less Than 8 ft.,0,1,5,1,1,20211228,TOR,PHI,22100510607,|1627783|1628391|1628449|1629004|1629018,1,REG,,,2022,1628391,6.0,PF,Anchor Big,-0.28,Thybulle 1' Cutting Dunk Shot (7 PTS) (Embiid 4 AST),,,,PHI,1610612755.0,203954.0
Shot Chart Detail,22100510,611,0,Opponent,1610612761,Toronto Raptors,4,3,15,Made Shot,Jump Shot,,Above the Break 3,Right Side Center(RC),24+ ft.,25,89,242,1,1,20211228,TOR,PHI,22100510611,|1627783|1628391|1628449|1629004|1629018,0,REG,,,2022,1628449,6.0,SF,Helper,0.4,Embiid 26' 3PT Jump Shot (34 PTS),,,,PHI,1610612755.0,
Shot Chart Detail,22100510,616,0,Opponent,1610612761,Toronto Raptors,4,2,41,Missed Shot,Jump Shot,,Mid-Range,Left Side(L),8-16 ft.,15,-134,86,1,0,20211228,TOR,PHI,22100510616,|1627783|1628391|1628449|1629004|1629018,0,REG,,,2022,1629004|1628391,4.0,,,,,,,,PHI,1610612755.0,
Shot Chart Detail,22100510,619,0,Opponent,1610612761,Toronto Raptors,4,1,58,Missed Shot,Turnaround Fadeaway shot,,Mid-Range,Left Side(L),8-16 ft.,14,-140,46,1,0,20211228,TOR,PHI,22100510619,|1627783|1628391|1628449|1629004|1629018,0,REG,,,2022,1628391,2.0,PF,Anchor Big,-0.28,MISS Curry 15' Turnaround Fadeaway Shot,,,,PHI,1610612755.0,
Shot Chart Detail,22100510,635,0,Opponent,1610612761,Toronto Raptors,4,0,55,Missed Shot,Driving Finger Roll Layup Shot,,Restricted Area,Center(C),Less Than 8 ft.,3,21,31,1,0,20211228,TOR,PHI,22100510635,|1627783|1628391|1628449|1629004|1629018,0,REG,,,2022,1627783,-1.0,PF,Helper,0.72,MISS Harris 4' Driving Finger Roll Layup,,,,PHI,1610612755.0,
Shot Chart Detail,22100510,637,0,Opponent,1610612761,Toronto Raptors,4,0,51,Made Shot,Putback Layup Shot,,Restricted Area,Center(C),Less Than 8 ft.,0,0,0,1,1,20211228,TOR,PHI,22100510637,|1627783|1628391|1628449|1629004|1629018,0,REG,,,2022,1628391|1627783,1.0,,,,,,,,PHI,1610612755.0,
Shot Chart Detail,22100534,9,0,Opponent,1610612761,Toronto Raptors,1,11,30,Made Shot,Jump Shot,,Above the Break 3,Center(C),24+ ft.,25,10,252,1,1,20211231,TOR,LAC,221005349,|1627783|1627832|1628384|1629018|203920,1,REG,,,2022,1629018,0.0,SG,Chaser,0.19,Kennard 25' 3PT Jump Shot (3 PTS) (Ibaka 1 AST),,,,LAC,1610612746.0,201586.0
Shot Chart Detail,22100534,13,0,Opponent,1610612761,Toronto Raptors,1,11,11,Made Shot,Jump Shot,,Above the Break 3,Center(C),24+ ft.,24,62,239,1,1,20211231,TOR,LAC,2210053413,|1627783|1627832|1628384|1629018|203920,1,REG,,,2022,1627783,3.0,PF,Helper,0.72,Ibaka 25' 3PT Jump Shot (3 PTS) (Jackson 1 AST),,,,LAC,1610612746.0,202704.0
Shot Chart Detail,22100534,17,0,Opponent,1610612761,Toronto Raptors,1,10,30,Missed Shot,Jump Shot,,Above the Break 3,Center(C),24+ ft.,24,-9,247,1,0,20211231,TOR,LAC,2210053417,|1627783|1627832|1628384|1629018|203920,0,REG,,,2022,203920,1.0,C,Mobile Big,0.63,MISS Jackson 25' 3PT Jump Shot,,,,LAC,1610612746.0,
Shot Chart Detail,22100534,21,0,Opponent,1610612761,Toronto Raptors,1,9,52,Missed Shot,Driving Floating Jump Shot,,In The Paint (Non-RA),Center(C),Less Than 8 ft.,6,2,67,1,0,20211231,TOR,LAC,2210053421,|1627783|1627832|1628384|1629018|203920,0,REG,,,2022,1628384,-1.0,SF,Wing Stopper,1.03,MISS Jackson 7' Driving Floating Jump Shot,,,,LAC,1610612746.0,
Shot Chart Detail,22100534,26,0,Opponent,1610612761,Toronto Raptors,1,9,17,Missed Shot,Driving Reverse Layup Shot,,Restricted Area,Center(C),Less Than 8 ft.,1,17,1,1,0,20211231,TOR,LAC,2210053426,|1627783|1627832|1628384|1629018|203920,0,REG,,,2022,203920|1627783,-3.0,,,,,,,,LAC,1610612746.0,
Shot Chart Detail,22100534,30,0,Opponent,1610612761,Toronto Raptors,1,8,57,Missed Shot,Jump Shot,,Right Corner 3,Right Side(R),24+ ft.,23,230,-10,1,0,20211231,TOR,LAC,2210053430,|1627783|1627832|1628384|1629018|203920,0,REG,,,2022,1627783,-6.0,PF,Helper,0.72,MISS Mann 3PT Jump Shot,,,,LAC,1610612746.0,
Shot Chart Detail,22100534,37,0,Opponent,1610612761,Toronto Raptors,1,8,39,Missed Shot,Hook Shot,,Restricted Area,Center(C),Less Than 8 ft.,3,17,27,1,0,20211231,TOR,LAC,2210053437,|1627783|1627832|1628384|1629018|203920,0,REG,,,2022,203920,-6.0,C,Mobile Big,0.63,MISS Ibaka 3' Hook Shot,,,,LAC,1610612746.0,
Shot Chart Detail,22100534,46,0,Opponent,1610612761,Toronto Raptors,1,7,58,Missed Shot,Jump Shot,,Mid-Range,Right Side(R),8-16 ft.,14,145,10,1,0,20211231,TOR,LAC,2210053446,|1627783|1627832|1628384|1629018|203920,0,REG,,,2022,203920,-10.0,C,Mobile Big,0.63,MISS Ibaka 15' Jump Shot,,,,LAC,1610612746.0,
Shot Chart Detail,22100534,50,0,Opponent,1610612761,Toronto Raptors,1,7,43,Missed Shot,Driving Layup Shot,,Restricted Area,Center(C),Less Than 8 ft.,1,18,5,1,0,20211231,TOR,LAC,2210053450,|1627783|1627832|1628384|1629018|203920,0,REG,,,2022,1627783,-10.0,PF,Helper,0.72,Siakam BLOCK (1 BLK),,,,LAC,1610612746.0,
Shot Chart Detail,22100534,56,0,Opponent,1610612761,Toronto Raptors,1,7,15,Missed Shot,Driving Layup Shot,,Restricted Area,Center(C),Less Than 8 ft.,2,23,2,1,0,20211231,TOR,LAC,2210053456,|1627783|1627832|1628384|1629018|203920,0,REG,,,2022,1627832,-13.0,PG,Point of Attack,0.9,MISS Jackson 2' Driving Layup,,,,LAC,1610612746.0,
Shot Chart Detail,22100534,61,0,Opponent,1610612761,Toronto Raptors,1,6,49,Missed Shot,Jump Shot,,Mid-Range,Center(C),16-24 ft.,16,40,155,1,0,20211231,TOR,LAC,2210053461,|1627783|1627832|1628384|1629018|203920,0,REG,,,2022,1627832|1628384,-13.0,,,,,,,,LAC,1610612746.0,
Shot Chart Detail,22100534,63,0,Opponent,1610612761,Toronto Raptors,1,6,45,Missed Shot,Layup Shot,,Restricted Area,Center(C),Less Than 8 ft.,2,20,5,1,0,20211231,TOR,LAC,2210053463,|1627783|1627832|1628384|1629018|203920,0,REG,,,2022,1627783,-13.0,PF,Helper,0.72,VanVleet BLOCK (1 BLK),,,,LAC,1610612746.0,
Shot Chart Detail,22100534,69,0,Opponent,1610612761,Toronto Raptors,1,6,9,Made Shot,Pullup Jump shot,,Above the Break 3,Center(C),24+ ft.,25,27,252,1,1,20211231,TOR,LAC,2210053469,|1627783|1627832|1628384|1629018|203920,0,REG,,,2022,203920,-12.0,C,Mobile Big,0.63,Jackson 25' 3PT Pullup Jump Shot (3 PTS),,,,LAC,1610612746.0,
Shot Chart Detail,22100534,73,0,Opponent,1610612761,Toronto Raptors,1,5,40,Made Shot,Driving Layup Shot,,Restricted Area,Center(C),Less Than 8 ft.,2,27,10,1,1,20211231,TOR,LAC,2210053473,|1627783|1627832|1628384|1629018|203920,0,REG,,,2022,1629018|203920,-10.0,,,,,,,,LAC,1610612746.0,
Shot Chart Detail,22100534,87,0,Opponent,1610612761,Toronto Raptors,1,5,1,Made Shot,Driving Layup Shot,,Restricted Area,Center(C),Less Than 8 ft.,1,-18,6,1,1,20211231,TOR,LAC,2210053487,|1627783|1627832|1629018|1629139|1630173,1,REG,,,2022,1630173,-8.0,C,Mobile Big,0.24,Winslow 2' Driving Layup (2 PTS) (Bledsoe 1 AST),,,,LAC,1610612746.0,202339.0
Shot Chart Detail,22100534,97,0,Opponent,1610612761,Toronto Raptors,1,4,27,Missed Shot,Turnaround Jump Shot,,Mid-Range,Left Side(L),8-16 ft.,12,-118,23,1,0,20211231,TOR,LAC,2210053497,|1627783|1627832|1629018|1629139|1630173,0,REG,,,2022,1627783,-9.0,PF,Helper,0.72,MISS Morris Sr. 12' Turnaround Jump Shot,,,,LAC,1610612746.0,
Shot Chart Detail,22100534,103,0,Opponent,1610612761,Toronto Raptors,1,3,58,Missed Shot,Step Back Jump shot,,In The Paint (Non-RA),Center(C),8-16 ft.,13,4,138,1,0,20211231,TOR,LAC,22100534103,|1627783|1627832|1629018|1629139|1630173,0,REG,,,2022,1629139,-9.0,SF,Helper,0.1,MISS Bledsoe 14' Step Back Jump Shot,,,,LAC,1610612746.0,
Shot Chart Detail,22100534,108,0,Opponent,1610612761,Toronto Raptors,1,3,19,Made Shot,Step Back Jump shot,,Left Corner 3,Left Side(L),24+ ft.,22,-228,12,1,1,20211231,TOR,LAC,22100534108,|1627783|1627832|1629018|1629139|1630173,1,REG,,,2022,1629139,-8.0,SF,Helper,0.1,Mann 3PT Step Back Jump Shot (5 PTS) (Morris Sr. 1 AST),,,,LAC,1610612746.0,202694.0
Shot Chart Detail,22100534,126,0,Opponent,1610612761,Toronto Raptors,1,2,23,Made Shot,Jump Shot,,Above the Break 3,Center(C),24+ ft.,25,-22,252,1,1,20211231,TOR,LAC,22100534126,|1628449|1629018|1629139|1630173|1630201,1,REG,,,2022,1630173,-7.0,C,Mobile Big,0.24,Morris Sr. 25' 3PT Jump Shot (5 PTS) (Bledsoe 2 AST),,,,LAC,1610612746.0,202339.0
Shot Chart Detail,22100534,131,0,Opponent,1610612761,Toronto Raptors,1,1,51,Missed Shot,Jump Shot,,Above the Break 3,Left Side Center(LC),24+ ft.,25,-208,152,1,0,20211231,TOR,LAC,22100534131,|1628449|1629018|1629139|1630173|1630201,0,REG,,,2022,1629018,-9.0,SG,Chaser,0.19,MISS Morris Sr. 26' 3PT Jump Shot,,,,LAC,1610612746.0,
Shot Chart Detail,22100534,133,0,Opponent,1610612761,Toronto Raptors,1,1,45,Made Shot,Jump Shot,,Above the Break 3,Left Side Center(LC),24+ ft.,25,-222,133,1,1,20211231,TOR,LAC,22100534133,|1628449|1629018|1629139|1630173|1630201,1,REG,,,2022,1628449,-6.0,SF,Helper,0.4,Coffey 26' 3PT Jump Shot (3 PTS) (Johnson 1 AST),,,,LAC,1610612746.0,1630553.0
Shot Chart Detail,22100534,137,0,Opponent,1610612761,Toronto Raptors,1,1,10,Made Shot,Jump Shot,,Above the Break 3,Center(C),24+ ft.,24,31,247,1,1,20211231,TOR,LAC,22100534137,|1628449|1629018|1629139|1630173|1630201,1,REG,,,2022,1630201,-3.0,PG,Point of Attack,-0.52,Coffey 25' 3PT Jump Shot (6 PTS) (Bledsoe 3 AST),,,,LAC,1610612746.0,202339.0
Shot Chart Detail,22100534,147,0,Opponent,1610612761,Toronto Raptors,1,0,36,Made Shot,Driving Layup Shot,,Restricted Area,Center(C),Less Than 8 ft.,2,-18,15,1,1,20211231,TOR,LAC,22100534147,|1628449|1629004|1629139|1630173|1630201,1,REG,,,2022,1630201|1630173,-3.0,,,,,,,,LAC,1610612746.0,1630553.0
Shot Chart Detail,22100534,151,0,Opponent,1610612761,Toronto Raptors,1,0,3,Missed Shot,Step Back Jump shot,,Above the Break 3,Left Side Center(LC),24+ ft.,26,-118,232,1,0,20211231,TOR,LAC,22100534151,|1628449|1629004|1629139|1630173|1630201,0,REG,,,2022,1630173,-3.0,C,Mobile Big,0.24,MISS Bledsoe 26' 3PT Step Back Jump Shot,,,,LAC,1610612746.0,
Shot Chart Detail,22100534,160,0,Opponent,1610612761,Toronto Raptors,2,11,50,Made Shot,Driving Layup Shot,,Restricted Area,Center(C),Less Than 8 ft.,2,21,10,1,1,20211231,TOR,LAC,22100534160,|1628384|1628449|1629004|1629139|1630201,1,REG,,,2022,1628384|1629139,-1.0,,,,,,,,LAC,1610612746.0,1628379.0
Shot Chart Detail,22100534,173,0,Opponent,1610612761,Toronto Raptors,2,10,43,Missed Shot,Driving Layup Shot,,Restricted Area,Center(C),Less Than 8 ft.,2,15,25,1,0,20211231,TOR,LAC,22100534173,|1628384|1628449|1629004|1629139|1630201,0,REG,,,2022,1628449|1629139,-1.0,,,,,,,,LAC,1610612746.0,
Shot Chart Detail,22100534,183,0,Opponent,1610612761,Toronto Raptors,2,10,17,Missed Shot,Driving Layup Shot,,Restricted Area,Center(C),Less Than 8 ft.,2,23,8,1,0,20211231,TOR,LAC,22100534183,|1628384|1628449|1629004|1629139|1630201,0,REG,,,2022,1630201|1629139,-1.0,,,,,,,,LAC,1610612746.0,
Shot Chart Detail,22100534,191,0,Opponent,1610612761,Toronto Raptors,2,10,15,Missed Shot,Jump Shot,,Right Corner 3,Right Side(R),24+ ft.,23,235,-10,1,0,20211231,TOR,LAC,22100534191,|1627783|1627832|1628384|1628449|1629004,0,REG,,,2022,1627783,-1.0,PF,Helper,0.72,MISS Johnson 24' 3PT Jump Shot,,,,LAC,1610612746.0,
Shot Chart Detail,22100534,202,0,Opponent,1610612761,Toronto Raptors,2,9,36,Missed Shot,Jump Shot,,Above the Break 3,Right Side Center(RC),24+ ft.,25,129,222,1,0,20211231,TOR,LAC,22100534202,|1627783|1627832|1628384|1628449|1629004,0,REG,,,2022,1627832,-1.0,PG,Point of Attack,0.9,MISS Coffey 26' 3PT Jump Shot,,,,LAC,1610612746.0,
Shot Chart Detail,22100534,223,0,Opponent,1610612761,Toronto Raptors,2,8,45,Made Shot,Jump Shot,,Above the Break 3,Left Side Center(LC),24+ ft.,25,-188,176,1,1,20211231,TOR,LAC,22100534223,|1627783|1627832|1628384|1629004|203920,1,REG,,,2022,1627783,0.0,PF,Helper,0.72,Coffey 26' 3PT Jump Shot (11 PTS) (Kennard 2 AST),,,,LAC,1610612746.0,1628379.0
Shot Chart Detail,22100534,227,0,Opponent,1610612761,Toronto Raptors,2,8,18,Made Shot,Layup Shot,,In The Paint (Non-RA),Center(C),Less Than 8 ft.,4,-25,32,1,1,20211231,TOR,LAC,22100534227,|1627783|1627832|1628384|1629004|203920,0,REG,,,2022,203920,-1.0,C,Mobile Big,0.63,Winslow 4' Layup (4 PTS),,,,LAC,1610612746.0,
Shot Chart Detail,22100534,235,0,Opponent,1610612761,Toronto Raptors,2,7,22,Made Shot,Turnaround Jump Shot,,In The Paint (Non-RA),Center(C),8-16 ft.,10,-51,89,1,1,20211231,TOR,LAC,22100534235,|1627783|1627832|1628384|1629004|203920,0,REG,,,2022,1627832|1627783,-1.0,,,,,,,,LAC,1610612746.0,
Shot Chart Detail,22100534,245,0,Opponent,1610612761,Toronto Raptors,2,7,6,Made Shot,Driving Layup Shot,,Restricted Area,Center(C),Less Than 8 ft.,2,12,20,1,1,20211231,TOR,LAC,22100534245,|1627783|1627832|1629004|1629018|203920,1,REG,,,2022,1627832|1627783,0.0,,,,,,,,LAC,1610612746.0,202704.0
Shot Chart Detail,22100534,248,0,Opponent,1610612761,Toronto Raptors,2,6,43,Missed Shot,Jump Shot,,Right Corner 3,Right Side(R),24+ ft.,22,228,11,1,0,20211231,TOR,LAC,22100534248,|1627783|1627832|1629004|1629018|203920,0,REG,,,2022,203920,-2.0,C,Mobile Big,0.63,MISS Coffey 3PT Jump Shot,,,,LAC,1610612746.0,
Shot Chart Detail,22100534,261,0,Opponent,1610612761,Toronto Raptors,2,6,18,Made Shot,Jump Shot,,Mid-Range,Right Side(R),8-16 ft.,10,109,13,1,1,20211231,TOR,LAC,22100534261,|1627783|1627832|1629004|1629018|203920,0,REG,,,2022,1629004,-3.0,SF,Chaser,-0.31,Morris Sr. 11' Jump Shot (11 PTS),,,,LAC,1610612746.0,
Shot Chart Detail,22100534,276,0,Opponent,1610612761,Toronto Raptors,2,4,24,Made Shot,Jump Shot,,Right Corner 3,Right Side(R),24+ ft.,22,223,-10,1,1,20211231,TOR,LAC,22100534276,|1627783|1627832|1628384|1629018|203920,1,REG,,,2022,1629018,-2.0,SG,Chaser,0.19,Jackson 3PT Jump Shot (6 PTS) (Ibaka 2 AST),,,,LAC,1610612746.0,201586.0
Shot Chart Detail,22100534,280,0,Opponent,1610612761,Toronto Raptors,2,3,47,Made Shot,Jump Shot,,Right Corner 3,Right Side(R),24+ ft.,22,228,-1,1,1,20211231,TOR,LAC,22100534280,|1627783|1627832|1628384|1629018|203920,1,REG,,,2022,1627783,1.0,PF,Helper,0.72,Jackson 3PT Jump Shot (9 PTS) (Kennard 3 AST),,,,LAC,1610612746.0,1628379.0
Shot Chart Detail,22100534,292,0,Opponent,1610612761,Toronto Raptors,2,2,56,Made Shot,Driving Layup Shot,,Restricted Area,Center(C),Less Than 8 ft.,2,-22,12,1,1,20211231,TOR,LAC,22100534292,|1627783|1627832|1628384|1629018|1630173,1,REG,,,2022,1627783|1630173,3.0,,,,,,,,LAC,1610612746.0,202704.0
Shot Chart Detail,22100534,295,0,Opponent,1610612761,Toronto Raptors,2,2,26,Missed Shot,Jump Shot,,Above the Break 3,Left Side Center(LC),24+ ft.,26,-142,223,1,0,20211231,TOR,LAC,22100534295,|1627783|1627832|1628384|1629018|1630173,0,REG,,,2022,1629018,1.0,SG,Chaser,0.19,MISS Kennard 26' 3PT Jump Shot,,,,LAC,1610612746.0,
Shot Chart Detail,22100534,305,0,Opponent,1610612761,Toronto Raptors,2,1,25,Missed Shot,Jump Shot,,Above the Break 3,Right Side Center(RC),24+ ft.,25,145,204,1,0,20211231,TOR,LAC,22100534305,|1627783|1627832|1628384|1629018|1630173,0,REG,,,2022,1627783,3.0,PF,Helper,0.72,MISS Morris Sr. 25' 3PT Jump Shot,,,,LAC,1610612746.0,
Shot Chart Detail,22100534,318,0,Opponent,1610612761,Toronto Raptors,2,0,4,Made Shot,Pullup Jump shot,,Above the Break 3,Left Side Center(LC),24+ ft.,26,-135,231,1,1,20211231,TOR,LAC,22100534318,|1627783|1627832|1628384|1629018|1630173,0,REG,,,2022,1627783,6.0,PF,Helper,0.72,Jackson 27' 3PT Pullup Jump Shot (12 PTS),,,,LAC,1610612746.0,
Shot Chart Detail,22100534,325,0,Opponent,1610612761,Toronto Raptors,3,11,37,Missed Shot,Turnaround Fadeaway shot,,Mid-Range,Right Side(R),8-16 ft.,12,102,71,1,0,20211231,TOR,LAC,22100534325,|1627783|1627832|1628384|1629018|203920,0,REG,,,2022,1628384,6.0,SF,Wing Stopper,1.03,MISS Morris Sr. 12' Turnaround Fadeaway Shot,,,,LAC,1610612746.0,
Shot Chart Detail,22100534,331,0,Opponent,1610612761,Toronto Raptors,3,11,11,Missed Shot,Jump Shot,,Mid-Range,Right Side(R),16-24 ft.,17,157,88,1,0,20211231,TOR,LAC,22100534331,|1627783|1627832|1628384|1629018|203920,0,REG,,,2022,203920,6.0,C,Mobile Big,0.63,MISS Ibaka 18' Jump Shot,,,,LAC,1610612746.0,
Shot Chart Detail,22100534,335,0,Opponent,1610612761,Toronto Raptors,3,10,50,Missed Shot,Jump Shot,,Right Corner 3,Right Side(R),24+ ft.,23,235,9,1,0,20211231,TOR,LAC,22100534335,|1627783|1627832|1628384|1629018|203920,0,REG,,,2022,1627783,6.0,PF,Helper,0.72,MISS Jackson 24' 3PT Jump Shot,,,,LAC,1610612746.0,
Shot Chart Detail,22100534,355,0,Opponent,1610612761,Toronto Raptors,3,8,56,Made Shot,Dunk Shot,,Restricted Area,Center(C),Less Than 8 ft.,2,11,22,1,1,20211231,TOR,LAC,22100534355,|1627783|1627832|1628384|1629018|203920,1,REG,,,2022,203920,6.0,C,Mobile Big,0.63,Ibaka 2' Dunk (7 PTS) (Kennard 4 AST),,,,LAC,1610612746.0,1628379.0
Shot Chart Detail,22100534,365,0,Opponent,1610612761,Toronto Raptors,3,8,2,Made Shot,Driving Floating Jump Shot,,Mid-Range,Right Side(R),8-16 ft.,9,81,41,1,1,20211231,TOR,LAC,22100534365,|1627783|1627832|1628384|1629018|203920,1,REG,,,2022,1629018,6.0,SG,Chaser,0.19,Kennard 9' Driving Floating Jump Shot (10 PTS) (Morris Sr. 2 AST),,,,LAC,1610612746.0,202694.0
Shot Chart Detail,22100534,369,0,Opponent,1610612761,Toronto Raptors,3,7,30,Made Shot,Driving Finger Roll Layup Shot,,Restricted Area,Center(C),Less Than 8 ft.,2,9,27,1,1,20211231,TOR,LAC,22100534369,|1627783|1627832|1628384|1629018|203920,0,REG,,,2022,1627832,6.0,PG,Point of Attack,0.9,Jackson 3' Driving Finger Roll Layup (14 PTS),,,,LAC,1610612746.0,
Shot Chart Detail,22100534,371,0,Opponent,1610612761,Toronto Raptors,3,7,5,Missed Shot,Driving Finger Roll Layup Shot,,In The Paint (Non-RA),Center(C),Less Than 8 ft.,5,-33,50,1,0,20211231,TOR,LAC,22100534371,|1627783|1627832|1628384|1629018|203920,0,REG,,,2022,1628384,4.0,SF,Wing Stopper,1.03,MISS Jackson 6' Driving Finger Roll Layup,,,,LAC,1610612746.0,
Shot Chart Detail,22100534,376,0,Opponent,1610612761,Toronto Raptors,3,6,51,Made Shot,Cutting Dunk Shot,,Restricted Area,Center(C),Less Than 8 ft.,1,6,14,1,1,20211231,TOR,LAC,22100534376,|1627783|1627832|1628384|1629018|203920,1,REG,,,2022,1627783,6.0,PF,Helper,0.72,Mann 2' Cutting Dunk Shot (9 PTS) (Jackson 4 AST),,,,LAC,1610612746.0,202704.0
Shot Chart Detail,22100534,392,0,Opponent,1610612761,Toronto Raptors,3,6,20,Missed Shot,Jump Shot,,Right Corner 3,Right Side(R),24+ ft.,23,235,-7,1,0,20211231,TOR,LAC,22100534392,|1627783|1627832|1629018|1629139|203920,0,REG,,,2022,1629018,6.0,SG,Chaser,0.19,MISS Morris Sr. 24' 3PT Jump Shot,,,,LAC,1610612746.0,
Shot Chart Detail,22100534,407,0,Opponent,1610612761,Toronto Raptors,3,5,25,Made Shot,Floating Jump shot,,In The Paint (Non-RA),Left Side(L),8-16 ft.,10,-59,88,1,1,20211231,TOR,LAC,22100534407,|1627783|1627832|1629018|1629139|203920,1,REG,,,2022,1627832|1627783,5.0,,,,,,,,LAC,1610612746.0,1626159.0
Shot Chart Detail,22100534,411,0,Opponent,1610612761,Toronto Raptors,3,4,54,Made Shot,Jump Shot,,Left Corner 3,Left Side(L),24+ ft.,22,-225,22,1,1,20211231,TOR,LAC,22100534411,|1627783|1627832|1629018|1629139|203920,1,REG,,,2022,1629018,6.0,SG,Chaser,0.19,Morris Sr. 3PT Jump Shot (16 PTS) (Kennard 5 AST),,,,LAC,1610612746.0,1628379.0
Shot Chart Detail,22100534,437,0,Opponent,1610612761,Toronto Raptors,3,3,48,Missed Shot,Jump Shot,,Above the Break 3,Right Side Center(RC),24+ ft.,25,192,172,1,0,20211231,TOR,LAC,22100534437,|1627832|1628384|1628449|1629004|1629139,0,REG,,,2022,1627832,2.0,PG,Point of Attack,0.9,MISS Coffey 26' 3PT Jump Shot,,,,LAC,1610612746.0,
Shot Chart Detail,22100534,455,0,Opponent,1610612761,Toronto Raptors,3,2,35,Made Shot,Fadeaway Jump Shot,,In The Paint (Non-RA),Center(C),8-16 ft.,11,26,115,1,1,20211231,TOR,LAC,22100534455,|1627832|1628384|1628449|1629004|1629139,1,REG,,,2022,1629139,3.0,SF,Helper,0.1,Mann 12' Fadeaway Jumper (11 PTS) (Winslow 2 AST),,,,LAC,1610612746.0,1626159.0
Shot Chart Detail,22100534,463,0,Opponent,1610612761,Toronto Raptors,3,1,52,Made Shot,Running Layup Shot,,Restricted Area,Center(C),Less Than 8 ft.,2,1,21,1,1,20211231,TOR,LAC,22100534463,|1627832|1628384|1628449|1629004|1629139,1,REG,,,2022,1627832,5.0,PG,Point of Attack,0.9,Johnson 2' Running Layup (2 PTS) (Bledsoe 4 AST),,,,LAC,1610612746.0,202339.0
Shot Chart Detail,22100534,479,0,Opponent,1610612761,Toronto Raptors,3,0,51,Made Shot,Driving Layup Shot,,Restricted Area,Center(C),Less Than 8 ft.,2,-22,17,1,1,20211231,TOR,LAC,22100534479,|1627783|1628384|1628449|1629004|1629139,1,REG,,,2022,1629004,7.0,SF,Chaser,-0.31,Winslow 3' Driving Layup (6 PTS) (Bledsoe 5 AST),,,,LAC,1610612746.0,202339.0
Shot Chart Detail,22100534,485,0,Opponent,1610612761,Toronto Raptors,3,0,29,Missed Shot,Jump Shot,,Left Corner 3,Left Side(L),24+ ft.,23,-225,50,1,0,20211231,TOR,LAC,22100534485,|1627783|1628384|1628449|1629004|1629139,0,REG,,,2022,1629139,5.0,SF,Helper,0.1,MISS Winslow 3PT Jump Shot,,,,LAC,1610612746.0,
Shot Chart Detail,22100534,489,0,Opponent,1610612761,Toronto Raptors,3,0,3,Missed Shot,Layup Shot,,In The Paint (Non-RA),Center(C),Less Than 8 ft.,6,-27,57,1,0,20211231,TOR,LAC,22100534489,|1627783|1628384|1628449|1629004|1629139,0,REG,,,2022,1627783,5.0,PF,Helper,0.72,Siakam BLOCK (2 BLK),,,,LAC,1610612746.0,
Shot Chart Detail,22100534,504,0,Opponent,1610612761,Toronto Raptors,4,11,15,Missed Shot,Jump Shot,,Mid-Range,Right Side(R),16-24 ft.,16,137,98,1,0,20211231,TOR,LAC,22100534504,|1627783|1628384|1628449|1630551|1630625,0,REG,,,2022,1628449|1630625,5.0,,,,,,,,LAC,1610612746.0,
Shot Chart Detail,22100534,512,0,Opponent,1610612761,Toronto Raptors,4,10,51,Made Shot,Jump Bank Shot,,Mid-Range,Right Side(R),8-16 ft.,11,85,82,1,1,20211231,TOR,LAC,22100534512,|1627783|1628384|1628449|1630551|1630625,1,REG,,,2022,1627783,5.0,PF,Helper,0.72,Winslow 12' Jump Bank Shot (8 PTS) (Kennard 6 AST),,,,LAC,1610612746.0,1628379.0
Shot Chart Detail,22100534,516,0,Opponent,1610612761,Toronto Raptors,4,10,11,Missed Shot,Jump Shot,,Above the Break 3,Right Side Center(RC),24+ ft.,25,153,210,1,0,20211231,TOR,LAC,22100534516,|1627783|1628384|1628449|1630551|1630625,0,REG,,,2022,1628384,2.0,SF,Wing Stopper,1.03,MISS Kennard 26' 3PT Jump Shot,,,,LAC,1610612746.0,
Shot Chart Detail,22100534,527,0,Opponent,1610612761,Toronto Raptors,4,9,52,Made Shot,Cutting Dunk Shot,,Restricted Area,Center(C),Less Than 8 ft.,1,1,16,1,1,20211231,TOR,LAC,22100534527,|1627783|1628384|1628449|1630551|1630625,1,REG,,,2022,1630625,3.0,PG,Chaser,0.27,Johnson 2' Cutting Dunk Shot (4 PTS) (Bledsoe 6 AST),,,,LAC,1610612746.0,202339.0
Shot Chart Detail,22100534,557,0,Opponent,1610612761,Toronto Raptors,4,7,55,Made Shot,Jump Shot,,Above the Break 3,Right Side Center(RC),24+ ft.,26,192,179,1,1,20211231,TOR,LAC,22100534557,|1627783|1627832|1628384|1628449|1630551,1,REG,,,2022,1628384,0.0,SF,Wing Stopper,1.03,Jackson 26' 3PT Jump Shot (17 PTS) (Mann 1 AST),,,,LAC,1610612746.0,1629611.0
Shot Chart Detail,22100534,561,0,Opponent,1610612761,Toronto Raptors,4,7,10,Missed Shot,Turnaround Fadeaway shot,,In The Paint (Non-RA),Left Side(L),8-16 ft.,8,-74,31,1,0,20211231,TOR,LAC,22100534561,|1627783|1627832|1628384|1628449|1630551,0,REG,,,2022,1627783,-2.0,PF,Helper,0.72,MISS Morris Sr. 8' Turnaround Fadeaway Shot,,,,LAC,1610612746.0,
Shot Chart Detail,22100534,567,0,Opponent,1610612761,Toronto Raptors,4,6,26,Made Shot,Driving Layup Shot,,In The Paint (Non-RA),Center(C),Less Than 8 ft.,7,-48,63,1,1,20211231,TOR,LAC,22100534567,|1627783|1627832|1628384|1628449|1630551,0,REG,,,2022,1628449,-2.0,SF,Helper,0.4,Coffey 8' Driving Layup (15 PTS),,,,LAC,1610612746.0,
Shot Chart Detail,22100534,571,0,Opponent,1610612761,Toronto Raptors,4,6,3,Made Shot,Jump Shot,,Left Corner 3,Left Side(L),24+ ft.,22,-229,11,1,1,20211231,TOR,LAC,22100534571,|1627783|1627832|1628384|1628449|1630551,1,REG,,,2022,1630551,1.0,SF,Helper,-0.61,Kennard 3PT Jump Shot (13 PTS) (Coffey 1 AST),,,,LAC,1610612746.0,1629599.0
Shot Chart Detail,22100534,577,0,Opponent,1610612761,Toronto Raptors,4,5,6,Missed Shot,Pullup Jump shot,,Above the Break 3,Right Side Center(RC),24+ ft.,27,158,219,1,0,20211231,TOR,LAC,22100534577,|1627783|1627832|1628384|1628449|1630551,0,REG,,,2022,1630551,-2.0,SF,Helper,-0.61,MISS Jackson 27' 3PT Pullup Jump Shot,,,,LAC,1610612746.0,
Shot Chart Detail,22100534,586,0,Opponent,1610612761,Toronto Raptors,4,4,34,Made Shot,Jump Shot,,Mid-Range,Right Side(R),8-16 ft.,10,82,68,1,1,20211231,TOR,LAC,22100534586,|1627783|1627832|1628449|1629018|1630551,0,REG,,,2022,1627832,0.0,PG,Point of Attack,0.9,Morris Sr. 11' Jump Shot (18 PTS),,,,LAC,1610612746.0,
Shot Chart Detail,22100534,598,0,Opponent,1610612761,Toronto Raptors,4,3,41,Made Shot,Pullup Jump shot,,Mid-Range,Left Side Center(LC),16-24 ft.,18,-89,164,1,1,20211231,TOR,LAC,22100534598,|1627783|1627832|1628449|1629018|1630551,0,REG,,,2022,1629018,0.0,SG,Chaser,0.19,Morris Sr. 19' Pullup Jump Shot (20 PTS),,,,LAC,1610612746.0,
Shot Chart Detail,22100534,600,0,Opponent,1610612761,Toronto Raptors,4,3,4,Missed Shot,Jump Shot,,Above the Break 3,Left Side Center(LC),24+ ft.,26,-137,226,1,0,20211231,TOR,LAC,22100534600,|1627783|1627832|1628449|1629018|1630551,0,REG,,,2022,1630551,-2.0,SF,Helper,-0.61,MISS Kennard 26' 3PT Jump Shot,,,,LAC,1610612746.0,
Shot Chart Detail,22100534,604,0,Opponent,1610612761,Toronto Raptors,4,2,49,Made Shot,Running Dunk Shot,,Restricted Area,Center(C),Less Than 8 ft.,1,4,17,1,1,20211231,TOR,LAC,22100534604,|1627783|1627832|1628449|1629018|1630551,1,REG,,,2022,1629018,0.0,SG,Chaser,0.19,Mann 2' Running Dunk (15 PTS) (Morris Sr. 3 AST),,,,LAC,1610612746.0,202694.0
Shot Chart Detail,22100534,608,0,Opponent,1610612761,Toronto Raptors,4,2,14,Missed Shot,Driving Layup Shot,,Restricted Area,Center(C),Less Than 8 ft.,3,29,22,1,0,20211231,TOR,LAC,22100534608,|1627783|1627832|1628449|1629018|1630551,0,REG,,,2022,1630551,0.0,SF,Helper,-0.61,MISS Morris Sr. 4' Driving Layup,,,,LAC,1610612746.0,
Shot Chart Detail,22100534,618,0,Opponent,1610612761,Toronto Raptors,4,1,48,Missed Shot,Pullup Jump shot,,Mid-Range,Center(C),16-24 ft.,18,-29,184,1,0,20211231,TOR,LAC,22100534618,|1627783|1627832|1628384|1628449|1629018,0,REG,,,2022,1629018,-2.0,SG,Chaser,0.19,MISS Jackson 19' Pullup Jump Shot,,,,LAC,1610612746.0,
Shot Chart Detail,22100534,623,0,Opponent,1610612761,Toronto Raptors,4,1,22,Made Shot,Pullup Jump shot,,Above the Break 3,Center(C),24+ ft.,27,7,273,1,1,20211231,TOR,LAC,22100534623,|1627783|1627832|1628384|1628449|1629018,0,REG,,,2022,1629018,-1.0,SG,Chaser,0.19,Mann 27' 3PT Pullup Jump Shot (18 PTS),,,,LAC,1610612746.0,
Shot Chart Detail,22100534,625,0,Opponent,1610612761,Toronto Raptors,4,0,46,Missed Shot,Jump Shot,,Left Corner 3,Left Side(L),24+ ft.,22,-224,22,1,0,20211231,TOR,LAC,22100534625,|1627783|1627832|1628384|1628449|1629018,0,REG,,,2022,1628449,-3.0,SF,Helper,0.4,MISS Coffey 3PT Jump Shot,,,,LAC,1610612746.0,
Shot Chart Detail,22100534,631,0,Opponent,1610612761,Toronto Raptors,4,0,18,Missed Shot,Pullup Jump shot,,Above the Break 3,Left Side Center(LC),24+ ft.,26,-107,243,1,0,20211231,TOR,LAC,22100534631,|1627783|1627832|1628384|1628449|1629018,0,REG,,,2022,1627783,-6.0,PF,Helper,0.72,MISS Morris Sr. 27' 3PT Pullup Jump Shot,,,,LAC,1610612746.0,
Shot Chart Detail,22100534,637,0,Opponent,1610612761,Toronto Raptors,4,0,10,Missed Shot,Step Back Jump shot,,In The Paint (Non-RA),Right Side(R),8-16 ft.,10,69,73,1,0,20211231,TOR,LAC,22100534637,|1627783|1627832|1628384|1628449|1629018,0,REG,,,2022,1628384,-8.0,SF,Wing Stopper,1.03,MISS Jackson 10' Step Back Jump Shot,,,,LAC,1610612746.0,
Shot Chart Detail,22100534,639,0,Opponent,1610612761,Toronto Raptors,4,0,4,Missed Shot,Jump Shot,,Right Corner 3,Right Side(R),24+ ft.,23,239,10,1,0,20211231,TOR,LAC,22100534639,|1627783|1627832|1628384|1628449|1629018,0,REG,,,2022,1628449,-8.0,SF,Helper,0.4,MISS Mann 24' 3PT Jump Shot,,,,LAC,1610612746.0,
Shot Chart Detail,22100545,7,0,Opponent,1610612761,Toronto Raptors,1,11,40,Missed Shot,Jump Shot,,Above the Break 3,Left Side Center(LC),24+ ft.,27,-114,248,1,0,20220102,TOR,NYK,221005457,|1627783|1627832|1628384|1629018|1630567,0,REG,,,2022,1627832,0.0,PG,Point of Attack,0.9,MISS McBride 27' 3PT Jump Shot,,,,NYK,1610612752.0,
Shot Chart Detail,22100545,11,0,Opponent,1610612761,Toronto Raptors,1,11,5,Made Shot,Driving Finger Roll Layup Shot,,Restricted Area,Center(C),Less Than 8 ft.,3,1,32,1,1,20220102,TOR,NYK,2210054511,|1627783|1627832|1628384|1629018|1630567,1,REG,,,2022,1629018,0.0,SG,Chaser,0.19,Fournier 3' Driving Finger Roll Layup (2 PTS) (Gibson 1 AST),,,,NYK,1610612752.0,201959.0
Shot Chart Detail,22100545,13,0,Opponent,1610612761,Toronto Raptors,1,10,23,Made Shot,Jump Shot,,Above the Break 3,Left Side Center(LC),24+ ft.,26,-181,194,1,1,20220102,TOR,NYK,2210054513,|1627783|1627832|1628384|1629018|1630567,1,REG,,,2022,1627832,1.0,PG,Point of Attack,0.9,Toppin 27' 3PT Jump Shot (3 PTS) (McBride 1 AST),,,,NYK,1610612752.0,1630540.0
Shot Chart Detail,22100545,17,0,Opponent,1610612761,Toronto Raptors,1,9,51,Missed Shot,Jump Shot,,Above the Break 3,Left Side Center(LC),24+ ft.,26,-195,180,1,0,20220102,TOR,NYK,2210054517,|1627783|1627832|1628384|1629018|1630567,0,REG,,,2022,1629018,-2.0,SG,Chaser,0.19,MISS Fournier 27' 3PT Jump Shot,,,,NYK,1610612752.0,
Shot Chart Detail,22100545,37,0,Opponent,1610612761,Toronto Raptors,1,8,34,Missed Shot,Jump Shot,,Above the Break 3,Left Side Center(LC),24+ ft.,27,-199,185,1,0,20220102,TOR,NYK,2210054537,|1627783|1627832|1628384|1629018|1630567,0,REG,,,2022,1630567,-7.0,PF,Helper,0.63,MISS Toppin 27' 3PT Jump Shot,,,,NYK,1610612752.0,
Shot Chart Detail,22100545,41,0,Opponent,1610612761,Toronto Raptors,1,8,16,Missed Shot,Layup Shot,,In The Paint (Non-RA),Center(C),Less Than 8 ft.,5,-51,30,1,0,20220102,TOR,NYK,2210054541,|1627783|1627832|1628384|1629018|1630567,0,REG,,,2022,1630567,-7.0,PF,Helper,0.63,MISS Gibson 6' Layup,,,,NYK,1610612752.0,
Shot Chart Detail,22100545,56,0,Opponent,1610612761,Toronto Raptors,1,7,27,Missed Shot,Fadeaway Jump Shot,,Mid-Range,Left Side(L),8-16 ft.,13,-118,58,1,0,20220102,TOR,NYK,2210054556,|1627783|1627832|1628384|1629018|203920,0,REG,,,2022,1629018,-11.0,SG,Chaser,0.19,MISS Fournier 13' Fadeaway Jumper,,,,NYK,1610612752.0,
Shot Chart Detail,22100545,63,0,Opponent,1610612761,Toronto Raptors,1,6,58,Made Shot,Jump Shot,,Right Corner 3,Right Side(R),24+ ft.,23,234,3,1,1,20220102,TOR,NYK,2210054563,|1627783|1627832|1628384|1629018|203920,1,REG,,,2022,1628384,-8.0,SF,Wing Stopper,1.03,Gibson 3PT Jump Shot (3 PTS) (Toppin 1 AST),,,,NYK,1610612752.0,1630167.0
Shot Chart Detail,22100545,67,0,Opponent,1610612761,Toronto Raptors,1,6,21,Made Shot,Pullup Jump shot,,Mid-Range,Center(C),16-24 ft.,17,47,167,1,1,20220102,TOR,NYK,2210054567,|1627783|1627832|1628384|1629018|203920,0,REG,,,2022,203920,-6.0,C,Mobile Big,0.63,Burks 17' Pullup Jump Shot (2 PTS),,,,NYK,1610612752.0,
Shot Chart Detail,22100545,70,0,Opponent,1610612761,Toronto Raptors,1,5,56,Missed Shot,Pullup Jump shot,,Mid-Range,Left Side Center(LC),16-24 ft.,18,-126,134,1,0,20220102,TOR,NYK,2210054570,|1627783|1627832|1628384|1629018|203920,0,REG,,,2022,203920|1628384,-6.0,,,,,,,,NYK,1610612752.0,
Shot Chart Detail,22100545,72,0,Opponent,1610612761,Toronto Raptors,1,5,51,Missed Shot,Jump Shot,,Above the Break 3,Right Side Center(RC),24+ ft.,26,212,153,1,0,20220102,TOR,NYK,2210054572,|1627783|1627832|1628384|1629018|203920,0,REG,,,2022,1629018,-6.0,SG,Chaser,0.19,MISS Fournier 26' 3PT Jump Shot,,,,NYK,1610612752.0,
Shot Chart Detail,22100545,78,0,Opponent,1610612761,Toronto Raptors,1,5,30,Made Shot,Running Jump Shot,,Mid-Range,Left Side(L),16-24 ft.,23,-196,122,1,1,20220102,TOR,NYK,2210054578,|1627783|1627832|1628384|1629018|203920,1,REG,,,2022,1627832,-4.0,PG,Point of Attack,0.9,Burks 23' Running Jump Shot (4 PTS) (Toppin 2 AST),,,,NYK,1610612752.0,1630167.0
Shot Chart Detail,22100545,89,0,Opponent,1610612761,Toronto Raptors,1,5,2,Missed Shot,Pullup Jump shot,,Mid-Range,Center(C),16-24 ft.,17,20,177,1,0,20220102,TOR,NYK,2210054589,|1627832|1628384|1629018|1630567|203920,0,REG,,,2022,1630567,-6.0,PF,Helper,0.63,MISS Burks 18' Pullup Jump Shot,,,,NYK,1610612752.0,
Shot Chart Detail,22100545,93,0,Opponent,1610612761,Toronto Raptors,1,4,32,Made Shot,Pullup Jump shot,,Mid-Range,Center(C),8-16 ft.,14,4,147,1,1,20220102,TOR,NYK,2210054593,|1627832|1628384|1629018|1630567|203920,0,REG,,,2022,1630567,-6.0,PF,Helper,0.63,Fournier 15' Pullup Jump Shot (4 PTS),,,,NYK,1610612752.0,
Shot Chart Detail,22100545,97,0,Opponent,1610612761,Toronto Raptors,1,4,0,Missed Shot,Jump Shot,,Above the Break 3,Right Side Center(RC),24+ ft.,26,170,201,1,0,20220102,TOR,NYK,2210054597,|1627832|1628384|1629018|1630567|203920,0,REG,,,2022,1627832,-8.0,PG,Point of Attack,0.9,MISS Quickley 26' 3PT Jump Shot,,,,NYK,1610612752.0,
Shot Chart Detail,22100545,99,0,Opponent,1610612761,Toronto Raptors,1,3,56,Made Shot,Tip Dunk Shot,,Restricted Area,Center(C),Less Than 8 ft.,0,0,0,1,1,20220102,TOR,NYK,2210054599,|1627832|1628384|1629018|1630567|203920,0,REG,,,2022,1629018,-6.0,SG,Chaser,0.19,Toppin Tip Dunk Shot (5 PTS),,,,NYK,1610612752.0,
Shot Chart Detail,22100545,113,0,Opponent,1610612761,Toronto Raptors,1,3,15,Made Shot,Jump Shot,,Above the Break 3,Right Side Center(RC),24+ ft.,25,188,178,1,1,20220102,TOR,NYK,22100545113,|1627783|1627832|1629004|1630567|203920,1,REG,,,2022,1627783,-6.0,PF,Helper,0.72,Fournier 26' 3PT Jump Shot (7 PTS) (Toppin 3 AST),,,,NYK,1610612752.0,1630167.0
Shot Chart Detail,22100545,116,0,Opponent,1610612761,Toronto Raptors,1,2,45,Made Shot,Driving Finger Roll Layup Shot,,Restricted Area,Center(C),Less Than 8 ft.,2,23,11,1,1,20220102,TOR,NYK,22100545116,|1627783|1627832|1629004|1630567|203920,1,REG,,,2022,1627832|203920,-4.0,,,,,,,,NYK,1610612752.0,201959.0
Shot Chart Detail,22100545,119,0,Opponent,1610612761,Toronto Raptors,1,2,5,Missed Shot,Floating Jump shot,,Mid-Range,Left Side Center(LC),16-24 ft.,18,-126,134,1,0,20220102,TOR,NYK,22100545119,|1627783|1627832|1629004|1630567|203920,0,REG,,,2022,1630567,-4.0,PF,Helper,0.63,MISS Fournier 18' Floating Jump Shot,,,,NYK,1610612752.0,
Shot Chart Detail,22100545,123,0,Opponent,1610612761,Toronto Raptors,1,1,37,Made Shot,Driving Floating Bank Jump Shot,,In The Paint (Non-RA),Center(C),Less Than 8 ft.,6,54,34,1,1,20220102,TOR,NYK,22100545123,|1627783|1627832|1629004|1630567|203920,0,REG,,,2022,1627832|1627783,-2.0,,,,,,,,NYK,1610612752.0,
Shot Chart Detail,22100545,126,0,Opponent,1610612761,Toronto Raptors,1,1,13,Missed Shot,Jump Shot,,Above the Break 3,Left Side Center(LC),24+ ft.,25,-222,121,1,0,20220102,TOR,NYK,22100545126,|1627783|1627832|1629004|1630567|203920,0,REG,,,2022,1630567,-2.0,PF,Helper,0.63,MISS Fournier 25' 3PT Jump Shot,,,,NYK,1610612752.0,
Shot Chart Detail,22100545,136,0,Opponent,1610612761,Toronto Raptors,1,0,35,Missed Shot,Driving Floating Jump Shot,,In The Paint (Non-RA),Left Side(L),8-16 ft.,8,-59,62,1,0,20220102,TOR,NYK,22100545136,|1628384|1628449|1629004|1630567|203920,0,REG,,,2022,1630567,-4.0,PF,Helper,0.63,Birch BLOCK (1 BLK),,,,NYK,1610612752.0,
Shot Chart Detail,22100545,145,0,Opponent,1610612761,Toronto Raptors,1,0,9,Made Shot,Jump Shot,,Above the Break 3,Left Side Center(LC),24+ ft.,26,-136,226,1,1,20220102,TOR,NYK,22100545145,|1628384|1628449|1629004|1630567|203920,1,REG,,,2022,1630567,-3.0,PF,Helper,0.63,Quickley 26' 3PT Jump Shot (5 PTS) (Toppin 4 AST),,,,NYK,1610612752.0,1630167.0
Shot Chart Detail,22100545,158,0,Opponent,1610612761,Toronto Raptors,2,11,28,Missed Shot,Jump Shot,,Above the Break 3,Center(C),24+ ft.,26,-44,263,1,0,20220102,TOR,NYK,22100545158,|1628384|1628449|1629004|1630173|1630567,0,REG,,,2022,1628449,-6.0,SF,Helper,0.4,MISS Knox II 27' 3PT Jump Shot,,,,NYK,1610612752.0,
Shot Chart Detail,22100545,165,0,Opponent,1610612761,Toronto Raptors,2,10,55,Missed Shot,Jump Shot,,Above the Break 3,Right Side Center(RC),24+ ft.,26,203,168,1,0,20220102,TOR,NYK,22100545165,|1628384|1628449|1629004|1630173|1630567,0,REG,,,2022,1629004,-7.0,SF,Chaser,-0.31,MISS Grimes 26' 3PT Jump Shot,,,,NYK,1610612752.0,
Shot Chart Detail,22100545,191,0,Opponent,1610612761,Toronto Raptors,2,8,59,Missed Shot,Jump Shot,,Above the Break 3,Center(C),24+ ft.,28,-28,281,1,0,20220102,TOR,NYK,22100545191,|1628384|1628449|1629004|1630173|1630567,0,REG,,,2022,,,,,,,,,,NYK,1610612752.0,
Shot Chart Detail,22100545,206,0,Opponent,1610612761,Toronto Raptors,2,8,12,Missed Shot,Jump Shot,,Left Corner 3,Left Side(L),24+ ft.,23,-228,32,1,0,20220102,TOR,NYK,22100545206,|1627783|1628449|1629018|1630173|1630567,0,REG,,,2022,1628449,-10.0,SF,Helper,0.4,Boucher BLOCK (1 BLK),,,,NYK,1610612752.0,
Shot Chart Detail,22100545,230,0,Opponent,1610612761,Toronto Raptors,2,6,59,Missed Shot,Driving Floating Jump Shot,,Restricted Area,Center(C),Less Than 8 ft.,3,-11,30,1,0,20220102,TOR,NYK,22100545230,|1627783|1627832|1628449|1629018|1630173,0,REG,,,2022,1630173,-12.0,C,Mobile Big,0.24,MISS Barrett 3' Driving Floating Jump Shot,,,,NYK,1610612752.0,
Shot Chart Detail,22100545,234,0,Opponent,1610612761,Toronto Raptors,2,6,31,Missed Shot,Jump Shot,,Above the Break 3,Right Side Center(RC),24+ ft.,30,181,241,1,0,20220102,TOR,NYK,22100545234,|1627783|1627832|1628449|1629018|1630173,0,REG,,,2022,1627783,-15.0,PF,Helper,0.72,MISS Burks 30' 3PT Jump Shot,,,,NYK,1610612752.0,
Shot Chart Detail,22100545,240,0,Opponent,1610612761,Toronto Raptors,2,6,6,Made Shot,Driving Layup Shot,,Restricted Area,Center(C),Less Than 8 ft.,3,26,17,1,1,20220102,TOR,NYK,22100545240,|1627783|1627832|1628449|1629018|1630173,1,REG,,,2022,1627832|1627783,-15.0,,,,,,,,NYK,1610612752.0,1630193.0
Shot Chart Detail,22100545,244,0,Opponent,1610612761,Toronto Raptors,2,5,35,Made Shot,Running Layup Shot,,Restricted Area,Center(C),Less Than 8 ft.,3,25,24,1,1,20220102,TOR,NYK,22100545244,|1627783|1627832|1628449|1629018|1630173,1,REG,,,2022,1630173,-13.0,C,Mobile Big,0.24,Toppin 3' Running Layup (7 PTS) (Barrett 1 AST),,,,NYK,1610612752.0,1629628.0
Shot Chart Detail,22100545,249,0,Opponent,1610612761,Toronto Raptors,2,4,59,Made Shot,Driving Dunk Shot,,Restricted Area,Center(C),Less Than 8 ft.,0,1,9,1,1,20220102,TOR,NYK,22100545249,|1627783|1627832|1628449|1629018|1630173,1,REG,,,2022,1627783,-11.0,PF,Helper,0.72,Barrett 1' Driving Dunk (6 PTS) (Toppin 5 AST),,,,NYK,1610612752.0,1630167.0
Shot Chart Detail,22100545,282,0,Opponent,1610612761,Toronto Raptors,2,3,18,Missed Shot,Driving Floating Jump Shot,,In The Paint (Non-RA),Center(C),Less Than 8 ft.,7,-31,67,1,0,20220102,TOR,NYK,22100545282,|1627783|1627832|1628384|1629139|1630567,0,REG,,,2022,1627832|1627783,-15.0,,,,,,,,NYK,1610612752.0,
Shot Chart Detail,22100545,284,0,Opponent,1610612761,Toronto Raptors,2,3,13,Made Shot,Tip Layup Shot,,Restricted Area,Center(C),Less Than 8 ft.,0,0,0,1,1,20220102,TOR,NYK,22100545284,|1627783|1627832|1628384|1629139|1630567,0,REG,,,2022,1627832|1627783,-13.0,,,,,,,,NYK,1610612752.0,
Shot Chart Detail,22100545,287,0,Opponent,1610612761,Toronto Raptors,2,2,40,Missed Shot,Jump Shot,,Mid-Range,Right Side(R),16-24 ft.,19,189,-25,1,0,20220102,TOR,NYK,22100545287,|1627783|1627832|1628384|1629139|1630567,0,REG,,,2022,1630567,-13.0,PF,Helper,0.63,MISS Burks 19' Jump Shot,,,,NYK,1610612752.0,
Shot Chart Detail,22100545,292,0,Opponent,1610612761,Toronto Raptors,2,2,6,Made Shot,Driving Layup Shot,,Restricted Area,Center(C),Less Than 8 ft.,2,-18,17,1,1,20220102,TOR,NYK,22100545292,|1627783|1627832|1628384|1629139|1630567,0,REG,,,2022,1627832,-13.0,PG,Point of Attack,0.9,Burks 2' Driving Layup (8 PTS),,,,NYK,1610612752.0,
Shot Chart Detail,22100545,319,0,Opponent,1610612761,Toronto Raptors,2,0,28,Missed Shot,Running Layup Shot,,Restricted Area,Center(C),Less Than 8 ft.,3,22,26,1,0,20220102,TOR,NYK,22100545319,|1627783|1627832|1628384|1629139|1630567,0,REG,,,2022,1628384,-11.0,SF,Wing Stopper,1.03,Barnes BLOCK (1 BLK),,,,NYK,1610612752.0,
Shot Chart Detail,22100545,342,0,Opponent,1610612761,Toronto Raptors,3,11,34,Missed Shot,Running Jump Shot,,Left Corner 3,Left Side(L),24+ ft.,23,-233,27,1,0,20220102,TOR,NYK,22100545342,|1627783|1627832|1628384|1629018|1630567,0,REG,,,2022,1630567,-11.0,PF,Helper,0.63,MISS Fournier 3PT Running Jump Shot,,,,NYK,1610612752.0,
Shot Chart Detail,22100545,353,0,Opponent,1610612761,Toronto Raptors,3,11,14,Missed Shot,Jump Shot,,Mid-Range,Center(C),16-24 ft.,23,-1,230,1,0,20220102,TOR,NYK,22100545353,|1627783|1627832|1628384|1629018|1630567,0,REG,,,2022,1627783,-12.0,PF,Helper,0.72,MISS Quickley 23' Jump Shot,,,,NYK,1610612752.0,
Shot Chart Detail,22100545,357,0,Opponent,1610612761,Toronto Raptors,3,11,7,Missed Shot,Jump Shot,,Left Corner 3,Left Side(L),24+ ft.,23,-230,-3,1,0,20220102,TOR,NYK,22100545357,|1627783|1627832|1628384|1629018|1630567,0,REG,,,2022,1627783,-12.0,PF,Helper,0.72,MISS Toppin 3PT Jump Shot,,,,NYK,1610612752.0,
Shot Chart Detail,22100545,370,0,Opponent,1610612761,Toronto Raptors,3,10,7,Made Shot,Step Back Jump shot,,Above the Break 3,Center(C),24+ ft.,26,-72,251,1,1,20220102,TOR,NYK,22100545370,|1627783|1627832|1628384|1630567|203920,0,REG,,,2022,1628384,-9.0,SF,Wing Stopper,1.03,Fournier 26' 3PT Step Back Jump Shot (12 PTS),,,,NYK,1610612752.0,
Shot Chart Detail,22100545,382,0,Opponent,1610612761,Toronto Raptors,3,9,12,Missed Shot,Step Back Jump shot,,Above the Break 3,Left Side Center(LC),24+ ft.,26,-109,247,1,0,20220102,TOR,NYK,22100545382,|1627783|1627832|1628384|1630567|203920,0,REG,,,2022,1630567,-11.0,PF,Helper,0.63,MISS Fournier 27' 3PT Step Back Jump Shot,,,,NYK,1610612752.0,
Shot Chart Detail,22100545,391,0,Opponent,1610612761,Toronto Raptors,3,8,19,Made Shot,Driving Floating Jump Shot,,In The Paint (Non-RA),Center(C),Less Than 8 ft.,5,0,58,1,1,20220102,TOR,NYK,22100545391,|1627783|1627832|1628384|1630567|203920,0,REG,,,2022,1627832,-14.0,PG,Point of Attack,0.9,Barrett 6' Driving Floating Jump Shot (10 PTS),,,,NYK,1610612752.0,
Shot Chart Detail,22100545,394,0,Opponent,1610612761,Toronto Raptors,3,7,53,Made Shot,Turnaround Fadeaway Bank Jump Shot,,In The Paint (Non-RA),Center(C),Less Than 8 ft.,7,-70,27,1,1,20220102,TOR,NYK,22100545394,|1627783|1627832|1628384|1630567|203920,0,REG,,,2022,1627832|1630567,-12.0,,,,,,,,NYK,1610612752.0,
Shot Chart Detail,22100545,406,0,Opponent,1610612761,Toronto Raptors,3,6,21,Made Shot,Jump Shot,,Left Corner 3,Left Side(L),24+ ft.,22,-225,6,1,1,20220102,TOR,NYK,22100545406,|1627783|1627832|1628384|1630567|203920,1,REG,,,2022,203920,-9.0,C,Mobile Big,0.63,Fournier 3PT Jump Shot (15 PTS) (Barrett 2 AST),,,,NYK,1610612752.0,1629628.0
Shot Chart Detail,22100545,409,0,Opponent,1610612761,Toronto Raptors,3,5,41,Missed Shot,Jump Shot,,Left Corner 3,Left Side(L),24+ ft.,23,-228,38,1,0,20220102,TOR,NYK,22100545409,|1627783|1627832|1628384|1630567|203920,0,REG,,,2022,,,,,,,,,,NYK,1610612752.0,
Shot Chart Detail,22100545,423,0,Opponent,1610612761,Toronto Raptors,3,4,24,Missed Shot,Step Back Jump shot,,Above the Break 3,Left Side Center(LC),24+ ft.,25,-211,149,1,0,20220102,TOR,NYK,22100545423,|1627783|1627832|1628449|1630567|203920,0,REG,,,2022,203920,-16.0,C,Mobile Big,0.63,MISS Fournier 26' 3PT Step Back Jump Shot,,,,NYK,1610612752.0,
Shot Chart Detail,22100545,429,0,Opponent,1610612761,Toronto Raptors,3,4,1,Missed Shot,Jump Shot,,Mid-Range,Center(C),8-16 ft.,14,-32,142,1,0,20220102,TOR,NYK,22100545429,|1627783|1627832|1628449|1630567|203920,0,REG,,,2022,1627783,-19.0,PF,Helper,0.72,MISS Barrett 15' Jump Shot,,,,NYK,1610612752.0,
Shot Chart Detail,22100545,432,0,Opponent,1610612761,Toronto Raptors,3,3,21,Missed Shot,Pullup Jump shot,,Above the Break 3,Left Side Center(LC),24+ ft.,25,-150,204,1,0,20220102,TOR,NYK,22100545432,|1627783|1627832|1628449|1630567|203920,0,REG,,,2022,1627832|203920,-22.0,,,,,,,,NYK,1610612752.0,
Shot Chart Detail,22100545,436,0,Opponent,1610612761,Toronto Raptors,3,2,53,Made Shot,Jump Shot,,Right Corner 3,Right Side(R),24+ ft.,22,224,48,1,1,20220102,TOR,NYK,22100545436,|1627783|1627832|1628449|1630567|203920,1,REG,,,2022,1627783,-21.0,PF,Helper,0.72,Fournier 3PT Jump Shot (20 PTS) (Barrett 3 AST),,,,NYK,1610612752.0,1629628.0
Shot Chart Detail,22100545,456,0,Opponent,1610612761,Toronto Raptors,3,1,19,Missed Shot,Driving Layup Shot,,Restricted Area,Center(C),Less Than 8 ft.,2,23,4,1,0,20220102,TOR,NYK,22100545456,|1627832|1628449|1629004|1630567|203920,0,REG,,,2022,1627832,-22.0,PG,Point of Attack,0.9,Boucher BLOCK (2 BLK),,,,NYK,1610612752.0,
Shot Chart Detail,22100545,462,0,Opponent,1610612761,Toronto Raptors,3,1,17,Made Shot,Jump Shot,,Above the Break 3,Left Side Center(LC),24+ ft.,27,-130,247,1,1,20220102,TOR,NYK,22100545462,|1627832|1628449|1629004|1629139|203920,1,REG,,,2022,203920,-19.0,C,Mobile Big,0.63,Barrett 28' 3PT Jump Shot (16 PTS) (Burks 1 AST),,,,NYK,1610612752.0,202692.0
Shot Chart Detail,22100545,471,0,Opponent,1610612761,Toronto Raptors,3,0,32,Made Shot,Turnaround Hook Shot,,In The Paint (Non-RA),Center(C),Less Than 8 ft.,6,-54,44,1,1,20220102,TOR,NYK,22100545471,|1627832|1628449|1629004|1629139|203920,0,REG,,,2022,1629139,-21.0,SF,Helper,0.1,Toppin 7' Turnaround Hook Shot (11 PTS),,,,NYK,1610612752.0,
Shot Chart Detail,22100545,473,0,Opponent,1610612761,Toronto Raptors,3,0,1,Missed Shot,Step Back Jump shot,,Above the Break 3,Center(C),24+ ft.,27,-26,273,1,0,20220102,TOR,NYK,22100545473,|1627832|1628449|1629004|1629139|203920,0,REG,,,2022,1628449,-24.0,SF,Helper,0.4,MISS Barrett 27' 3PT Step Back Jump Shot,,,,NYK,1610612752.0,
Shot Chart Detail,22100545,496,0,Opponent,1610612761,Toronto Raptors,4,11,40,Made Shot,Jump Shot,,Left Corner 3,Left Side(L),24+ ft.,22,-229,21,1,1,20220102,TOR,NYK,22100545496,|1627783|1628384|1628449|1629018|1630173,1,REG,,,2022,1630173,-19.0,C,Mobile Big,0.24,Barrett 3PT Jump Shot (19 PTS) (Grimes 1 AST),,,,NYK,1610612752.0,1629656.0
Shot Chart Detail,22100545,500,0,Opponent,1610612761,Toronto Raptors,4,11,4,Missed Shot,Driving Layup Shot,,Restricted Area,Center(C),Less Than 8 ft.,2,-23,17,1,0,20220102,TOR,NYK,22100545500,|1627783|1628384|1628449|1629018|1630173,0,REG,,,2022,1627783,-21.0,PF,Helper,0.72,MISS Burks 3' Driving Layup,,,,NYK,1610612752.0,
Shot Chart Detail,22100545,519,0,Opponent,1610612761,Toronto Raptors,4,10,13,Made Shot,Pullup Jump shot,,Mid-Range,Left Side Center(LC),16-24 ft.,16,-80,143,1,1,20220102,TOR,NYK,22100545519,|1627783|1628384|1628449|1629018|1630173,1,REG,,,2022,1629018,-22.0,SG,Chaser,0.19,Grimes 16' Pullup Jump Shot (4 PTS) (McBride 2 AST),,,,NYK,1610612752.0,1630540.0
Shot Chart Detail,22100545,535,0,Opponent,1610612761,Toronto Raptors,4,9,39,Made Shot,Driving Layup Shot,,Restricted Area,Center(C),Less Than 8 ft.,1,16,6,1,1,20220102,TOR,NYK,22100545535,|1627783|1628384|1628449|1629018|1630173,0,REG,,,2022,1628384,-21.0,SF,Wing Stopper,1.03,McBride 2' Driving Layup (2 PTS),,,,NYK,1610612752.0,
Shot Chart Detail,22100545,543,0,Opponent,1610612761,Toronto Raptors,4,9,8,Missed Shot,Running Pull-Up Jump Shot,,In The Paint (Non-RA),Center(C),8-16 ft.,12,5,125,1,0,20220102,TOR,NYK,22100545543,|1627783|1628384|1628449|1629018|1630173,0,REG,,,2022,1628384,-21.0,SF,Wing Stopper,1.03,MISS Grimes 13' Running Pull-Up Jump Shot,,,,NYK,1610612752.0,
Shot Chart Detail,22100545,547,0,Opponent,1610612761,Toronto Raptors,4,8,41,Missed Shot,Jump Shot,,Above the Break 3,Right Side Center(RC),24+ ft.,24,225,106,1,0,20220102,TOR,NYK,22100545547,|1627783|1628384|1628449|1629018|1630173,0,REG,,,2022,1627783,-21.0,PF,Helper,0.72,MISS McBride 25' 3PT Jump Shot,,,,NYK,1610612752.0,
Shot Chart Detail,22100545,559,0,Opponent,1610612761,Toronto Raptors,4,7,53,Made Shot,Pullup Jump shot,,Mid-Range,Right Side Center(RC),16-24 ft.,16,70,146,1,1,20220102,TOR,NYK,22100545559,|1627783|1628384|1628449|1629018|1630173,1,REG,,,2022,1630173,-19.0,C,Mobile Big,0.24,Toppin 16' Pullup Jump Shot (15 PTS) (McBride 3 AST),,,,NYK,1610612752.0,1630540.0
Shot Chart Detail,22100545,563,0,Opponent,1610612761,Toronto Raptors,4,7,24,Missed Shot,Pullup Jump shot,,Mid-Range,Left Side Center(LC),16-24 ft.,16,-130,97,1,0,20220102,TOR,NYK,22100545563,|1627783|1628384|1628449|1629018|1630173,0,REG,,,2022,1628449|1628384,-21.0,,,,,,,,NYK,1610612752.0,
Shot Chart Detail,22100545,570,0,Opponent,1610612761,Toronto Raptors,4,7,3,Missed Shot,Jump Shot,,Right Corner 3,Right Side(R),24+ ft.,22,224,-8,1,0,20220102,TOR,NYK,22100545570,|1627783|1628384|1628449|1629018|1630173,0,REG,,,2022,1627783,-21.0,PF,Helper,0.72,MISS McBride 3PT Jump Shot,,,,NYK,1610612752.0,
Shot Chart Detail,22100545,593,0,Opponent,1610612761,Toronto Raptors,4,6,1,Missed Shot,Turnaround Jump Shot,,In The Paint (Non-RA),Center(C),Less Than 8 ft.,4,-45,16,1,0,20220102,TOR,NYK,22100545593,|1627783|1628384|1628449|1630173|1630567,0,REG,,,2022,1630173,-23.0,C,Mobile Big,0.24,MISS Toppin 5' Turnaround Jump Shot,,,,NYK,1610612752.0,
Shot Chart Detail,22100545,599,0,Opponent,1610612761,Toronto Raptors,4,5,41,Missed Shot,Cutting Layup Shot,,Restricted Area,Center(C),Less Than 8 ft.,2,-23,18,1,0,20220102,TOR,NYK,22100545599,|1627783|1628384|1628449|1630173|1630567,0,REG,,,2022,1627783|1630173,-25.0,,,,,,,,NYK,1610612752.0,
Shot Chart Detail,22100545,603,0,Opponent,1610612761,Toronto Raptors,4,5,29,Missed Shot,Running Layup Shot,,Restricted Area,Center(C),Less Than 8 ft.,0,1,2,1,0,20220102,TOR,NYK,22100545603,|1627783|1628384|1628449|1630173|1630567,0,REG,,,2022,1630173,-25.0,C,Mobile Big,0.24,Achiuwa BLOCK (1 BLK),,,,NYK,1610612752.0,
Shot Chart Detail,22100545,609,0,Opponent,1610612761,Toronto Raptors,4,5,16,Missed Shot,Running Pull-Up Jump Shot,,Above the Break 3,Left Side Center(LC),24+ ft.,25,-205,157,1,0,20220102,TOR,NYK,22100545609,|1627783|1628384|1628449|1630173|1630567,0,REG,,,2022,1630567,-25.0,PF,Helper,0.63,MISS Grimes 26' 3PT Running Pull-Up Jump Shot,,,,NYK,1610612752.0,
Shot Chart Detail,22100545,611,0,Opponent,1610612761,Toronto Raptors,4,5,14,Made Shot,Tip Layup Shot,,Restricted Area,Center(C),Less Than 8 ft.,0,0,0,1,1,20220102,TOR,NYK,22100545611,|1627783|1628384|1628449|1630173|1630567,0,REG,,,2022,,,,,,,,,,NYK,1610612752.0,
Shot Chart Detail,22100545,616,0,Opponent,1610612761,Toronto Raptors,4,4,57,Made Shot,Running Layup Shot,,Restricted Area,Center(C),Less Than 8 ft.,1,12,10,1,1,20220102,TOR,NYK,22100545616,|1627783|1628384|1628449|1630173|1630567,1,REG,,,2022,,,,,,,,,,NYK,1610612752.0,202692.0
Shot Chart Detail,22100545,636,0,Opponent,1610612761,Toronto Raptors,4,4,25,Made Shot,Step Back Jump shot,,Above the Break 3,Right Side Center(RC),24+ ft.,25,174,185,1,1,20220102,TOR,NYK,22100545636,|1629139|1630173|1630201|1630551|1630625,1,REG,,,2022,1630173,-18.0,C,Mobile Big,0.24,Grimes 25' 3PT Step Back Jump Shot (7 PTS) (Quickley 2 AST),,,,NYK,1610612752.0,1630193.0
Shot Chart Detail,22100545,643,0,Opponent,1610612761,Toronto Raptors,4,3,40,Missed Shot,Jump Shot,,Above the Break 3,Right Side Center(RC),24+ ft.,24,137,202,1,0,20220102,TOR,NYK,22100545643,|1629139|1630173|1630201|1630551|1630625,0,REG,,,2022,,,,,,,,,,NYK,1610612752.0,
Shot Chart Detail,22100545,647,0,Opponent,1610612761,Toronto Raptors,4,3,21,Made Shot,Running Layup Shot,,Restricted Area,Center(C),Less Than 8 ft.,1,13,0,1,1,20220102,TOR,NYK,22100545647,|1629139|1630173|1630201|1630551|1630625,1,REG,,,2022,1630551,-18.0,SF,Helper,-0.61,Grimes 1' Running Layup (9 PTS) (Toppin 6 AST),,,,NYK,1610612752.0,1630167.0
Shot Chart Detail,22100545,652,0,Opponent,1610612761,Toronto Raptors,4,2,40,Made Shot,Jump Shot,,Above the Break 3,Left Side Center(LC),24+ ft.,31,-143,279,1,1,20220102,TOR,NYK,22100545652,|1629139|1630173|1630201|1630551|1630625,1,REG,,,2022,1630625,-15.0,PG,Chaser,0.27,Grimes 31' 3PT Jump Shot (12 PTS) (Quickley 3 AST),,,,NYK,1610612752.0,1630193.0
Shot Chart Detail,22100545,656,0,Opponent,1610612761,Toronto Raptors,4,2,9,Made Shot,Driving Layup Shot,,In The Paint (Non-RA),Center(C),Less Than 8 ft.,6,55,33,1,1,20220102,TOR,NYK,22100545656,|1629139|1630173|1630201|1630551|1630625,0,REG,,,2022,1630173,-16.0,C,Mobile Big,0.24,Quickley 6' Driving Layup (9 PTS),,,,NYK,1610612752.0,
Shot Chart Detail,22100545,659,0,Opponent,1610612761,Toronto Raptors,4,1,36,Missed Shot,Jump Shot,,Above the Break 3,Left Side Center(LC),24+ ft.,25,-174,191,1,0,20220102,TOR,NYK,22100545659,|1629139|1630173|1630201|1630551|1630625,0,REG,,,2022,1630173,-16.0,C,Mobile Big,0.24,MISS McBride 26' 3PT Jump Shot,,,,NYK,1610612752.0,
Shot Chart Detail,22100545,679,0,Opponent,1610612761,Toronto Raptors,4,0,53,Missed Shot,Jump Shot,,Above the Break 3,Left Side Center(LC),24+ ft.,30,-148,264,1,0,20220102,TOR,NYK,22100545679,|1629139|1630187|1630201|1630551|1630625,0,REG,,,2022,1630625,-18.0,PG,Chaser,0.27,MISS Quickley 30' 3PT Jump Shot,,,,NYK,1610612752.0,
Shot Chart Detail,22100545,683,0,Opponent,1610612761,Toronto Raptors,4,0,46,Made Shot,Running Alley Oop Dunk Shot,,Restricted Area,Center(C),Less Than 8 ft.,1,1,10,1,1,20220102,TOR,NYK,22100545683,|1629139|1630187|1630201|1630551|1630625,1,REG,,,2022,,,,,,,,,,NYK,1610612752.0,1629656.0
Shot Chart Detail,22100545,689,0,Opponent,1610612761,Toronto Raptors,4,0,21,Made Shot,Jump Shot,,Above the Break 3,Center(C),24+ ft.,25,-36,257,1,1,20220102,TOR,NYK,22100545689,|1629139|1630187|1630201|1630551|1630625,1,REG,,,2022,1629139,-15.0,SF,Helper,0.1,Knox II 26' 3PT Jump Shot (7 PTS) (Quickley 4 AST),,,,NYK,1610612752.0,1630193.0
Shot Chart Detail,22100563,7,0,Opponent,1610612761,Toronto Raptors,1,11,46,Made Shot,Jump Shot,,Above the Break 3,Right Side Center(RC),24+ ft.,27,148,235,1,1,20220104,TOR,SAS,221005637,|1627783|1627832|1628384|1629018|1630567,1,REG,,,2022,1627783,3.0,PF,Helper,0.72,Vassell 28' 3PT Jump Shot (3 PTS) (Johnson 1 AST),,,,SAS,1610612759.0,1629640.0
Shot Chart Detail,22100563,20,0,Opponent,1610612761,Toronto Raptors,1,10,36,Missed Shot,Hook Shot,,In The Paint (Non-RA),Center(C),8-16 ft.,8,-4,85,1,0,20220104,TOR,SAS,2210056320,|1627783|1627832|1628384|1629018|1630567,0,REG,,,2022,1630567,0.0,PF,Helper,0.63,MISS Poeltl 9' Hook Shot,,,,SAS,1610612759.0,
Shot Chart Detail,22100563,26,0,Opponent,1610612761,Toronto Raptors,1,10,8,Missed Shot,Running Pull-Up Jump Shot,,Mid-Range,Right Side(R),8-16 ft.,15,156,14,1,0,20220104,TOR,SAS,2210056326,|1627783|1627832|1628384|1629018|1630567,0,REG,,,2022,1630567,0.0,PF,Helper,0.63,MISS Vassell 16' Running Pull-Up Jump Shot,,,,SAS,1610612759.0,
Shot Chart Detail,22100563,30,0,Opponent,1610612761,Toronto Raptors,1,9,52,Made Shot,Jump Shot,,Above the Break 3,Left Side Center(LC),24+ ft.,26,-199,172,1,1,20220104,TOR,SAS,2210056330,|1627783|1627832|1628384|1629018|1630567,1,REG,,,2022,1627783,3.0,PF,Helper,0.72,Vassell 26' 3PT Jump Shot (6 PTS) (Jones 1 AST),,,,SAS,1610612759.0,1630200.0
Shot Chart Detail,22100563,39,0,Opponent,1610612761,Toronto Raptors,1,9,10,Missed Shot,Floating Jump shot,,In The Paint (Non-RA),Center(C),8-16 ft.,11,11,113,1,0,20220104,TOR,SAS,2210056339,|1627783|1627832|1628384|1629018|203920,0,REG,,,2022,203920|1627783,1.0,,,,,,,,SAS,1610612759.0,
Shot Chart Detail,22100563,43,0,Opponent,1610612761,Toronto Raptors,1,8,45,Made Shot,Driving Finger Roll Layup Shot,,Restricted Area,Center(C),Less Than 8 ft.,2,22,9,1,1,20220104,TOR,SAS,2210056343,|1627783|1627832|1628384|1629018|203920,0,REG,,,2022,1629018,3.0,SG,Chaser,0.19,White 2' Driving Finger Roll Layup (2 PTS),,,,SAS,1610612759.0,
Shot Chart Detail,22100563,52,0,Opponent,1610612761,Toronto Raptors,1,8,15,Missed Shot,Jump Shot,,Above the Break 3,Left Side Center(LC),24+ ft.,26,-165,204,1,0,20220104,TOR,SAS,2210056352,|1627783|1627832|1628384|1629018|203920,0,REG,,,2022,1627783,3.0,PF,Helper,0.72,MISS Johnson 26' 3PT Jump Shot,,,,SAS,1610612759.0,
Shot Chart Detail,22100563,54,0,Opponent,1610612761,Toronto Raptors,1,8,11,Made Shot,Putback Layup Shot,,Restricted Area,Center(C),Less Than 8 ft.,2,17,22,1,1,20220104,TOR,SAS,2210056354,|1627783|1627832|1628384|1629018|203920,0,REG,,,2022,1629018|1628384,5.0,,,,,,,,SAS,1610612759.0,
Shot Chart Detail,22100563,57,0,Opponent,1610612761,Toronto Raptors,1,7,51,Missed Shot,Running Layup Shot,,Restricted Area,Center(C),Less Than 8 ft.,1,-10,17,1,0,20220104,TOR,SAS,2210056357,|1627783|1627832|1628384|1629018|203920,0,REG,,,2022,1627832,5.0,PG,Point of Attack,0.9,MISS Jones 2' Running Layup,,,,SAS,1610612759.0,
Shot Chart Detail,22100563,66,0,Opponent,1610612761,Toronto Raptors,1,7,30,Made Shot,Driving Floating Jump Shot,,In The Paint (Non-RA),Center(C),8-16 ft.,11,40,109,1,1,20220104,TOR,SAS,2210056366,|1627832|1628384|1629018|1630567|203920,1,REG,,,2022,1627832,4.0,PG,Point of Attack,0.9,Vassell 12' Driving Floating Jump Shot (8 PTS) (Johnson 2 AST),,,,SAS,1610612759.0,1629640.0
Shot Chart Detail,22100563,76,0,Opponent,1610612761,Toronto Raptors,1,6,31,Missed Shot,Driving Layup Shot,,In The Paint (Non-RA),Center(C),8-16 ft.,10,45,95,1,0,20220104,TOR,SAS,2210056376,|1627832|1628384|1629018|1630567|203920,0,REG,,,2022,203920,2.0,C,Mobile Big,0.63,MISS White 11' Driving Layup,,,,SAS,1610612759.0,
Shot Chart Detail,22100563,78,0,Opponent,1610612761,Toronto Raptors,1,6,31,Made Shot,Putback Layup Shot,,Restricted Area,Center(C),Less Than 8 ft.,0,0,0,1,1,20220104,TOR,SAS,2210056378,|1627832|1628384|1629018|1630567|203920,0,REG,,,2022,1629018,4.0,SG,Chaser,0.19,Poeltl Putback Layup (4 PTS),,,,SAS,1610612759.0,
Shot Chart Detail,22100563,84,0,Opponent,1610612761,Toronto Raptors,1,6,1,Made Shot,Jump Shot,,Above the Break 3,Left Side Center(LC),24+ ft.,25,-224,124,1,1,20220104,TOR,SAS,2210056384,|1627832|1628384|1629018|1630567|203920,1,REG,,,2022,1629018,5.0,SG,Chaser,0.19,White 26' 3PT Jump Shot (5 PTS) (Vassell 1 AST),,,,SAS,1610612759.0,1630170.0
Shot Chart Detail,22100563,88,0,Opponent,1610612761,Toronto Raptors,1,5,37,Missed Shot,Jump Shot,,Right Corner 3,Right Side(R),24+ ft.,24,241,8,1,0,20220104,TOR,SAS,2210056388,|1627832|1628384|1629018|1630567|203920,0,REG,,,2022,1627832,5.0,PG,Point of Attack,0.9,MISS Vassell 24' 3PT Jump Shot,,,,SAS,1610612759.0,
Shot Chart Detail,22100563,90,0,Opponent,1610612761,Toronto Raptors,1,5,31,Missed Shot,Tip Layup Shot,,Restricted Area,Center(C),Less Than 8 ft.,0,0,0,1,0,20220104,TOR,SAS,2210056390,|1627832|1628384|1629018|1630567|203920,0,REG,,,2022,1627832,5.0,PG,Point of Attack,0.9,MISS Johnson Tip Layup Shot,,,,SAS,1610612759.0,
Shot Chart Detail,22100563,94,0,Opponent,1610612761,Toronto Raptors,1,5,5,Made Shot,Driving Floating Jump Shot,,In The Paint (Non-RA),Center(C),8-16 ft.,13,9,131,1,1,20220104,TOR,SAS,2210056394,|1627832|1628384|1629018|1630567|203920,1,REG,,,2022,1627832,7.0,PG,Point of Attack,0.9,Forbes 13' Driving Floating Jump Shot (2 PTS) (White 1 AST),,,,SAS,1610612759.0,1628401.0
Shot Chart Detail,22100563,97,0,Opponent,1610612761,Toronto Raptors,1,4,41,Made Shot,Cutting Finger Roll Layup Shot,,Restricted Area,Center(C),Less Than 8 ft.,2,21,10,1,1,20220104,TOR,SAS,2210056397,|1627832|1628384|1629018|1630567|203920,1,REG,,,2022,203920|1630567,7.0,,,,,,,,SAS,1610612759.0,1628401.0
Shot Chart Detail,22100563,110,0,Opponent,1610612761,Toronto Raptors,1,4,7,Missed Shot,Jump Shot,,Above the Break 3,Left Side Center(LC),24+ ft.,26,-184,185,1,0,20220104,TOR,SAS,22100563110,|1627832|1628449|1629018|1630567|203920,0,REG,,,2022,1627832|203920,4.0,,,,,,,,SAS,1610612759.0,
Shot Chart Detail,22100563,124,0,Opponent,1610612761,Toronto Raptors,1,3,11,Made Shot,Jump Shot,,Above the Break 3,Left Side Center(LC),24+ ft.,26,-116,234,1,1,20220104,TOR,SAS,22100563124,|1627832|1628449|1629018|1630567|203920,1,REG,,,2022,1630567,3.0,PF,Helper,0.63,Vassell 26' 3PT Jump Shot (11 PTS) (Bates-Diop 1 AST),,,,SAS,1610612759.0,1628966.0
Shot Chart Detail,22100563,135,0,Opponent,1610612761,Toronto Raptors,1,2,32,Missed Shot,Driving Floating Jump Shot,,Mid-Range,Left Side(L),8-16 ft.,12,-89,93,1,0,20220104,TOR,SAS,22100563135,|1627832|1628449|1629018|1630567|203920,0,REG,,,2022,1629018,1.0,SG,Chaser,0.19,MISS Jones 13' Driving Floating Jump Shot,,,,SAS,1610612759.0,
Shot Chart Detail,22100563,137,0,Opponent,1610612761,Toronto Raptors,1,2,26,Made Shot,Putback Layup Shot,,Restricted Area,Center(C),Less Than 8 ft.,0,0,0,1,1,20220104,TOR,SAS,22100563137,|1627832|1628449|1629018|1630567|203920,0,REG,,,2022,1627832,3.0,PG,Point of Attack,0.9,Bates-Diop Putback Layup (2 PTS),,,,SAS,1610612759.0,
Shot Chart Detail,22100563,140,0,Opponent,1610612761,Toronto Raptors,1,2,8,Missed Shot,Jump Shot,,Above the Break 3,Center(C),24+ ft.,26,-67,260,1,0,20220104,TOR,SAS,22100563140,|1627832|1628449|1629018|1630567|203920,0,REG,,,2022,1628449|203920,3.0,,,,,,,,SAS,1610612759.0,
Shot Chart Detail,22100563,143,0,Opponent,1610612761,Toronto Raptors,1,1,39,Missed Shot,Jump Shot,,Above the Break 3,Left Side Center(LC),24+ ft.,26,-211,163,1,0,20220104,TOR,SAS,22100563143,|1627832|1628449|1629018|1630567|203920,0,REG,,,2022,1630567,0.0,PF,Helper,0.63,MISS Jones 27' 3PT Jump Shot,,,,SAS,1610612759.0,
Shot Chart Detail,22100563,150,0,Opponent,1610612761,Toronto Raptors,1,1,19,Made Shot,Running Finger Roll Layup Shot,,Restricted Area,Center(C),Less Than 8 ft.,3,27,20,1,1,20220104,TOR,SAS,22100563150,|1627832|1628449|1629018|1630567|203920,0,REG,,,2022,1630567,2.0,PF,Helper,0.63,Johnson 3' Running Finger Roll Layup (2 PTS),,,,SAS,1610612759.0,
Shot Chart Detail,22100563,170,0,Opponent,1610612761,Toronto Raptors,1,0,26,Missed Shot,Jump Shot,,Right Corner 3,Right Side(R),24+ ft.,23,233,6,1,0,20220104,TOR,SAS,22100563170,|1627832|1628384|1628449|1630173|1630567,0,REG,,,2022,1628449,-1.0,SF,Helper,0.4,MISS Bates-Diop 3PT Jump Shot,,,,SAS,1610612759.0,
Shot Chart Detail,22100563,200,0,Opponent,1610612761,Toronto Raptors,2,11,6,Missed Shot,Pullup Jump shot,,Above the Break 3,Left Side Center(LC),24+ ft.,27,-135,235,1,0,20220104,TOR,SAS,22100563200,|1627783|1628384|1628449|1630173|1630567,0,REG,,,2022,1627783,-4.0,PF,Helper,0.72,MISS White 27' 3PT Pullup Jump Shot,,,,SAS,1610612759.0,
Shot Chart Detail,22100563,204,0,Opponent,1610612761,Toronto Raptors,2,10,50,Missed Shot,Alley Oop Layup shot,,Restricted Area,Center(C),Less Than 8 ft.,3,26,16,1,0,20220104,TOR,SAS,22100563204,|1627783|1628384|1628449|1630173|1630567,0,REG,,,2022,1628384,-4.0,SF,Wing Stopper,1.03,MISS Landale 3' Alley Oop Layup,,,,SAS,1610612759.0,
Shot Chart Detail,22100563,206,0,Opponent,1610612761,Toronto Raptors,2,10,48,Missed Shot,Putback Layup Shot,,Restricted Area,Center(C),Less Than 8 ft.,0,0,0,1,0,20220104,TOR,SAS,22100563206,|1627783|1628384|1628449|1630173|1630567,0,REG,,,2022,1628384|1630567,-4.0,,,,,,,,SAS,1610612759.0,
Shot Chart Detail,22100563,209,0,Opponent,1610612761,Toronto Raptors,2,10,44,Made Shot,Floating Jump shot,,Restricted Area,Center(C),Less Than 8 ft.,0,0,0,1,1,20220104,TOR,SAS,22100563209,|1627783|1628384|1628449|1630173|1630567,1,REG,,,2022,1630567,-2.0,PF,Helper,0.63,Bates-Diop Floating Jump Shot (4 PTS) (Primo 1 AST),,,,SAS,1610612759.0,1630563.0
Shot Chart Detail,22100563,216,0,Opponent,1610612761,Toronto Raptors,2,10,10,Missed Shot,Layup Shot,,In The Paint (Non-RA),Center(C),Less Than 8 ft.,6,37,48,1,0,20220104,TOR,SAS,22100563216,|1627783|1628384|1628449|1630173|1630567,0,REG,,,2022,1630567,-4.0,PF,Helper,0.63,Barnes BLOCK (1 BLK),,,,SAS,1610612759.0,
Shot Chart Detail,22100563,219,0,Opponent,1610612761,Toronto Raptors,2,10,3,Made Shot,Layup Shot,,Restricted Area,Center(C),Less Than 8 ft.,2,-13,27,1,1,20220104,TOR,SAS,22100563219,|1627783|1628384|1628449|1630173|1630567,0,REG,,,2022,1628384|1630173,-2.0,,,,,,,,SAS,1610612759.0,
Shot Chart Detail,22100563,223,0,Opponent,1610612761,Toronto Raptors,2,9,41,Made Shot,Driving Floating Jump Shot,,In The Paint (Non-RA),Center(C),8-16 ft.,11,33,106,1,1,20220104,TOR,SAS,22100563223,|1627783|1628384|1628449|1630173|1630567,1,REG,,,2022,1630173,0.0,C,Mobile Big,0.24,Vassell 11' Driving Floating Jump Shot (13 PTS) (Poeltl 1 AST),,,,SAS,1610612759.0,1627751.0
Shot Chart Detail,22100563,227,0,Opponent,1610612761,Toronto Raptors,2,9,10,Missed Shot,Driving Hook Shot,,In The Paint (Non-RA),Center(C),8-16 ft.,12,4,122,1,0,20220104,TOR,SAS,22100563227,|1627783|1628384|1628449|1630173|1630567,0,REG,,,2022,1628449|1630567,-3.0,,,,,,,,SAS,1610612759.0,
Shot Chart Detail,22100563,231,0,Opponent,1610612761,Toronto Raptors,2,8,51,Missed Shot,Driving Dunk Shot,,Restricted Area,Center(C),Less Than 8 ft.,2,9,22,1,0,20220104,TOR,SAS,22100563231,|1627783|1628384|1628449|1630173|1630567,0,REG,,,2022,1627783,-3.0,PF,Helper,0.72,MISS Primo 2' Driving Dunk,,,,SAS,1610612759.0,
Shot Chart Detail,22100563,233,0,Opponent,1610612761,Toronto Raptors,2,8,48,Made Shot,Tip Layup Shot,,Restricted Area,Center(C),Less Than 8 ft.,0,0,0,1,1,20220104,TOR,SAS,22100563233,|1627783|1628384|1628449|1630173|1630567,0,REG,,,2022,1628384,-1.0,SF,Wing Stopper,1.03,Poeltl Tip Layup Shot (9 PTS),,,,SAS,1610612759.0,
Shot Chart Detail,22100563,241,0,Opponent,1610612761,Toronto Raptors,2,8,12,Missed Shot,Pullup Jump shot,,Above the Break 3,Center(C),24+ ft.,27,0,278,1,0,20220104,TOR,SAS,22100563241,|1627783|1628384|1628449|1629018|1630173,0,REG,,,2022,1629018,-1.0,SG,Chaser,0.19,MISS Johnson 28' 3PT Pullup Jump Shot,,,,SAS,1610612759.0,
Shot Chart Detail,22100563,254,0,Opponent,1610612761,Toronto Raptors,2,7,43,Made Shot,Driving Finger Roll Layup Shot,,Restricted Area,Center(C),Less Than 8 ft.,3,31,16,1,1,20220104,TOR,SAS,22100563254,|1627783|1627832|1629018|1630173|1630551,1,REG,,,2022,1629018,0.0,SG,Chaser,0.19,Poeltl 3' Driving Finger Roll Layup (11 PTS) (Jones 2 AST),,,,SAS,1610612759.0,1630200.0
Shot Chart Detail,22100563,260,0,Opponent,1610612761,Toronto Raptors,2,7,14,Made Shot,Cutting Dunk Shot,,Restricted Area,Center(C),Less Than 8 ft.,2,9,21,1,1,20220104,TOR,SAS,22100563260,|1627783|1627832|1629018|1630173|1630551,1,REG,,,2022,1627832,-1.0,PG,Point of Attack,0.9,Vassell 2' Cutting Dunk Shot (15 PTS) (Poeltl 2 AST),,,,SAS,1610612759.0,1627751.0
Shot Chart Detail,22100563,268,0,Opponent,1610612761,Toronto Raptors,2,6,45,Missed Shot,Jump Shot,,Above the Break 3,Left Side Center(LC),24+ ft.,27,-227,148,1,0,20220104,TOR,SAS,22100563268,|1627783|1627832|1629018|1630173|1630551,0,REG,,,2022,1627783,-1.0,PF,Helper,0.72,MISS Primo 27' 3PT Jump Shot,,,,SAS,1610612759.0,
Shot Chart Detail,22100563,291,0,Opponent,1610612761,Toronto Raptors,2,5,16,Missed Shot,Driving Layup Shot,,In The Paint (Non-RA),Center(C),Less Than 8 ft.,4,-31,38,1,0,20220104,TOR,SAS,22100563291,|1627783|1627832|1629018|1630551|203920,0,REG,,,2022,1627783,-8.0,PF,Helper,0.72,Birch BLOCK (1 BLK),,,,SAS,1610612759.0,
Shot Chart Detail,22100563,297,0,Opponent,1610612761,Toronto Raptors,2,4,57,Missed Shot,Floating Jump shot,,In The Paint (Non-RA),Center(C),8-16 ft.,13,7,135,1,0,20220104,TOR,SAS,22100563297,|1627783|1627832|1629018|1630551|203920,0,REG,,,2022,203920,-10.0,C,Mobile Big,0.63,MISS Bates-Diop 14' Floating Jump Shot,,,,SAS,1610612759.0,
Shot Chart Detail,22100563,301,0,Opponent,1610612761,Toronto Raptors,2,4,33,Missed Shot,Jump Shot,,In The Paint (Non-RA),Center(C),8-16 ft.,14,-42,137,1,0,20220104,TOR,SAS,22100563301,|1627783|1627832|1629018|1630551|203920,0,REG,,,2022,1629018,-12.0,SG,Chaser,0.19,Birch BLOCK (2 BLK),,,,SAS,1610612759.0,
Shot Chart Detail,22100563,305,0,Opponent,1610612761,Toronto Raptors,2,4,9,Made Shot,Jump Shot,,Left Corner 3,Left Side(L),24+ ft.,22,-228,16,1,1,20220104,TOR,SAS,22100563305,|1627783|1627832|1629018|1630551|203920,1,REG,,,2022,1627832|1630551,-11.0,,,,,,,,SAS,1610612759.0,1630170.0
Shot Chart Detail,22100563,320,0,Opponent,1610612761,Toronto Raptors,2,3,23,Missed Shot,Floating Jump shot,,In The Paint (Non-RA),Center(C),8-16 ft.,12,38,120,1,0,20220104,TOR,SAS,22100563320,|1627783|1627832|1629018|1630551|203920,0,REG,,,2022,1629018,-11.0,SG,Chaser,0.19,MISS Jones 13' Floating Jump Shot,,,,SAS,1610612759.0,
Shot Chart Detail,22100563,326,0,Opponent,1610612761,Toronto Raptors,2,2,43,Missed Shot,Driving Floating Jump Shot,,In The Paint (Non-RA),Center(C),Less Than 8 ft.,4,-33,24,1,0,20220104,TOR,SAS,22100563326,|1627783|1627832|1629018|1630551|203920,0,REG,,,2022,203920,-14.0,C,Mobile Big,0.63,Birch BLOCK (3 BLK),,,,SAS,1610612759.0,
Shot Chart Detail,22100563,341,0,Opponent,1610612761,Toronto Raptors,2,2,35,Made Shot,Cutting Finger Roll Layup Shot,,Restricted Area,Center(C),Less Than 8 ft.,2,17,24,1,1,20220104,TOR,SAS,22100563341,|1627832|1628384|1629018|1630567|203920,1,REG,,,2022,1629018|1628384|1630567,-12.0,,,,,,,,SAS,1610612759.0,1630170.0
Shot Chart Detail,22100563,350,0,Opponent,1610612761,Toronto Raptors,2,1,58,Missed Shot,Pullup Jump shot,,In The Paint (Non-RA),Center(C),8-16 ft.,12,5,126,1,0,20220104,TOR,SAS,22100563350,|1627783|1627832|1628384|1629018|1630567,0,REG,,,2022,1629018,-13.0,SG,Chaser,0.19,MISS Vassell 13' Pullup Jump Shot,,,,SAS,1610612759.0,
Shot Chart Detail,22100563,354,0,Opponent,1610612761,Toronto Raptors,2,1,33,Made Shot,Layup Shot,,Restricted Area,Center(C),Less Than 8 ft.,3,26,20,1,1,20220104,TOR,SAS,22100563354,|1627783|1627832|1628384|1629018|1630567,1,REG,,,2022,1628384,-14.0,SF,Wing Stopper,1.03,Johnson 3' Layup (4 PTS) (Forbes 1 AST),,,,SAS,1610612759.0,1627854.0
Shot Chart Detail,22100563,368,0,Opponent,1610612761,Toronto Raptors,2,0,36,Made Shot,Driving Finger Roll Layup Shot,,Restricted Area,Center(C),Less Than 8 ft.,2,-15,15,1,1,20220104,TOR,SAS,22100563368,|1627783|1627832|1628384|1629018|1630567,1,REG,,,2022,1629018|1627783,-10.0,,,,,,,,SAS,1610612759.0,1628401.0
Shot Chart Detail,22100563,376,0,Opponent,1610612761,Toronto Raptors,2,0,0,Missed Shot,Running Jump Shot,,Above the Break 3,Center(C),24+ ft.,27,-44,269,1,0,20220104,TOR,SAS,22100563376,|1627783|1627832|1628384|1629018|1630567,0,REG,,,2022,1629018|1630567,-15.0,,,,,,,,SAS,1610612759.0,
Shot Chart Detail,22100563,386,0,Opponent,1610612761,Toronto Raptors,3,11,36,Made Shot,Driving Layup Shot,,Restricted Area,Center(C),Less Than 8 ft.,1,15,13,1,1,20220104,TOR,SAS,22100563386,|1627783|1627832|1628384|1629018|1630567,1,REG,,,2022,1630567,-15.0,PF,Helper,0.63,Poeltl 2' Driving Layup (13 PTS) (Jones 3 AST),,,,SAS,1610612759.0,1630200.0
Shot Chart Detail,22100563,389,0,Opponent,1610612761,Toronto Raptors,3,11,8,Made Shot,Cutting Layup Shot,,Restricted Area,Center(C),Less Than 8 ft.,2,25,10,1,1,20220104,TOR,SAS,22100563389,|1627783|1627832|1628384|1629018|1630567,1,REG,,,2022,1627832,-15.0,PG,Point of Attack,0.9,Jones 3' Cutting Layup Shot (2 PTS) (Poeltl 3 AST),,,,SAS,1610612759.0,1627751.0
Shot Chart Detail,22100563,396,0,Opponent,1610612761,Toronto Raptors,3,10,33,Made Shot,Driving Dunk Shot,,Restricted Area,Center(C),Less Than 8 ft.,0,1,0,1,1,20220104,TOR,SAS,22100563396,|1627783|1627832|1628384|1629018|1630567,1,REG,,,2022,1627783|1630567,-15.0,,,,,,,,SAS,1610612759.0,1629640.0
Shot Chart Detail,22100563,400,0,Opponent,1610612761,Toronto Raptors,3,10,6,Missed Shot,Jump Shot,,Above the Break 3,Left Side Center(LC),24+ ft.,26,-100,246,1,0,20220104,TOR,SAS,22100563400,|1627783|1627832|1628384|1629018|1630567,0,REG,,,2022,1627783,-17.0,PF,Helper,0.72,MISS Vassell 27' 3PT Jump Shot,,,,SAS,1610612759.0,
Shot Chart Detail,22100563,402,0,Opponent,1610612761,Toronto Raptors,3,10,1,Made Shot,Putback Layup Shot,,Restricted Area,Center(C),Less Than 8 ft.,0,0,0,1,1,20220104,TOR,SAS,22100563402,|1627783|1627832|1628384|1629018|1630567,0,REG,,,2022,1627832,-15.0,PG,Point of Attack,0.9,Poeltl Putback Layup (17 PTS),,,,SAS,1610612759.0,
Shot Chart Detail,22100563,417,0,Opponent,1610612761,Toronto Raptors,3,9,23,Missed Shot,Running Jump Shot,,Above the Break 3,Right Side Center(RC),24+ ft.,25,200,162,1,0,20220104,TOR,SAS,22100563417,|1627783|1627832|1628384|1629018|1630567,0,REG,,,2022,1630567,-17.0,PF,Helper,0.63,MISS Vassell 26' 3PT Running Jump Shot,,,,SAS,1610612759.0,
Shot Chart Detail,22100563,423,0,Opponent,1610612761,Toronto Raptors,3,8,54,Made Shot,Cutting Dunk Shot,,Restricted Area,Center(C),Less Than 8 ft.,0,-9,4,1,1,20220104,TOR,SAS,22100563423,|1627783|1627832|1628384|1629018|1630567,1,REG,,,2022,1630567,-15.0,PF,Helper,0.63,Poeltl 1' Cutting Dunk Shot (19 PTS) (Johnson 4 AST),,,,SAS,1610612759.0,1629640.0
Shot Chart Detail,22100563,427,0,Opponent,1610612761,Toronto Raptors,3,8,35,Made Shot,Driving Reverse Layup Shot,,Restricted Area,Center(C),Less Than 8 ft.,2,20,-8,1,1,20220104,TOR,SAS,22100563427,|1627783|1627832|1628384|1629018|1630567,0,REG,,,2022,1627783,-13.0,PF,Helper,0.72,Jones 2' Driving Reverse Layup (5 PTS),,,,SAS,1610612759.0,
Shot Chart Detail,22100563,433,0,Opponent,1610612761,Toronto Raptors,3,8,6,Missed Shot,Jump Shot,,Above the Break 3,Left Side Center(LC),24+ ft.,26,-202,172,1,0,20220104,TOR,SAS,22100563433,|1627783|1627832|1628384|1629018|1630567,0,REG,,,2022,1627832,-15.0,PG,Point of Attack,0.9,MISS Vassell 27' 3PT Jump Shot,,,,SAS,1610612759.0,
Shot Chart Detail,22100563,435,0,Opponent,1610612761,Toronto Raptors,3,8,0,Missed Shot,Jump Shot,,Above the Break 3,Right Side Center(RC),24+ ft.,24,199,149,1,0,20220104,TOR,SAS,22100563435,|1627783|1627832|1628384|1629018|1630567,0,REG,,,2022,1628384,-15.0,SF,Wing Stopper,1.03,MISS Johnson 25' 3PT Jump Shot,,,,SAS,1610612759.0,
Shot Chart Detail,22100563,439,0,Opponent,1610612761,Toronto Raptors,3,7,41,Made Shot,Cutting Layup Shot,,In The Paint (Non-RA),Center(C),Less Than 8 ft.,5,54,4,1,1,20220104,TOR,SAS,22100563439,|1627783|1627832|1628384|1629018|1630567,1,REG,,,2022,1628384|1627783,-13.0,,,,,,,,SAS,1610612759.0,1630200.0
Shot Chart Detail,22100563,443,0,Opponent,1610612761,Toronto Raptors,3,6,57,Missed Shot,Layup Shot,,In The Paint (Non-RA),Center(C),Less Than 8 ft.,7,-1,70,1,0,20220104,TOR,SAS,22100563443,|1627783|1627832|1628384|1629018|1630567,0,REG,,,2022,1627832,-16.0,PG,Point of Attack,0.9,MISS Johnson 7' Layup,,,,SAS,1610612759.0,
Shot Chart Detail,22100563,447,0,Opponent,1610612761,Toronto Raptors,3,6,37,Made Shot,Jump Shot,,Above the Break 3,Left Side Center(LC),24+ ft.,26,-212,162,1,1,20220104,TOR,SAS,22100563447,|1627783|1627832|1628384|1629018|1630567,1,REG,,,2022,1628384,-15.0,SF,Wing Stopper,1.03,Primo 27' 3PT Jump Shot (8 PTS) (Poeltl 4 AST),,,,SAS,1610612759.0,1627751.0
Shot Chart Detail,22100563,451,0,Opponent,1610612761,Toronto Raptors,3,6,10,Missed Shot,Jump Shot,,Above the Break 3,Right Side Center(RC),24+ ft.,25,165,191,1,0,20220104,TOR,SAS,22100563451,|1627783|1627832|1628384|1629018|1630567,0,REG,,,2022,1630567,-15.0,PF,Helper,0.63,MISS Johnson 25' 3PT Jump Shot,,,,SAS,1610612759.0,
Shot Chart Detail,22100563,468,0,Opponent,1610612761,Toronto Raptors,3,5,8,Missed Shot,Floating Jump shot,,In The Paint (Non-RA),Center(C),Less Than 8 ft.,7,34,65,1,0,20220104,TOR,SAS,22100563468,|1627783|1627832|1628384|1629018|203920,0,REG,,,2022,203920,-17.0,C,Mobile Big,0.63,MISS Poeltl 7' Floating Jump Shot,,,,SAS,1610612759.0,
Shot Chart Detail,22100563,501,0,Opponent,1610612761,Toronto Raptors,3,3,22,Made Shot,Cutting Layup Shot,,Restricted Area,Center(C),Less Than 8 ft.,2,20,8,1,1,20220104,TOR,SAS,22100563501,|1627832|1628384|1628449|1629018|203920,1,REG,,,2022,1629018,-10.0,SG,Chaser,0.19,Landale 2' Cutting Layup Shot (2 PTS) (Primo 2 AST),,,,SAS,1610612759.0,1630563.0
Shot Chart Detail,22100563,505,0,Opponent,1610612761,Toronto Raptors,3,2,48,Missed Shot,Layup Shot,,Restricted Area,Center(C),Less Than 8 ft.,2,-20,11,1,0,20220104,TOR,SAS,22100563505,|1627832|1628384|1628449|1629018|203920,0,REG,,,2022,203920,-12.0,C,Mobile Big,0.63,Boucher BLOCK (1 BLK),,,,SAS,1610612759.0,
Shot Chart Detail,22100563,511,0,Opponent,1610612761,Toronto Raptors,3,2,42,Missed Shot,Jump Shot,,Above the Break 3,Left Side Center(LC),24+ ft.,26,-152,211,1,0,20220104,TOR,SAS,22100563511,|1627832|1628449|1629018|1630567|203920,0,REG,,,2022,203920,-12.0,C,Mobile Big,0.63,MISS Forbes 26' 3PT Jump Shot,,,,SAS,1610612759.0,
Shot Chart Detail,22100563,518,0,Opponent,1610612761,Toronto Raptors,3,1,43,Missed Shot,Jump Bank Shot,,Above the Break 3,Right Side Center(RC),24+ ft.,25,161,193,1,0,20220104,TOR,SAS,22100563518,|1627832|1628449|1629018|1630567|203920,0,REG,,,2022,1630567,-14.0,PF,Helper,0.63,MISS White 25' 3PT Jump Bank Shot,,,,SAS,1610612759.0,
Shot Chart Detail,22100563,533,0,Opponent,1610612761,Toronto Raptors,3,0,35,Missed Shot,Driving Layup Shot,,Restricted Area,Center(C),Less Than 8 ft.,2,12,26,1,0,20220104,TOR,SAS,22100563533,|1627832|1628449|1629018|1630567|203920,0,REG,,,2022,1628449,-18.0,SF,Helper,0.4,MISS Primo 3' Driving Layup,,,,SAS,1610612759.0,
Shot Chart Detail,22100563,535,0,Opponent,1610612761,Toronto Raptors,3,0,29,Missed Shot,Tip Layup Shot,,Restricted Area,Center(C),Less Than 8 ft.,0,0,0,1,0,20220104,TOR,SAS,22100563535,|1627832|1628449|1629018|1630567|203920,0,REG,,,2022,1629018|203920,-18.0,,,,,,,,SAS,1610612759.0,
Shot Chart Detail,22100563,545,0,Opponent,1610612761,Toronto Raptors,3,0,2,Made Shot,Driving Floating Jump Shot,,In The Paint (Non-RA),Center(C),Less Than 8 ft.,7,-28,71,1,1,20220104,TOR,SAS,22100563545,|1627832|1628449|1629018|1630567|203920,0,REG,,,2022,203920,-17.0,C,Mobile Big,0.63,White 8' Driving Floating Jump Shot (11 PTS),,,,SAS,1610612759.0,
Shot Chart Detail,22100563,569,0,Opponent,1610612761,Toronto Raptors,4,11,42,Missed Shot,Driving Hook Shot,,In The Paint (Non-RA),Center(C),Less Than 8 ft.,6,5,60,1,0,20220104,TOR,SAS,22100563569,|1627783|1628384|1628449|1630173|1630567,0,REG,,,2022,1628449,-16.0,SF,Helper,0.4,Boucher BLOCK (2 BLK),,,,SAS,1610612759.0,
Shot Chart Detail,22100563,573,0,Opponent,1610612761,Toronto Raptors,4,11,16,Missed Shot,Driving Layup Shot,,In The Paint (Non-RA),Center(C),Less Than 8 ft.,6,53,32,1,0,20220104,TOR,SAS,22100563573,|1627783|1628384|1628449|1630173|1630567,0,REG,,,2022,1630567,-18.0,PF,Helper,0.63,MISS Johnson 6' Driving Layup,,,,SAS,1610612759.0,
Shot Chart Detail,22100563,584,0,Opponent,1610612761,Toronto Raptors,4,10,28,Missed Shot,Pullup Jump shot,,In The Paint (Non-RA),Center(C),Less Than 8 ft.,6,32,54,1,0,20220104,TOR,SAS,22100563584,|1627783|1628384|1628449|1630173|1630567,0,REG,,,2022,1627783,-21.0,PF,Helper,0.72,MISS Vassell 6' Pullup Jump Shot,,,,SAS,1610612759.0,
Shot Chart Detail,22100563,600,0,Opponent,1610612761,Toronto Raptors,4,9,17,Made Shot,Jump Shot,,Above the Break 3,Right Side Center(RC),24+ ft.,24,180,173,1,1,20220104,TOR,SAS,22100563600,|1627783|1628384|1628449|1630173|1630567,1,REG,,,2022,1628449,-18.0,SF,Helper,0.4,Wieskamp 25' 3PT Jump Shot (3 PTS) (Primo 3 AST),,,,SAS,1610612759.0,1630563.0
Shot Chart Detail,22100563,604,0,Opponent,1610612761,Toronto Raptors,4,8,48,Missed Shot,Pullup Jump shot,,Above the Break 3,Left Side Center(LC),24+ ft.,25,-175,191,1,0,20220104,TOR,SAS,22100563604,|1627783|1628384|1628449|1630173|1630567,0,REG,,,2022,1628384|1630567,-20.0,,,,,,,,SAS,1610612759.0,
Shot Chart Detail,22100563,619,0,Opponent,1610612761,Toronto Raptors,4,8,4,Missed Shot,Hook Shot,,In The Paint (Non-RA),Center(C),Less Than 8 ft.,4,-17,46,1,0,20220104,TOR,SAS,22100563619,|1627783|1628384|1628449|1630173|1630567,0,REG,,,2022,1628449|1628384|1627783,-25.0,,,,,,,,SAS,1610612759.0,
Shot Chart Detail,22100563,628,0,Opponent,1610612761,Toronto Raptors,4,7,31,Missed Shot,Jump Shot,,Right Corner 3,Right Side(R),24+ ft.,23,232,-3,1,0,20220104,TOR,SAS,22100563628,|1628384|1628449|1630173|1630551|1630567,0,REG,,,2022,1630567,-28.0,PF,Helper,0.63,MISS Primo 3PT Jump Shot,,,,SAS,1610612759.0,
Shot Chart Detail,22100563,631,0,Opponent,1610612761,Toronto Raptors,4,7,2,Missed Shot,Jump Shot,,Left Corner 3,Left Side(L),24+ ft.,23,-234,11,1,0,20220104,TOR,SAS,22100563631,|1628384|1628449|1630173|1630551|1630567,0,REG,,,2022,1628449,-30.0,SF,Helper,0.4,MISS Landale 3PT Jump Shot,,,,SAS,1610612759.0,
Shot Chart Detail,22100563,636,0,Opponent,1610612761,Toronto Raptors,4,6,29,Made Shot,Pullup Jump shot,,Mid-Range,Center(C),16-24 ft.,21,25,211,1,1,20220104,TOR,SAS,22100563636,|1628384|1628449|1630173|1630551|1630567,0,REG,,,2022,1628384,-28.0,SF,Wing Stopper,1.03,Forbes 21' Pullup Jump Shot (4 PTS),,,,SAS,1610612759.0,
Shot Chart Detail,22100563,638,0,Opponent,1610612761,Toronto Raptors,4,5,59,Missed Shot,Jump Shot,,Above the Break 3,Right Side Center(RC),24+ ft.,25,176,181,1,0,20220104,TOR,SAS,22100563638,|1628384|1628449|1630173|1630551|1630567,0,REG,,,2022,1630551,-31.0,SF,Helper,-0.61,Champagnie BLOCK (1 BLK),,,,SAS,1610612759.0,
Shot Chart Detail,22100563,641,0,Opponent,1610612761,Toronto Raptors,4,5,56,Missed Shot,Jump Shot,,Above the Break 3,Center(C),24+ ft.,26,-2,260,1,0,20220104,TOR,SAS,22100563641,|1628384|1628449|1630173|1630551|1630567,0,REG,,,2022,1630567,-31.0,PF,Helper,0.63,MISS Primo 26' 3PT Jump Shot,,,,SAS,1610612759.0,
Shot Chart Detail,22100563,643,0,Opponent,1610612761,Toronto Raptors,4,5,50,Made Shot,Jump Shot,,Above the Break 3,Left Side Center(LC),24+ ft.,26,-134,233,1,1,20220104,TOR,SAS,22100563643,|1628384|1628449|1630173|1630551|1630567,1,REG,,,2022,1628384,-28.0,SF,Wing Stopper,1.03,Wieskamp 27' 3PT Jump Shot (6 PTS) (Landale 1 AST),,,,SAS,1610612759.0,1629111.0
Shot Chart Detail,22100563,652,0,Opponent,1610612761,Toronto Raptors,4,5,17,Made Shot,Jump Shot,,Above the Break 3,Left Side Center(LC),24+ ft.,28,-140,248,1,1,20220104,TOR,SAS,22100563652,|1630173|1630201|1630551|1630567|1630625,1,REG,,,2022,1630201,-25.0,PG,Point of Attack,-0.52,Wieskamp 28' 3PT Jump Shot (9 PTS) (Morris 1 AST),,,,SAS,1610612759.0,1628537.0
Shot Chart Detail,22100563,656,0,Opponent,1610612761,Toronto Raptors,4,4,52,Missed Shot,Driving Floating Jump Shot,,In The Paint (Non-RA),Center(C),8-16 ft.,8,-6,84,1,0,20220104,TOR,SAS,22100563656,|1630173|1630201|1630551|1630567|1630625,0,REG,,,2022,1630625|1630201,-28.0,,,,,,,,SAS,1610612759.0,
Shot Chart Detail,22100563,658,0,Opponent,1610612761,Toronto Raptors,4,4,48,Missed Shot,Jump Shot,,Above the Break 3,Left Side Center(LC),24+ ft.,26,-178,193,1,0,20220104,TOR,SAS,22100563658,|1630173|1630201|1630551|1630567|1630625,0,REG,,,2022,,,,,,,,,,SAS,1610612759.0,
Shot Chart Detail,22100563,663,0,Opponent,1610612761,Toronto Raptors,4,4,21,Made Shot,Turnaround Hook Shot,,In The Paint (Non-RA),Center(C),Less Than 8 ft.,7,70,23,1,1,20220104,TOR,SAS,22100563663,|1630173|1630201|1630551|1630567|1630625,0,REG,,,2022,1630625|1630173,-26.0,,,,,,,,SAS,1610612759.0,
Shot Chart Detail,22100563,674,0,Opponent,1610612761,Toronto Raptors,4,3,50,Missed Shot,Running Jump Shot,,Above the Break 3,Right Side Center(RC),24+ ft.,25,150,202,1,0,20220104,TOR,SAS,22100563674,|1629067|1630173|1630201|1630551|1630625,0,REG,,,2022,1630201,-28.0,PG,Point of Attack,-0.52,MISS Primo 25' 3PT Running Jump Shot,,,,SAS,1610612759.0,
Shot Chart Detail,22100563,678,0,Opponent,1610612761,Toronto Raptors,4,3,28,Made Shot,Jump Shot,,Mid-Range,Right Side(R),8-16 ft.,12,85,90,1,1,20220104,TOR,SAS,22100563678,|1629067|1630173|1630201|1630551|1630625,1,REG,,,2022,1630625,-29.0,PG,Chaser,0.27,Wieskamp 12' Jump Shot (11 PTS) (Primo 4 AST),,,,SAS,1610612759.0,1630563.0
Shot Chart Detail,22100563,688,0,Opponent,1610612761,Toronto Raptors,4,2,27,Missed Shot,Jump Shot,,Above the Break 3,Right Side Center(RC),24+ ft.,26,93,243,1,0,20220104,TOR,SAS,22100563688,|1629067|1630173|1630201|1630551|1630625,0,REG,,,2022,1630625,-29.0,PG,Chaser,0.27,MISS Wieskamp 26' 3PT Jump Shot,,,,SAS,1610612759.0,
Shot Chart Detail,22100563,692,0,Opponent,1610612761,Toronto Raptors,4,2,13,Made Shot,Running Layup Shot,,In The Paint (Non-RA),Center(C),Less Than 8 ft.,4,43,16,1,1,20220104,TOR,SAS,22100563692,|1629067|1630173|1630201|1630551|1630625,0,REG,,,2022,1630551|1630201,-27.0,,,,,,,,SAS,1610612759.0,
Shot Chart Detail,22100563,702,0,Opponent,1610612761,Toronto Raptors,4,1,20,Made Shot,Turnaround Hook Shot,,In The Paint (Non-RA),Center(C),Less Than 8 ft.,7,4,78,1,1,20220104,TOR,SAS,22100563702,|1629067|1630173|1630201|1630551|1630625,1,REG,,,2022,1629067|1630173,-25.0,,,,,,,,SAS,1610612759.0,1630580.0
Shot Chart Detail,22100563,706,0,Opponent,1610612761,Toronto Raptors,4,0,48,Missed Shot,Jump Shot,,Above the Break 3,Right Side Center(RC),24+ ft.,25,100,231,1,0,20220104,TOR,SAS,22100563706,|1629067|1630173|1630201|1630551|1630625,0,REG,,,2022,1630551,-26.0,SF,Helper,-0.61,MISS Wieskamp 25' 3PT Jump Shot,,,,SAS,1610612759.0,
Shot Chart Detail,22100563,713,0,Opponent,1610612761,Toronto Raptors,4,0,25,Made Shot,Turnaround Hook Shot,,In The Paint (Non-RA),Center(C),8-16 ft.,9,-43,88,1,1,20220104,TOR,SAS,22100563713,|1629067|1630173|1630201|1630551|1630625,0,REG,,,2022,1630201,-25.0,PG,Point of Attack,-0.52,Primo 10' Turnaround Hook Shot (15 PTS),,,,SAS,1610612759.0,
Shot Chart Detail,22100573,7,0,Opponent,1610612761,Toronto Raptors,1,11,50,Made Shot,Cutting Layup Shot,,Restricted Area,Center(C),Less Than 8 ft.,1,-11,4,1,1,20220105,MIL,TOR,221005737,|1627783|1627832|1628384|1629018|1630567,1,REG,,,2022,1628384,2.0,SF,Wing Stopper,1.03,Nwora 1' Cutting Layup Shot (2 PTS) (Holiday 1 AST),,,,MIL,1610612749.0,201950.0
Shot Chart Detail,22100573,10,0,Opponent,1610612761,Toronto Raptors,1,11,17,Missed Shot,Jump Shot,,Above the Break 3,Center(C),24+ ft.,26,12,261,1,0,20220105,MIL,TOR,2210057310,|1627783|1627832|1628384|1629018|1630567,0,REG,,,2022,1630567,-1.0,PF,Helper,0.63,MISS Middleton 26' 3PT Jump Shot,,,,MIL,1610612749.0,
Shot Chart Detail,22100573,20,0,Opponent,1610612761,Toronto Raptors,1,10,38,Made Shot,Driving Layup Shot,,Restricted Area,Center(C),Less Than 8 ft.,2,2,25,1,1,20220105,MIL,TOR,2210057320,|1627783|1627832|1628384|1629018|1630567,0,REG,,,2022,1627832|1630567,0.0,,,,,,,,MIL,1610612749.0,
Shot Chart Detail,22100573,23,0,Opponent,1610612761,Toronto Raptors,1,10,15,Missed Shot,Jump Shot,,Above the Break 3,Left Side Center(LC),24+ ft.,27,-145,229,1,0,20220105,MIL,TOR,2210057323,|1627783|1627832|1628384|1629018|1630567,0,REG,,,2022,1629018,-2.0,SG,Chaser,0.19,MISS Nwora 27' 3PT Jump Shot,,,,MIL,1610612749.0,
Shot Chart Detail,22100573,27,0,Opponent,1610612761,Toronto Raptors,1,9,53,Missed Shot,Driving Floating Bank Jump Shot,,In The Paint (Non-RA),Center(C),Less Than 8 ft.,6,-58,29,1,0,20220105,MIL,TOR,2210057327,|1627783|1627832|1628384|1629018|1630567,0,REG,,,2022,1627832,-5.0,PG,Point of Attack,0.9,MISS Holiday 6' Driving Floating Bank Jump Shot,,,,MIL,1610612749.0,
Shot Chart Detail,22100573,29,0,Opponent,1610612761,Toronto Raptors,1,9,51,Made Shot,Putback Layup Shot,,Restricted Area,Center(C),Less Than 8 ft.,0,2,0,1,1,20220105,MIL,TOR,2210057329,|1627783|1627832|1628384|1629018|1630567,0,REG,,,2022,1627783,-3.0,PF,Helper,0.72,Portis Putback Layup (2 PTS),,,,MIL,1610612749.0,
Shot Chart Detail,22100573,41,0,Opponent,1610612761,Toronto Raptors,1,8,54,Missed Shot,Driving Layup Shot,,In The Paint (Non-RA),Center(C),Less Than 8 ft.,5,13,52,1,0,20220105,MIL,TOR,2210057341,|1627783|1627832|1628384|1629018|1630567,0,REG,,,2022,1627783,-7.0,PF,Helper,0.72,MISS Holiday 5' Driving Layup,,,,MIL,1610612749.0,
Shot Chart Detail,22100573,46,0,Opponent,1610612761,Toronto Raptors,1,8,39,Missed Shot,Step Back Jump shot,,Above the Break 3,Right Side Center(RC),24+ ft.,26,206,171,1,0,20220105,MIL,TOR,2210057346,|1627783|1627832|1628384|1629018|1630567,0,REG,,,2022,1628384,-7.0,SF,Wing Stopper,1.03,MISS Nwora 27' 3PT Step Back Jump Shot,,,,MIL,1610612749.0,
Shot Chart Detail,22100573,50,0,Opponent,1610612761,Toronto Raptors,1,8,17,Missed Shot,Layup Shot,,In The Paint (Non-RA),Center(C),Less Than 8 ft.,4,7,46,1,0,20220105,MIL,TOR,2210057350,|1627783|1627832|1628384|1629018|1630567,0,REG,,,2022,1627832|1627783,-7.0,,,,,,,,MIL,1610612749.0,
Shot Chart Detail,22100573,52,0,Opponent,1610612761,Toronto Raptors,1,8,15,Made Shot,Putback Layup Shot,,Restricted Area,Center(C),Less Than 8 ft.,1,2,11,1,1,20220105,MIL,TOR,2210057352,|1627783|1627832|1628384|1629018|1630567,0,REG,,,2022,1627783|1630567,-5.0,,,,,,,,MIL,1610612749.0,
Shot Chart Detail,22100573,66,0,Opponent,1610612761,Toronto Raptors,1,7,12,Made Shot,Jump Shot,,Left Corner 3,Left Side(L),24+ ft.,23,-233,16,1,1,20220105,MIL,TOR,2210057366,|1627783|1627832|1628384|1629018|203920,1,REG,,,2022,1629018,-7.0,SG,Chaser,0.19,Nwora 3PT Jump Shot (5 PTS) (Middleton 1 AST),,,,MIL,1610612749.0,203114.0
Shot Chart Detail,22100573,70,0,Opponent,1610612761,Toronto Raptors,1,6,37,Made Shot,Jump Shot,,Above the Break 3,Right Side Center(RC),24+ ft.,26,131,234,1,1,20220105,MIL,TOR,2210057370,|1627783|1627832|1628384|1629018|203920,1,REG,,,2022,203920,-7.0,C,Mobile Big,0.63,Portis 27' 3PT Jump Shot (7 PTS) (Holiday 2 AST),,,,MIL,1610612749.0,201950.0
Shot Chart Detail,22100573,73,0,Opponent,1610612761,Toronto Raptors,1,6,15,Missed Shot,Cutting Layup Shot,,Restricted Area,Center(C),Less Than 8 ft.,1,6,10,1,0,20220105,MIL,TOR,2210057373,|1627783|1627832|1628384|1629018|203920,0,REG,,,2022,203920,-9.0,C,Mobile Big,0.63,MISS Mamukelashvili 1' Cutting Layup Shot,,,,MIL,1610612749.0,
Shot Chart Detail,22100573,75,0,Opponent,1610612761,Toronto Raptors,1,6,11,Made Shot,Floating Jump shot,,Restricted Area,Center(C),Less Than 8 ft.,3,-35,7,1,1,20220105,MIL,TOR,2210057375,|1627783|1627832|1628384|1629018|203920,0,REG,,,2022,203920,-7.0,C,Mobile Big,0.63,Middleton 4' Floating Jump Shot (4 PTS),,,,MIL,1610612749.0,
Shot Chart Detail,22100573,78,0,Opponent,1610612761,Toronto Raptors,1,5,40,Made Shot,Jump Shot,,Left Corner 3,Left Side(L),24+ ft.,24,-239,55,1,1,20220105,MIL,TOR,2210057378,|1627783|1627832|1628384|1629018|203920,1,REG,,,2022,1629018,-4.0,SG,Chaser,0.19,Mamukelashvili 25' 3PT Jump Shot (3 PTS) (Nwora 1 AST),,,,MIL,1610612749.0,1629670.0
Shot Chart Detail,22100573,82,0,Opponent,1610612761,Toronto Raptors,1,5,13,Missed Shot,Step Back Jump shot,,Above the Break 3,Left Side Center(LC),24+ ft.,25,-154,198,1,0,20220105,MIL,TOR,2210057382,|1627783|1627832|1628384|1629018|203920,0,REG,,,2022,203920|1628384,-4.0,,,,,,,,MIL,1610612749.0,
Shot Chart Detail,22100573,86,0,Opponent,1610612761,Toronto Raptors,1,4,56,Missed Shot,Jump Shot,,Above the Break 3,Right Side Center(RC),24+ ft.,28,205,193,1,0,20220105,MIL,TOR,2210057386,|1627783|1627832|1628384|1629018|203920,0,REG,,,2022,203920,-4.0,C,Mobile Big,0.63,MISS Portis 28' 3PT Jump Shot,,,,MIL,1610612749.0,
Shot Chart Detail,22100573,90,0,Opponent,1610612761,Toronto Raptors,1,4,34,Made Shot,Cutting Dunk Shot,,Restricted Area,Center(C),Less Than 8 ft.,2,-1,25,1,1,20220105,MIL,TOR,2210057390,|1627783|1627832|1628384|1629018|203920,1,REG,,,2022,1627783,-5.0,PF,Helper,0.72,Mamukelashvili 3' Cutting Dunk Shot (5 PTS) (Middleton 2 AST),,,,MIL,1610612749.0,203114.0
Shot Chart Detail,22100573,103,0,Opponent,1610612761,Toronto Raptors,1,3,56,Made Shot,Jump Shot,,Above the Break 3,Left Side Center(LC),24+ ft.,25,-113,231,1,1,20220105,MIL,TOR,22100573103,|1627783|1627832|1628449|1630567|203920,1,REG,,,2022,1627783,-2.0,PF,Helper,0.72,Cousins 26' 3PT Jump Shot (3 PTS) (Hood 1 AST),,,,MIL,1610612749.0,203918.0
Shot Chart Detail,22100573,107,0,Opponent,1610612761,Toronto Raptors,1,3,24,Missed Shot,Jump Shot,,Above the Break 3,Right Side Center(RC),24+ ft.,26,195,172,1,0,20220105,MIL,TOR,22100573107,|1627783|1627832|1628449|1630567|203920,0,REG,,,2022,1630567,-2.0,PF,Helper,0.63,MISS Cousins 26' 3PT Jump Shot,,,,MIL,1610612749.0,
Shot Chart Detail,22100573,120,0,Opponent,1610612761,Toronto Raptors,1,2,46,Made Shot,Jump Shot,,Right Corner 3,Right Side(R),24+ ft.,24,239,41,1,1,20220105,MIL,TOR,22100573120,|1627832|1628384|1628449|1630567|203920,1,REG,,,2022,1628384,3.0,SF,Wing Stopper,1.03,Hood 24' 3PT Jump Shot (3 PTS) (Holiday 3 AST),,,,MIL,1610612749.0,201950.0
Shot Chart Detail,22100573,124,0,Opponent,1610612761,Toronto Raptors,1,2,24,Made Shot,Driving Bank Hook Shot,,In The Paint (Non-RA),Center(C),Less Than 8 ft.,5,48,25,1,1,20220105,MIL,TOR,22100573124,|1627832|1628384|1628449|1630567|203920,0,REG,,,2022,1627832,5.0,PG,Point of Attack,0.9,Holiday 5' Driving Bank Hook Shot (3 PTS),,,,MIL,1610612749.0,
Shot Chart Detail,22100573,127,0,Opponent,1610612761,Toronto Raptors,1,1,43,Made Shot,Jump Shot,,Above the Break 3,Right Side Center(RC),24+ ft.,27,129,239,1,1,20220105,MIL,TOR,22100573127,|1627832|1628384|1628449|1630567|203920,1,REG,,,2022,1628384,8.0,SF,Wing Stopper,1.03,Hood 27' 3PT Jump Shot (6 PTS) (Holiday 4 AST),,,,MIL,1610612749.0,201950.0
Shot Chart Detail,22100573,135,0,Opponent,1610612761,Toronto Raptors,1,0,59,Made Shot,Step Back Jump shot,,Above the Break 3,Right Side Center(RC),24+ ft.,25,82,239,1,1,20220105,MIL,TOR,22100573135,|1627832|1628384|1628449|1630173|1630567,0,REG,,,2022,1630173,8.0,C,Mobile Big,0.24,Holiday 25' 3PT Step Back Jump Shot (6 PTS),,,,MIL,1610612749.0,
Shot Chart Detail,22100573,138,0,Opponent,1610612761,Toronto Raptors,1,0,29,Made Shot,Step Back Jump shot,,Above the Break 3,Right Side Center(RC),24+ ft.,26,213,155,1,1,20220105,MIL,TOR,22100573138,|1627832|1628384|1628449|1630173|1630567,0,REG,,,2022,1630173,8.0,C,Mobile Big,0.24,Holiday 26' 3PT Step Back Jump Shot (9 PTS),,,,MIL,1610612749.0,
Shot Chart Detail,22100573,157,0,Opponent,1610612761,Toronto Raptors,2,11,36,Missed Shot,Running Layup Shot,,Restricted Area,Center(C),Less Than 8 ft.,2,-6,21,1,0,20220105,MIL,TOR,22100573157,|1627783|1628384|1628449|1630173|1630567,0,REG,,,2022,1630567,7.0,PF,Helper,0.63,MISS Smart 2' Running Layup,,,,MIL,1610612749.0,
Shot Chart Detail,22100573,160,0,Opponent,1610612761,Toronto Raptors,2,11,9,Made Shot,Cutting Layup Shot,,Restricted Area,Center(C),Less Than 8 ft.,0,4,9,1,1,20220105,MIL,TOR,22100573160,|1627783|1628384|1628449|1630173|1630567,1,REG,,,2022,1628384|1627783,7.0,,,,,,,,MIL,1610612749.0,203114.0
Shot Chart Detail,22100573,167,0,Opponent,1610612761,Toronto Raptors,2,10,32,Made Shot,Step Back Jump shot,,Mid-Range,Right Side Center(RC),16-24 ft.,19,107,166,1,1,20220105,MIL,TOR,22100573167,|1627783|1628384|1628449|1630173|1630567,0,REG,,,2022,1628384,9.0,SF,Wing Stopper,1.03,Middleton 20' Step Back Jump Shot (6 PTS),,,,MIL,1610612749.0,
Shot Chart Detail,22100573,169,0,Opponent,1610612761,Toronto Raptors,2,10,1,Made Shot,Jump Shot,,Above the Break 3,Right Side Center(RC),24+ ft.,27,174,219,1,1,20220105,MIL,TOR,22100573169,|1627783|1628384|1628449|1630173|1630567,1,REG,,,2022,1628384,9.0,SF,Wing Stopper,1.03,Cousins 28' 3PT Jump Shot (8 PTS) (Smart 1 AST),,,,MIL,1610612749.0,1630606.0
Shot Chart Detail,22100573,183,0,Opponent,1610612761,Toronto Raptors,2,9,24,Made Shot,Jump Shot,,Above the Break 3,Right Side Center(RC),24+ ft.,26,206,166,1,1,20220105,MIL,TOR,22100573183,|1627783|1628384|1629018|1630173|1630567,1,REG,,,2022,1628384,11.0,SF,Wing Stopper,1.03,Matthews 26' 3PT Jump Shot (3 PTS) (Nwora 2 AST),,,,MIL,1610612749.0,1629670.0
Shot Chart Detail,22100573,191,0,Opponent,1610612761,Toronto Raptors,2,8,45,Missed Shot,Driving Floating Jump Shot,,In The Paint (Non-RA),Center(C),8-16 ft.,13,-64,117,1,0,20220105,MIL,TOR,22100573191,|1627783|1628384|1629018|1630173|1630567,0,REG,,,2022,1627783|1630173,10.0,,,,,,,,MIL,1610612749.0,
Shot Chart Detail,22100573,215,0,Opponent,1610612761,Toronto Raptors,2,7,6,Made Shot,Jump Shot,,Left Corner 3,Left Side(L),24+ ft.,25,-243,68,1,1,20220105,MIL,TOR,22100573215,|1627783|1627832|1628384|1629018|1630173,1,REG,,,2022,1629018,11.0,SG,Chaser,0.19,Nwora 25' 3PT Jump Shot (8 PTS) (Holiday 5 AST),,,,MIL,1610612749.0,201950.0
Shot Chart Detail,22100573,226,0,Opponent,1610612761,Toronto Raptors,2,6,8,Missed Shot,Jump Shot,,Above the Break 3,Right Side Center(RC),24+ ft.,24,225,106,1,0,20220105,MIL,TOR,22100573226,|1627783|1627832|1628384|1629018|1630173,0,REG,,,2022,1627783,11.0,PF,Helper,0.72,MISS Matthews 25' 3PT Jump Shot,,,,MIL,1610612749.0,
Shot Chart Detail,22100573,229,0,Opponent,1610612761,Toronto Raptors,2,6,0,Missed Shot,Jump Shot,,Right Corner 3,Right Side(R),24+ ft.,24,243,47,1,0,20220105,MIL,TOR,22100573229,|1627783|1627832|1628384|1629018|1630173,0,REG,,,2022,1627783,11.0,PF,Helper,0.72,MISS Nwora 25' 3PT Jump Shot,,,,MIL,1610612749.0,
Shot Chart Detail,22100573,235,0,Opponent,1610612761,Toronto Raptors,2,5,45,Missed Shot,Driving Layup Shot,,Restricted Area,Center(C),Less Than 8 ft.,1,-5,13,1,0,20220105,MIL,TOR,22100573235,|1627783|1627832|1628384|1629018|1630173,0,REG,,,2022,1630173,11.0,C,Mobile Big,0.24,MISS Cousins 1' Driving Layup,,,,MIL,1610612749.0,
Shot Chart Detail,22100573,241,0,Opponent,1610612761,Toronto Raptors,2,5,19,Made Shot,Jump Shot,,Left Corner 3,Left Side(L),24+ ft.,23,-230,41,1,1,20220105,MIL,TOR,22100573241,|1627783|1627832|1628384|1629018|1630173,1,REG,,,2022,1628384,11.0,SF,Wing Stopper,1.03,Matthews 3PT Jump Shot (6 PTS) (Holiday 6 AST),,,,MIL,1610612749.0,201950.0
Shot Chart Detail,22100573,245,0,Opponent,1610612761,Toronto Raptors,2,4,53,Made Shot,Driving Floating Jump Shot,,In The Paint (Non-RA),Right Side(R),8-16 ft.,8,65,61,1,1,20220105,MIL,TOR,22100573245,|1627783|1627832|1628384|1629018|1630173,0,REG,,,2022,1628384|1630173,13.0,,,,,,,,MIL,1610612749.0,
Shot Chart Detail,22100573,247,0,Opponent,1610612761,Toronto Raptors,2,4,26,Made Shot,Layup Shot,,In The Paint (Non-RA),Center(C),Less Than 8 ft.,4,-23,35,1,1,20220105,MIL,TOR,22100573247,|1627783|1627832|1628384|1629018|1630173,1,REG,,,2022,1627832|1630173,13.0,,,,,,,,MIL,1610612749.0,201950.0
Shot Chart Detail,22100573,272,0,Opponent,1610612761,Toronto Raptors,2,3,10,Made Shot,Jump Shot,,Above the Break 3,Right Side Center(RC),24+ ft.,25,227,121,1,1,20220105,MIL,TOR,22100573272,|1627783|1627832|1628449|1630551|1630567,1,REG,,,2022,1630567,12.0,PF,Helper,0.63,Nwora 26' 3PT Jump Shot (11 PTS) (Matthews 1 AST),,,,MIL,1610612749.0,202083.0
Shot Chart Detail,22100573,276,0,Opponent,1610612761,Toronto Raptors,2,2,39,Made Shot,Cutting Layup Shot,,Restricted Area,Center(C),Less Than 8 ft.,2,-9,19,1,1,20220105,MIL,TOR,22100573276,|1627783|1627832|1628449|1630551|1630567,1,REG,,,2022,1628449|1627783,14.0,,,,,,,,MIL,1610612749.0,201950.0
Shot Chart Detail,22100573,284,0,Opponent,1610612761,Toronto Raptors,2,2,17,Missed Shot,Floating Jump shot,,In The Paint (Non-RA),Center(C),8-16 ft.,8,23,80,1,0,20220105,MIL,TOR,22100573284,|1627783|1627832|1628449|1630551|1630567,0,REG,,,2022,1627832|1630567,12.0,,,,,,,,MIL,1610612749.0,
Shot Chart Detail,22100573,289,0,Opponent,1610612761,Toronto Raptors,2,1,46,Made Shot,Turnaround Fadeaway shot,,Mid-Range,Center(C),16-24 ft.,17,28,169,1,1,20220105,MIL,TOR,22100573289,|1627783|1627832|1628449|1630551|1630567,0,REG,,,2022,1627832,11.0,PG,Point of Attack,0.9,Holiday 17' Turnaround Fadeaway (11 PTS),,,,MIL,1610612749.0,
Shot Chart Detail,22100573,292,0,Opponent,1610612761,Toronto Raptors,2,1,29,Made Shot,Turnaround Fadeaway shot,,Mid-Range,Center(C),16-24 ft.,16,17,163,1,1,20220105,MIL,TOR,22100573292,|1627783|1627832|1628449|1630551|1630567,0,REG,,,2022,1630567,13.0,PF,Helper,0.63,Nwora 16' Turnaround Fadeaway (13 PTS),,,,MIL,1610612749.0,
Shot Chart Detail,22100573,312,0,Opponent,1610612761,Toronto Raptors,2,0,34,Missed Shot,Driving Floating Jump Shot,,In The Paint (Non-RA),Center(C),Less Than 8 ft.,7,-54,47,1,0,20220105,MIL,TOR,22100573312,|1627783|1627832|1628384|1630551|1630567,0,REG,,,2022,1627832,9.0,PG,Point of Attack,0.9,MISS Middleton 7' Driving Floating Jump Shot,,,,MIL,1610612749.0,
Shot Chart Detail,22100573,326,0,Opponent,1610612761,Toronto Raptors,3,11,34,Missed Shot,Driving Floating Jump Shot,,In The Paint (Non-RA),Center(C),Less Than 8 ft.,4,-1,44,1,0,20220105,MIL,TOR,22100573326,|1627783|1627832|1628384|1629018|1630567,0,REG,,,2022,1628384|1627783,8.0,,,,,,,,MIL,1610612749.0,
Shot Chart Detail,22100573,329,0,Opponent,1610612761,Toronto Raptors,3,11,1,Missed Shot,Cutting Layup Shot,,Restricted Area,Center(C),Less Than 8 ft.,1,-10,17,1,0,20220105,MIL,TOR,22100573329,|1627783|1627832|1628384|1629018|1630567,0,REG,,,2022,1629018|1628384,6.0,,,,,,,,MIL,1610612749.0,
Shot Chart Detail,22100573,338,0,Opponent,1610612761,Toronto Raptors,3,10,24,Made Shot,Driving Finger Roll Layup Shot,,Restricted Area,Center(C),Less Than 8 ft.,1,-1,13,1,1,20220105,MIL,TOR,22100573338,|1627783|1627832|1628384|1629018|1630567,0,REG,,,2022,1628384|1627783,5.0,,,,,,,,MIL,1610612749.0,
Shot Chart Detail,22100573,349,0,Opponent,1610612761,Toronto Raptors,3,9,32,Missed Shot,Jump Shot,,Right Corner 3,Right Side(R),24+ ft.,24,233,58,1,0,20220105,MIL,TOR,22100573349,|1627783|1627832|1628384|1629018|1630567,0,REG,,,2022,1627783,7.0,PF,Helper,0.72,MISS Matthews 24' 3PT Jump Shot,,,,MIL,1610612749.0,
Shot Chart Detail,22100573,354,0,Opponent,1610612761,Toronto Raptors,3,9,5,Missed Shot,Jump Shot,,Above the Break 3,Right Side Center(RC),24+ ft.,26,141,221,1,0,20220105,MIL,TOR,22100573354,|1627783|1627832|1628384|1629018|1630567,0,REG,,,2022,1629018,5.0,SG,Chaser,0.19,MISS Nwora 26' 3PT Jump Shot,,,,MIL,1610612749.0,
Shot Chart Detail,22100573,358,0,Opponent,1610612761,Toronto Raptors,3,8,52,Made Shot,Cutting Layup Shot,,Restricted Area,Center(C),Less Than 8 ft.,1,-11,12,1,1,20220105,MIL,TOR,22100573358,|1627783|1627832|1628384|1629018|1630567,0,REG,,,2022,1628384,7.0,SF,Wing Stopper,1.03,Middleton 2' Cutting Layup Shot (15 PTS),,,,MIL,1610612749.0,
Shot Chart Detail,22100573,364,0,Opponent,1610612761,Toronto Raptors,3,8,14,Missed Shot,Turnaround Fadeaway shot,,In The Paint (Non-RA),Left Side(L),8-16 ft.,9,-59,80,1,0,20220105,MIL,TOR,22100573364,|1627783|1627832|1628384|1629018|1630567,0,REG,,,2022,1630567,5.0,PF,Helper,0.63,MISS Holiday 10' Turnaround Fadeaway Shot,,,,MIL,1610612749.0,
Shot Chart Detail,22100573,369,0,Opponent,1610612761,Toronto Raptors,3,7,53,Missed Shot,Running Layup Shot,,Restricted Area,Center(C),Less Than 8 ft.,1,-5,16,1,0,20220105,MIL,TOR,22100573369,|1627783|1627832|1628384|1629018|1630567,0,REG,,,2022,1629018,5.0,SG,Chaser,0.19,MISS Nwora 2' Running Layup,,,,MIL,1610612749.0,
Shot Chart Detail,22100573,373,0,Opponent,1610612761,Toronto Raptors,3,7,49,Missed Shot,Fadeaway Jump Shot,,Mid-Range,Right Side(R),8-16 ft.,15,153,0,1,0,20220105,MIL,TOR,22100573373,|1627783|1627832|1628384|1629018|1630567,0,REG,,,2022,1627783,5.0,PF,Helper,0.72,MISS Middleton 15' Fadeaway Jumper,,,,MIL,1610612749.0,
Shot Chart Detail,22100573,377,0,Opponent,1610612761,Toronto Raptors,3,7,21,Made Shot,Driving Dunk Shot,,Restricted Area,Center(C),Less Than 8 ft.,1,6,10,1,1,20220105,MIL,TOR,22100573377,|1627783|1627832|1628384|1629018|1630567,1,REG,,,2022,1629018,7.0,SG,Chaser,0.19,Nwora 1' Driving Dunk (17 PTS) (Middleton 4 AST),,,,MIL,1610612749.0,203114.0
Shot Chart Detail,22100573,395,0,Opponent,1610612761,Toronto Raptors,3,6,27,Missed Shot,Driving Layup Shot,,In The Paint (Non-RA),Center(C),Less Than 8 ft.,4,-7,44,1,0,20220105,MIL,TOR,22100573395,|1627783|1627832|1628384|1629018|203920,0,REG,,,2022,1627832|203920,2.0,,,,,,,,MIL,1610612749.0,
Shot Chart Detail,22100573,418,0,Opponent,1610612761,Toronto Raptors,3,5,8,Missed Shot,Step Back Jump shot,,Above the Break 3,Left Side Center(LC),24+ ft.,26,-159,209,1,0,20220105,MIL,TOR,22100573418,|1627783|1627832|1628384|1629018|203920,0,REG,,,2022,1627783,1.0,PF,Helper,0.72,MISS Nwora 26' 3PT Step Back Jump Shot,,,,MIL,1610612749.0,
Shot Chart Detail,22100573,424,0,Opponent,1610612761,Toronto Raptors,3,4,11,Missed Shot,Running Pull-Up Jump Shot,,Above the Break 3,Left Side Center(LC),24+ ft.,28,-159,232,1,0,20220105,MIL,TOR,22100573424,|1627783|1627832|1628384|1629018|203920,0,REG,,,2022,1627832|203920,-1.0,,,,,,,,MIL,1610612749.0,
Shot Chart Detail,22100573,439,0,Opponent,1610612761,Toronto Raptors,3,3,31,Missed Shot,Cutting Layup Shot,,Restricted Area,Center(C),Less Than 8 ft.,2,11,21,1,0,20220105,MIL,TOR,22100573439,|1627783|1627832|1628384|1630567|203920,0,REG,,,2022,1627783,-2.0,PF,Helper,0.72,MISS Mamukelashvili 2' Cutting Layup Shot,,,,MIL,1610612749.0,
Shot Chart Detail,22100573,442,0,Opponent,1610612761,Toronto Raptors,3,3,26,Missed Shot,Putback Layup Shot,,In The Paint (Non-RA),Center(C),Less Than 8 ft.,4,40,27,1,0,20220105,MIL,TOR,22100573442,|1627783|1627832|1628384|1630567|203920,0,REG,,,2022,1627832,-2.0,PG,Point of Attack,0.9,MISS Mamukelashvili 5' Putback Layup,,,,MIL,1610612749.0,
Shot Chart Detail,22100573,446,0,Opponent,1610612761,Toronto Raptors,3,3,5,Missed Shot,Jump Shot,,Above the Break 3,Left Side Center(LC),24+ ft.,27,-168,214,1,0,20220105,MIL,TOR,22100573446,|1627783|1627832|1628384|1630567|203920,0,REG,,,2022,1630567,-2.0,PF,Helper,0.63,MISS Hood 27' 3PT Jump Shot,,,,MIL,1610612749.0,
Shot Chart Detail,22100573,451,0,Opponent,1610612761,Toronto Raptors,3,2,41,Missed Shot,Jump Shot,,Right Corner 3,Right Side(R),24+ ft.,22,222,58,1,0,20220105,MIL,TOR,22100573451,|1627783|1627832|1628384|1630567|203920,0,REG,,,2022,1630567,-2.0,PF,Helper,0.63,MISS Mamukelashvili 3PT Jump Shot,,,,MIL,1610612749.0,
Shot Chart Detail,22100573,456,0,Opponent,1610612761,Toronto Raptors,3,2,32,Missed Shot,Jump Shot,,Above the Break 3,Right Side Center(RC),24+ ft.,25,114,232,1,0,20220105,MIL,TOR,22100573456,|1627783|1627832|1628384|1630567|203920,0,REG,,,2022,1627783,-2.0,PF,Helper,0.72,MISS Mamukelashvili 26' 3PT Jump Shot,,,,MIL,1610612749.0,
Shot Chart Detail,22100573,463,0,Opponent,1610612761,Toronto Raptors,3,2,10,Missed Shot,Driving Layup Shot,,Restricted Area,Center(C),Less Than 8 ft.,2,4,21,1,0,20220105,MIL,TOR,22100573463,|1627783|1627832|1628449|1630567|203920,0,REG,,,2022,203920,-2.0,C,Mobile Big,0.63,MISS Cousins 2' Driving Layup,,,,MIL,1610612749.0,
Shot Chart Detail,22100573,484,0,Opponent,1610612761,Toronto Raptors,3,0,35,Missed Shot,Pullup Jump shot,,Mid-Range,Left Side(L),8-16 ft.,14,-121,80,1,0,20220105,MIL,TOR,22100573484,|1627832|1628449|1630551|1630567|203920,0,REG,,,2022,1630551,-4.0,SF,Helper,-0.61,MISS Hood 15' Pullup Jump Shot,,,,MIL,1610612749.0,
Shot Chart Detail,22100573,488,0,Opponent,1610612761,Toronto Raptors,3,0,3,Missed Shot,Jump Shot,,Above the Break 3,Left Side Center(LC),24+ ft.,29,-173,236,1,0,20220105,MIL,TOR,22100573488,|1627832|1628449|1630551|1630567|203920,0,REG,,,2022,1628449,-4.0,SF,Helper,0.4,MISS Smart 29' 3PT Jump Shot,,,,MIL,1610612749.0,
Shot Chart Detail,22100573,498,0,Opponent,1610612761,Toronto Raptors,3,3,26,Missed Shot,Tip Layup Shot,,Restricted Area,Center(C),Less Than 8 ft.,1,12,5,1,0,20220105,MIL,TOR,22100573498,|1627783|1627832|1628384|1630567|203920,0,REG,,,2022,1627832,-2.0,PG,Point of Attack,0.9,MISS Holiday 1' Tip Layup Shot,,,,MIL,1610612749.0,
Shot Chart Detail,22100573,509,0,Opponent,1610612761,Toronto Raptors,4,11,44,Made Shot,Driving Layup Shot,,In The Paint (Non-RA),Center(C),Less Than 8 ft.,6,-69,11,1,1,20220105,MIL,TOR,22100573509,|1627783|1628449|1630173|1630551|1630567,0,REG,,,2022,1630567,-2.0,PF,Helper,0.63,Middleton 7' Driving Layup (17 PTS),,,,MIL,1610612749.0,
Shot Chart Detail,22100573,511,0,Opponent,1610612761,Toronto Raptors,4,11,17,Missed Shot,Driving Layup Shot,,Restricted Area,Center(C),Less Than 8 ft.,3,-7,33,1,0,20220105,MIL,TOR,22100573511,|1627783|1628449|1630173|1630551|1630567,0,REG,,,2022,1628449|1627783|1630567,-4.0,,,,,,,,MIL,1610612749.0,
Shot Chart Detail,22100573,513,0,Opponent,1610612761,Toronto Raptors,4,11,13,Made Shot,Jump Shot,,Above the Break 3,Center(C),24+ ft.,27,-65,268,1,1,20220105,MIL,TOR,22100573513,|1627783|1628449|1630173|1630551|1630567,1,REG,,,2022,1630173,-1.0,C,Mobile Big,0.24,Portis 28' 3PT Jump Shot (10 PTS) (Hood 2 AST),,,,MIL,1610612749.0,203918.0
Shot Chart Detail,22100573,524,0,Opponent,1610612761,Toronto Raptors,4,10,17,Missed Shot,Driving Layup Shot,,Restricted Area,Center(C),Less Than 8 ft.,3,-31,18,1,0,20220105,MIL,TOR,22100573524,|1627783|1628449|1630173|1630551|1630567,0,REG,,,2022,1630567,-3.0,PF,Helper,0.63,MISS Nwora 4' Driving Layup,,,,MIL,1610612749.0,
Shot Chart Detail,22100573,538,0,Opponent,1610612761,Toronto Raptors,4,9,14,Missed Shot,Jump Shot,,Above the Break 3,Center(C),24+ ft.,26,-61,262,1,0,20220105,MIL,TOR,22100573538,|1627783|1629018|1630173|1630551|1630567,0,REG,,,2022,1630567,-6.0,PF,Helper,0.63,MISS Matthews 27' 3PT Jump Shot,,,,MIL,1610612749.0,
Shot Chart Detail,22100573,552,0,Opponent,1610612761,Toronto Raptors,4,8,15,Made Shot,Cutting Layup Shot,,Restricted Area,Center(C),Less Than 8 ft.,1,4,13,1,1,20220105,MIL,TOR,22100573552,|1627783|1629018|1630173|1630551|1630567,1,REG,,,2022,1630567,-9.0,PF,Helper,0.63,Hood 1' Cutting Layup Shot (9 PTS) (Holiday 9 AST),,,,MIL,1610612749.0,201950.0
Shot Chart Detail,22100573,556,0,Opponent,1610612761,Toronto Raptors,4,7,37,Missed Shot,Jump Shot,,Left Corner 3,Left Side(L),24+ ft.,23,-233,-1,1,0,20220105,MIL,TOR,22100573556,|1627783|1629018|1630173|1630551|1630567,0,REG,,,2022,1627783,-11.0,PF,Helper,0.72,MISS Nwora 3PT Jump Shot,,,,MIL,1610612749.0,
Shot Chart Detail,22100573,572,0,Opponent,1610612761,Toronto Raptors,4,6,52,Missed Shot,Jump Shot,,Left Corner 3,Left Side(L),24+ ft.,23,-230,-3,1,0,20220105,MIL,TOR,22100573572,|1627783|1627832|1629018|1630173|1630567,0,REG,,,2022,1627783,-14.0,PF,Helper,0.72,MISS Mamukelashvili 3PT Jump Shot,,,,MIL,1610612749.0,
Shot Chart Detail,22100573,576,0,Opponent,1610612761,Toronto Raptors,4,6,20,Missed Shot,Hook Shot,,In The Paint (Non-RA),Center(C),Less Than 8 ft.,5,-29,42,1,0,20220105,MIL,TOR,22100573576,|1627783|1627832|1629018|1630173|1630567,0,REG,,,2022,1627832,-14.0,PG,Point of Attack,0.9,MISS Holiday 5' Hook Shot,,,,MIL,1610612749.0,
Shot Chart Detail,22100573,611,0,Opponent,1610612761,Toronto Raptors,4,4,10,Made Shot,Turnaround Jump Shot,,Mid-Range,Left Side Center(LC),16-24 ft.,16,-120,111,1,1,20220105,MIL,TOR,22100573611,|1627783|1627832|1628384|1629018|1630567,0,REG,,,2022,1629018|1627783,-13.0,,,,,,,,MIL,1610612749.0,
Shot Chart Detail,22100573,616,0,Opponent,1610612761,Toronto Raptors,4,3,29,Made Shot,Driving Layup Shot,,Mid-Range,Left Side(L),8-16 ft.,9,-92,36,1,1,20220105,MIL,TOR,22100573616,|1627783|1627832|1628384|1629018|1630567,1,REG,,,2022,1627832,-13.0,PG,Point of Attack,0.9,Middleton 10' Driving Layup (21 PTS) (Holiday 10 AST),,,,MIL,1610612749.0,201950.0
Shot Chart Detail,22100573,623,0,Opponent,1610612761,Toronto Raptors,4,2,48,Missed Shot,Turnaround Jump Shot,,Mid-Range,Right Side(R),8-16 ft.,15,150,7,1,0,20220105,MIL,TOR,22100573623,|1627783|1627832|1628384|1629018|1630567,0,REG,,,2022,1630567,-13.0,PF,Helper,0.63,MISS Middleton 15' Turnaround Jump Shot,,,,MIL,1610612749.0,
Shot Chart Detail,22100573,627,0,Opponent,1610612761,Toronto Raptors,4,2,39,Made Shot,Jump Shot,,Right Corner 3,Right Side(R),24+ ft.,23,239,13,1,1,20220105,MIL,TOR,22100573627,|1627783|1627832|1628384|1629018|1630567,1,REG,,,2022,1628384,-10.0,SF,Wing Stopper,1.03,Matthews 24' 3PT Jump Shot (9 PTS) (Holiday 11 AST),,,,MIL,1610612749.0,201950.0
Shot Chart Detail,22100573,632,0,Opponent,1610612761,Toronto Raptors,4,2,4,Made Shot,Jump Shot,,Above the Break 3,Left Side Center(LC),24+ ft.,27,-184,209,1,1,20220105,MIL,TOR,22100573632,|1627783|1627832|1628384|1629018|1630567,1,REG,,,2022,1630567,-7.0,PF,Helper,0.63,Middleton 28' 3PT Jump Shot (24 PTS) (Holiday 12 AST),,,,MIL,1610612749.0,201950.0
Shot Chart Detail,22100573,636,0,Opponent,1610612761,Toronto Raptors,4,1,30,Missed Shot,Running Jump Shot,,Right Corner 3,Right Side(R),24+ ft.,22,223,1,1,0,20220105,MIL,TOR,22100573636,|1627783|1627832|1628384|1629018|1630567,0,REG,,,2022,1627783,-7.0,PF,Helper,0.72,MISS Matthews 3PT Running Jump Shot,,,,MIL,1610612749.0,
Shot Chart Detail,22100573,640,0,Opponent,1610612761,Toronto Raptors,4,1,0,Missed Shot,Driving Layup Shot,,In The Paint (Non-RA),Center(C),Less Than 8 ft.,5,-2,52,1,0,20220105,MIL,TOR,22100573640,|1627783|1627832|1628384|1629018|1630567,0,REG,,,2022,1627832|1630567,-7.0,,,,,,,,MIL,1610612749.0,
Shot Chart Detail,22100573,658,0,Opponent,1610612761,Toronto Raptors,4,0,28,Missed Shot,Jump Shot,,Above the Break 3,Right Side Center(RC),24+ ft.,27,179,209,1,0,20220105,MIL,TOR,22100573658,|1627783|1627832|1628384|1629018|1630567,0,REG,,,2022,1628384,-7.0,SF,Wing Stopper,1.03,MISS Middleton 28' 3PT Jump Shot,,,,MIL,1610612749.0,
Shot Chart Detail,22100573,660,0,Opponent,1610612761,Toronto Raptors,4,0,21,Made Shot,Jump Shot,,Above the Break 3,Left Side Center(LC),24+ ft.,27,-167,220,1,1,20220105,MIL,TOR,22100573660,|1627783|1627832|1628384|1629018|1630567,0,REG,,,2022,1627832,-4.0,PG,Point of Attack,0.9,Holiday 28' 3PT Jump Shot (15 PTS),,,,MIL,1610612749.0,
Shot Chart Detail,22100573,681,0,Opponent,1610612761,Toronto Raptors,4,0,4,Missed Shot,Jump Shot,,Above the Break 3,Center(C),24+ ft.,25,25,258,1,0,20220105,MIL,TOR,22100573681,|1627783|1627832|1628384|1629018|1630567,0,REG,,,2022,1627783,-4.0,PF,Helper,0.72,MISS Holiday 26' 3PT Jump Shot,,,,MIL,1610612749.0,
Shot Chart Detail,22100584,7,0,Opponent,1610612761,Toronto Raptors,1,11,37,Missed Shot,Driving Floating Jump Shot,,In The Paint (Non-RA),Center(C),8-16 ft.,11,-27,110,1,0,20220107,TOR,UTA,221005847,|1627783|1627832|1628384|1629018|1630567,0,REG,,,2022,1627832,0.0,PG,Point of Attack,0.9,MISS Forrest 11' Driving Floating Jump Shot,,,,UTA,1610612762.0,
Shot Chart Detail,22100584,12,0,Opponent,1610612761,Toronto Raptors,1,11,8,Missed Shot,Driving Floating Jump Shot,,Restricted Area,Center(C),Less Than 8 ft.,1,10,-4,1,0,20220107,TOR,UTA,2210058412,|1627783|1627832|1628384|1629018|1630567,0,REG,,,2022,1630567,0.0,PF,Helper,0.63,Trent Jr. BLOCK (1 BLK),,,,UTA,1610612762.0,
Shot Chart Detail,22100584,15,0,Opponent,1610612761,Toronto Raptors,1,11,2,Missed Shot,Jump Shot,,Above the Break 3,Right Side Center(RC),24+ ft.,24,130,207,1,0,20220107,TOR,UTA,2210058415,|1627783|1627832|1628384|1629018|1630567,0,REG,,,2022,1627783,0.0,PF,Helper,0.72,MISS Paschall 24' 3PT Jump Shot,,,,UTA,1610612762.0,
Shot Chart Detail,22100584,19,0,Opponent,1610612761,Toronto Raptors,1,10,42,Made Shot,Jump Shot,,Right Corner 3,Right Side(R),24+ ft.,23,230,6,1,1,20220107,TOR,UTA,2210058419,|1627783|1627832|1628384|1629018|1630567,1,REG,,,2022,1630567,1.0,PF,Helper,0.63,Hughes 3PT Jump Shot (3 PTS) (Butler 1 AST),,,,UTA,1610612762.0,1630215.0
Shot Chart Detail,22100584,23,0,Opponent,1610612761,Toronto Raptors,1,10,7,Made Shot,Jump Shot,,Right Corner 3,Right Side(R),24+ ft.,23,232,-10,1,1,20220107,TOR,UTA,2210058423,|1627783|1627832|1628384|1629018|1630567,1,REG,,,2022,1627783,4.0,PF,Helper,0.72,Paschall 3PT Jump Shot (3 PTS) (Hughes 1 AST),,,,UTA,1610612762.0,1630190.0
Shot Chart Detail,22100584,27,0,Opponent,1610612761,Toronto Raptors,1,9,45,Made Shot,Driving Layup Shot,,Restricted Area,Center(C),Less Than 8 ft.,1,-10,4,1,1,20220107,TOR,UTA,2210058427,|1627783|1627832|1628384|1629018|1630567,0,REG,,,2022,1627783,6.0,PF,Helper,0.72,Paschall 1' Driving Layup (5 PTS),,,,UTA,1610612762.0,
Shot Chart Detail,22100584,34,0,Opponent,1610612761,Toronto Raptors,1,9,1,Missed Shot,Jump Shot,,Above the Break 3,Right Side Center(RC),24+ ft.,24,219,107,1,0,20220107,TOR,UTA,2210058434,|1627783|1627832|1628384|1629018|1630567,0,REG,,,2022,1628384,3.0,SF,Wing Stopper,1.03,MISS Paschall 24' 3PT Jump Shot,,,,UTA,1610612762.0,
Shot Chart Detail,22100584,39,0,Opponent,1610612761,Toronto Raptors,1,8,47,Made Shot,Running Pull-Up Jump Shot,,Above the Break 3,Right Side Center(RC),24+ ft.,25,128,217,1,1,20220107,TOR,UTA,2210058439,|1627783|1627832|1628384|1629018|1630567,0,REG,,,2022,1628384|1630567,6.0,,,,,,,,UTA,1610612762.0,
Shot Chart Detail,22100584,42,0,Opponent,1610612761,Toronto Raptors,1,8,21,Made Shot,Driving Floating Jump Shot,,In The Paint (Non-RA),Center(C),Less Than 8 ft.,7,27,65,1,1,20220107,TOR,UTA,2210058442,|1627783|1627832|1628384|1629018|1630567,0,REG,,,2022,1627832,8.0,PG,Point of Attack,0.9,Forrest 7' Driving Floating Jump Shot (2 PTS),,,,UTA,1610612762.0,
Shot Chart Detail,22100584,53,0,Opponent,1610612761,Toronto Raptors,1,7,40,Made Shot,Running Layup Shot,,Restricted Area,Center(C),Less Than 8 ft.,2,17,16,1,1,20220107,TOR,UTA,2210058453,|1627783|1627832|1628384|1629018|1630567,1,REG,,,2022,1630567,9.0,PF,Helper,0.63,Whiteside 2' Running Layup (2 PTS) (Hughes 2 AST),,,,UTA,1610612762.0,1630190.0
Shot Chart Detail,22100584,57,0,Opponent,1610612761,Toronto Raptors,1,7,15,Missed Shot,Jump Shot,,Above the Break 3,Left Side Center(LC),24+ ft.,24,-184,169,1,0,20220107,TOR,UTA,2210058457,|1627783|1627832|1628384|1629018|1630567,0,REG,,,2022,1629018,9.0,SG,Chaser,0.19,MISS Butler 25' 3PT Jump Shot,,,,UTA,1610612762.0,
Shot Chart Detail,22100584,71,0,Opponent,1610612761,Toronto Raptors,1,6,41,Made Shot,Pullup Jump shot,,Mid-Range,Left Side Center(LC),16-24 ft.,17,-96,146,1,1,20220107,TOR,UTA,2210058471,|1627783|1627832|1628384|1629018|203920,0,REG,,,2022,1627783,11.0,PF,Helper,0.72,Paschall 17' Pullup Jump Shot (8 PTS),,,,UTA,1610612762.0,
Shot Chart Detail,22100584,74,0,Opponent,1610612761,Toronto Raptors,1,6,26,Missed Shot,Running Pull-Up Jump Shot,,Above the Break 3,Right Side Center(RC),24+ ft.,24,211,127,1,0,20220107,TOR,UTA,2210058474,|1627783|1627832|1628384|1629018|203920,0,REG,,,2022,1628384,11.0,SF,Wing Stopper,1.03,MISS Hughes 25' 3PT Running Pull-Up Jump Shot,,,,UTA,1610612762.0,
Shot Chart Detail,22100584,76,0,Opponent,1610612761,Toronto Raptors,1,6,21,Made Shot,Driving Layup Shot,,Restricted Area,Center(C),Less Than 8 ft.,2,20,2,1,1,20220107,TOR,UTA,2210058476,|1627783|1627832|1628384|1629018|203920,0,REG,,,2022,203920,13.0,C,Mobile Big,0.63,House Jr. 2' Driving Layup (2 PTS),,,,UTA,1610612762.0,
Shot Chart Detail,22100584,78,0,Opponent,1610612761,Toronto Raptors,1,5,46,Made Shot,Jump Shot,,Above the Break 3,Left Side Center(LC),24+ ft.,24,-176,175,1,1,20220107,TOR,UTA,2210058478,|1627783|1627832|1628384|1629018|203920,0,REG,,,2022,1627783,14.0,PF,Helper,0.72,Paschall 25' 3PT Jump Shot (11 PTS),,,,UTA,1610612762.0,
Shot Chart Detail,22100584,81,0,Opponent,1610612761,Toronto Raptors,1,5,9,Made Shot,Jump Shot,,Right Corner 3,Right Side(R),24+ ft.,23,230,10,1,1,20220107,TOR,UTA,2210058481,|1627783|1627832|1628384|1629018|203920,1,REG,,,2022,1627832,15.0,PG,Point of Attack,0.9,House Jr. 3PT Jump Shot (5 PTS) (Forrest 1 AST),,,,UTA,1610612762.0,1630235.0
Shot Chart Detail,22100584,93,0,Opponent,1610612761,Toronto Raptors,1,4,39,Missed Shot,Driving Hook Shot,,In The Paint (Non-RA),Center(C),Less Than 8 ft.,6,50,34,1,0,20220107,TOR,UTA,2210058493,|1627783|1627832|1628449|1630551|203920,0,REG,,,2022,203920,12.0,C,Mobile Big,0.63,MISS Forrest 6' Driving Hook Shot,,,,UTA,1610612762.0,
Shot Chart Detail,22100584,99,0,Opponent,1610612761,Toronto Raptors,1,4,0,Made Shot,Driving Layup Shot,,Restricted Area,Center(C),Less Than 8 ft.,1,18,8,1,1,20220107,TOR,UTA,2210058499,|1627783|1627832|1628449|1630551|203920,0,REG,,,2022,1627832|1630551,11.0,,,,,,,,UTA,1610612762.0,
Shot Chart Detail,22100584,104,0,Opponent,1610612761,Toronto Raptors,1,3,55,Made Shot,Dunk Shot,,Restricted Area,Center(C),Less Than 8 ft.,1,10,12,1,1,20220107,TOR,UTA,22100584104,|1627783|1627832|1628449|1630551|203920,0,REG,,,2022,1627832|1627783|1628449,13.0,,,,,,,,UTA,1610612762.0,
Shot Chart Detail,22100584,109,0,Opponent,1610612761,Toronto Raptors,1,3,24,Missed Shot,Jump Shot,,Right Corner 3,Right Side(R),24+ ft.,23,232,-6,1,0,20220107,TOR,UTA,22100584109,|1627783|1627832|1628449|1630551|203920,0,REG,,,2022,1627783,12.0,PF,Helper,0.72,MISS House Jr. 3PT Jump Shot,,,,UTA,1610612762.0,
Shot Chart Detail,22100584,132,0,Opponent,1610612761,Toronto Raptors,1,2,41,Missed Shot,Pullup Jump shot,,Above the Break 3,Left Side Center(LC),24+ ft.,25,-202,154,1,0,20220107,TOR,UTA,22100584132,|1627832|1628384|1628449|1630567|203920,0,REG,,,2022,1628449,14.0,SF,Helper,0.4,MISS Paschall 25' 3PT Pullup Jump Shot,,,,UTA,1610612762.0,
Shot Chart Detail,22100584,137,0,Opponent,1610612761,Toronto Raptors,1,1,55,Missed Shot,Driving Floating Jump Shot,,In The Paint (Non-RA),Center(C),8-16 ft.,10,27,97,1,0,20220107,TOR,UTA,22100584137,|1627832|1628384|1628449|1630567|203920,0,REG,,,2022,1628384,12.0,SF,Wing Stopper,1.03,MISS Butler 10' Driving Floating Jump Shot,,,,UTA,1610612762.0,
Shot Chart Detail,22100584,140,0,Opponent,1610612761,Toronto Raptors,1,1,49,Missed Shot,Driving Floating Jump Shot,,Restricted Area,Center(C),Less Than 8 ft.,3,-5,31,1,0,20220107,TOR,UTA,22100584140,|1627832|1628384|1628449|1630567|203920,0,REG,,,2022,1628384|1628449,12.0,,,,,,,,UTA,1610612762.0,
Shot Chart Detail,22100584,142,0,Opponent,1610612761,Toronto Raptors,1,1,46,Missed Shot,Putback Layup Shot,,Restricted Area,Center(C),Less Than 8 ft.,1,6,11,1,0,20220107,TOR,UTA,22100584142,|1627832|1628384|1628449|1630567|203920,0,REG,,,2022,203920|1630567,12.0,,,,,,,,UTA,1610612762.0,
Shot Chart Detail,22100584,149,0,Opponent,1610612761,Toronto Raptors,1,1,26,Made Shot,Jump Shot,,Left Corner 3,Left Side(L),24+ ft.,22,-223,-3,1,1,20220107,TOR,UTA,22100584149,|1627832|1628384|1628449|1630567|203920,1,REG,,,2022,1628449,12.0,SF,Helper,0.4,House Jr. 3PT Jump Shot (8 PTS) (Butler 2 AST),,,,UTA,1610612762.0,1630215.0
Shot Chart Detail,22100584,153,0,Opponent,1610612761,Toronto Raptors,1,0,59,Missed Shot,Driving Floating Jump Shot,,In The Paint (Non-RA),Center(C),8-16 ft.,8,-10,81,1,0,20220107,TOR,UTA,22100584153,|1627832|1628384|1628449|1630567|203920,0,REG,,,2022,1627832|1628384,12.0,,,,,,,,UTA,1610612762.0,
Shot Chart Detail,22100584,158,0,Opponent,1610612761,Toronto Raptors,1,0,30,Made Shot,Alley Oop Dunk Shot,,Restricted Area,Center(C),Less Than 8 ft.,0,-1,1,1,1,20220107,TOR,UTA,22100584158,|1627832|1628384|1628449|1630567|203920,1,REG,,,2022,203920,12.0,C,Mobile Big,0.63,Whiteside Alley Oop Dunk (4 PTS) (Butler 3 AST),,,,UTA,1610612762.0,1630215.0
Shot Chart Detail,22100584,163,0,Opponent,1610612761,Toronto Raptors,1,0,0,Made Shot,Driving Floating Bank Jump Shot,,Backcourt,Back Court(BC),Back Court Shot,48,-207,437,1,1,20220107,TOR,UTA,22100584163,|1627832|1628384|1628449|1630567|203920,1,REG,,,2022,,,,,,,,,,UTA,1610612762.0,1627863.0
Shot Chart Detail,22100584,185,0,Opponent,1610612761,Toronto Raptors,2,11,0,Missed Shot,Floating Jump shot,,Above the Break 3,Left Side Center(LC),24+ ft.,25,-172,186,1,0,20220107,TOR,UTA,22100584185,|1627783|1628449|1629018|1630173|1630567,0,REG,,,2022,1627783,13.0,PF,Helper,0.72,MISS Hughes 25' 3PT Floating Jump Shot,,,,UTA,1610612762.0,
Shot Chart Detail,22100584,195,0,Opponent,1610612761,Toronto Raptors,2,10,19,Made Shot,Jump Shot,,Right Corner 3,Right Side(R),24+ ft.,22,229,-11,1,1,20220107,TOR,UTA,22100584195,|1627783|1628449|1629018|1630173|1630567,1,REG,,,2022,1630567,14.0,PF,Helper,0.63,Hughes 3PT Jump Shot (9 PTS) (House Jr. 2 AST),,,,UTA,1610612762.0,1627863.0
Shot Chart Detail,22100584,201,0,Opponent,1610612761,Toronto Raptors,2,9,32,Made Shot,Driving Floating Jump Shot,,In The Paint (Non-RA),Center(C),8-16 ft.,9,18,94,1,1,20220107,TOR,UTA,22100584201,|1627783|1628449|1629018|1630173|1630567,1,REG,,,2022,1627783,13.0,PF,Helper,0.72,Hughes 10' Driving Floating Jump Shot (11 PTS) (House Jr. 3 AST),,,,UTA,1610612762.0,1627863.0
Shot Chart Detail,22100584,218,0,Opponent,1610612761,Toronto Raptors,2,8,26,Made Shot,Driving Floating Jump Shot,,In The Paint (Non-RA),Center(C),Less Than 8 ft.,5,18,55,1,1,20220107,TOR,UTA,22100584218,|1627783|1628449|1629018|1630173|1630567,1,REG,,,2022,1630173,14.0,C,Mobile Big,0.24,Whiteside 6' Driving Floating Jump Shot (7 PTS) (Hughes 3 AST),,,,UTA,1610612762.0,1630190.0
Shot Chart Detail,22100584,221,0,Opponent,1610612761,Toronto Raptors,2,8,7,Made Shot,Running Pull-Up Jump Shot,,Above the Break 3,Right Side Center(RC),24+ ft.,24,80,233,1,1,20220107,TOR,UTA,22100584221,|1627783|1628449|1629018|1630173|1630567,0,REG,,,2022,1629018|1627783,17.0,,,,,,,,UTA,1610612762.0,
Shot Chart Detail,22100584,225,0,Opponent,1610612761,Toronto Raptors,2,7,47,Missed Shot,Running Jump Shot,,Above the Break 3,Right Side Center(RC),24+ ft.,24,113,218,1,0,20220107,TOR,UTA,22100584225,|1627783|1628449|1629018|1630173|1630567,0,REG,,,2022,1627783,17.0,PF,Helper,0.72,MISS Fitts 25' 3PT Running Jump Shot,,,,UTA,1610612762.0,
Shot Chart Detail,22100584,245,0,Opponent,1610612761,Toronto Raptors,2,7,2,Missed Shot,Step Back Jump shot,,Mid-Range,Left Side Center(LC),16-24 ft.,19,-119,159,1,0,20220107,TOR,UTA,22100584245,|1627832|1628384|1628449|1629018|1630173,0,REG,,,2022,1628449,17.0,SF,Helper,0.4,MISS Fitts 20' Step Back Jump Shot,,,,UTA,1610612762.0,
Shot Chart Detail,22100584,249,0,Opponent,1610612761,Toronto Raptors,2,6,45,Missed Shot,Pullup Jump shot,,Mid-Range,Left Side Center(LC),16-24 ft.,19,-85,175,1,0,20220107,TOR,UTA,22100584249,|1627832|1628384|1628449|1629018|1630173,0,REG,,,2022,1629018,17.0,SG,Chaser,0.19,MISS Hughes 19' Pullup Jump Shot,,,,UTA,1610612762.0,
Shot Chart Detail,22100584,254,0,Opponent,1610612761,Toronto Raptors,2,6,3,Made Shot,Alley Oop Dunk Shot,,Restricted Area,Center(C),Less Than 8 ft.,2,20,5,1,1,20220107,TOR,UTA,22100584254,|1627832|1628384|1628449|1629018|1630173,1,REG,,,2022,1628449,17.0,SF,Helper,0.4,Azubuike 2' Alley Oop Dunk (2 PTS) (Paschall 1 AST),,,,UTA,1610612762.0,1629672.0
Shot Chart Detail,22100584,274,0,Opponent,1610612761,Toronto Raptors,2,4,50,Missed Shot,Pullup Jump shot,,Mid-Range,Right Side(R),8-16 ft.,11,105,47,1,0,20220107,TOR,UTA,22100584274,|1627783|1627832|1628384|1629018|1630567,0,REG,,,2022,1627783|1630567,12.0,,,,,,,,UTA,1610612762.0,
Shot Chart Detail,22100584,278,0,Opponent,1610612761,Toronto Raptors,2,4,24,Made Shot,Jump Shot,,Left Corner 3,Left Side(L),24+ ft.,22,-225,16,1,1,20220107,TOR,UTA,22100584278,|1627783|1627832|1628384|1629018|1630567,1,REG,,,2022,1627832,15.0,PG,Point of Attack,0.9,Fitts 3PT Jump Shot (6 PTS) (Hughes 4 AST),,,,UTA,1610612762.0,1630190.0
Shot Chart Detail,22100584,284,0,Opponent,1610612761,Toronto Raptors,2,3,50,Missed Shot,Jump Shot,,Right Corner 3,Right Side(R),24+ ft.,24,229,81,1,0,20220107,TOR,UTA,22100584284,|1627783|1627832|1628384|1629018|1630567,0,REG,,,2022,1627832,15.0,PG,Point of Attack,0.9,MISS Paschall 24' 3PT Jump Shot,,,,UTA,1610612762.0,
Shot Chart Detail,22100584,288,0,Opponent,1610612761,Toronto Raptors,2,3,20,Made Shot,Driving Finger Roll Layup Shot,,Restricted Area,Center(C),Less Than 8 ft.,1,13,-4,1,1,20220107,TOR,UTA,22100584288,|1627783|1627832|1628384|1629018|1630567,0,REG,,,2022,1627832,17.0,PG,Point of Attack,0.9,Forrest 1' Driving Finger Roll Layup (4 PTS),,,,UTA,1610612762.0,
Shot Chart Detail,22100584,300,0,Opponent,1610612761,Toronto Raptors,2,2,47,Missed Shot,Pullup Jump shot,,Above the Break 3,Right Side Center(RC),24+ ft.,24,120,217,1,0,20220107,TOR,UTA,22100584300,|1627783|1627832|1628384|1630567|203920,0,REG,,,2022,1630567,14.0,PF,Helper,0.63,MISS Butler 25' 3PT Pullup Jump Shot,,,,UTA,1610612762.0,
Shot Chart Detail,22100584,312,0,Opponent,1610612761,Toronto Raptors,2,2,8,Missed Shot,Floating Jump shot,,In The Paint (Non-RA),Center(C),8-16 ft.,8,5,88,1,0,20220107,TOR,UTA,22100584312,|1627783|1627832|1628384|1630567|203920,0,REG,,,2022,1628384|1630567,14.0,,,,,,,,UTA,1610612762.0,
Shot Chart Detail,22100584,315,0,Opponent,1610612761,Toronto Raptors,2,1,54,Made Shot,Fadeaway Jump Shot,,Mid-Range,Right Side(R),8-16 ft.,10,109,5,1,1,20220107,TOR,UTA,22100584315,|1627783|1627832|1628384|1630567|203920,0,REG,,,2022,1627783,16.0,PF,Helper,0.72,Butler 11' Fadeaway Jumper (5 PTS),,,,UTA,1610612762.0,
Shot Chart Detail,22100584,322,0,Opponent,1610612761,Toronto Raptors,2,1,20,Missed Shot,Jump Shot,,Right Corner 3,Right Side(R),24+ ft.,23,232,-14,1,0,20220107,TOR,UTA,22100584322,|1627783|1627832|1628384|1630567|203920,0,REG,,,2022,1627783,14.0,PF,Helper,0.72,MISS Hughes 3PT Jump Shot,,,,UTA,1610612762.0,
Shot Chart Detail,22100584,337,0,Opponent,1610612761,Toronto Raptors,2,0,1,Missed Shot,Jump Shot,,Left Corner 3,Left Side(L),24+ ft.,22,-222,21,1,0,20220107,TOR,UTA,22100584337,|1627783|1627832|1628384|1630567|203920,0,REG,,,2022,1628384,13.0,SF,Wing Stopper,1.03,MISS House Jr. 3PT Jump Shot,,,,UTA,1610612762.0,
Shot Chart Detail,22100584,353,0,Opponent,1610612761,Toronto Raptors,3,11,6,Made Shot,Driving Floating Jump Shot,,Mid-Range,Right Side(R),8-16 ft.,8,85,1,1,1,20220107,TOR,UTA,22100584353,|1627783|1627832|1628384|1629018|1630567,1,REG,,,2022,1627783,10.0,PF,Helper,0.72,Paschall 9' Driving Floating Jump Shot (19 PTS) (Forrest 2 AST),,,,UTA,1610612762.0,1630235.0
Shot Chart Detail,22100584,357,0,Opponent,1610612761,Toronto Raptors,3,10,43,Made Shot,Jump Shot,,Left Corner 3,Left Side(L),24+ ft.,22,-224,-8,1,1,20220107,TOR,UTA,22100584357,|1627783|1627832|1628384|1629018|1630567,1,REG,,,2022,1629018,13.0,SG,Chaser,0.19,Butler 3PT Jump Shot (10 PTS) (Whiteside 1 AST),,,,UTA,1610612762.0,202355.0
Shot Chart Detail,22100584,372,0,Opponent,1610612761,Toronto Raptors,3,9,20,Made Shot,Driving Floating Jump Shot,,In The Paint (Non-RA),Center(C),8-16 ft.,12,-15,125,1,1,20220107,TOR,UTA,22100584372,|1627783|1627832|1628384|1629018|1630567,1,REG,,,2022,1627783,9.0,PF,Helper,0.72,Paschall 13' Driving Floating Jump Shot (21 PTS) (Forrest 3 AST),,,,UTA,1610612762.0,1630235.0
Shot Chart Detail,22100584,376,0,Opponent,1610612761,Toronto Raptors,3,9,0,Made Shot,Running Jump Shot,,Above the Break 3,Left Side Center(LC),24+ ft.,25,-205,153,1,1,20220107,TOR,UTA,22100584376,|1627783|1627832|1628384|1629018|1630567,1,REG,,,2022,1630567,12.0,PF,Helper,0.63,Hughes 26' 3PT Running Jump Shot (14 PTS) (Butler 4 AST),,,,UTA,1610612762.0,1630215.0
Shot Chart Detail,22100584,386,0,Opponent,1610612761,Toronto Raptors,3,8,3,Missed Shot,Jump Shot,,Above the Break 3,Center(C),24+ ft.,27,71,267,1,0,20220107,TOR,UTA,22100584386,|1627783|1627832|1628384|1629018|1630567,0,REG,,,2022,1628384,10.0,SF,Wing Stopper,1.03,MISS Butler 28' 3PT Jump Shot,,,,UTA,1610612762.0,
Shot Chart Detail,22100584,403,0,Opponent,1610612761,Toronto Raptors,3,7,20,Made Shot,Cutting Dunk Shot,,Restricted Area,Center(C),Less Than 8 ft.,2,9,20,1,1,20220107,TOR,UTA,22100584403,|1627783|1627832|1628384|1629018|1630567,1,REG,,,2022,1629018,15.0,SG,Chaser,0.19,Paschall 2' Cutting Dunk Shot (25 PTS) (Forrest 4 AST),,,,UTA,1610612762.0,1630235.0
Shot Chart Detail,22100584,422,0,Opponent,1610612761,Toronto Raptors,3,6,16,Made Shot,Driving Floating Jump Shot,,In The Paint (Non-RA),Center(C),8-16 ft.,10,-1,104,1,1,20220107,TOR,UTA,22100584422,|1627783|1627832|1628384|1629018|203920,0,REG,,,2022,1627832,13.0,PG,Point of Attack,0.9,Forrest 10' Driving Floating Jump Shot (6 PTS),,,,UTA,1610612762.0,
Shot Chart Detail,22100584,433,0,Opponent,1610612761,Toronto Raptors,3,5,17,Made Shot,Driving Floating Jump Shot,,In The Paint (Non-RA),Center(C),8-16 ft.,12,-34,120,1,1,20220107,TOR,UTA,22100584433,|1627783|1627832|1628384|1629018|203920,0,REG,,,2022,1629018,11.0,SG,Chaser,0.19,Butler 12' Driving Floating Jump Shot (12 PTS),,,,UTA,1610612762.0,
Shot Chart Detail,22100584,442,0,Opponent,1610612761,Toronto Raptors,3,4,43,Made Shot,Jump Shot,,Above the Break 3,Right Side Center(RC),24+ ft.,25,190,171,1,1,20220107,TOR,UTA,22100584442,|1627783|1627832|1628384|1629018|203920,1,REG,,,2022,1627783,14.0,PF,Helper,0.72,Hughes 26' 3PT Jump Shot (18 PTS) (Forrest 5 AST),,,,UTA,1610612762.0,1630235.0
Shot Chart Detail,22100584,448,0,Opponent,1610612761,Toronto Raptors,3,4,10,Missed Shot,Jump Shot,,Above the Break 3,Left Side Center(LC),24+ ft.,26,-104,240,1,0,20220107,TOR,UTA,22100584448,|1627783|1627832|1628384|1629018|203920,0,REG,,,2022,,,,,,,,,,UTA,1610612762.0,
Shot Chart Detail,22100584,451,0,Opponent,1610612761,Toronto Raptors,3,3,49,Missed Shot,Jump Shot,,Right Corner 3,Right Side(R),24+ ft.,23,230,11,1,0,20220107,TOR,UTA,22100584451,|1627783|1627832|1628384|1629018|203920,0,REG,,,2022,203920,9.0,C,Mobile Big,0.63,MISS House Jr. 3PT Jump Shot,,,,UTA,1610612762.0,
Shot Chart Detail,22100584,463,0,Opponent,1610612761,Toronto Raptors,3,3,9,Missed Shot,Driving Finger Roll Layup Shot,,In The Paint (Non-RA),Center(C),8-16 ft.,10,22,103,1,0,20220107,TOR,UTA,22100584463,|1627783|1627832|1628384|1628449|203920,0,REG,,,2022,203920,7.0,C,Mobile Big,0.63,MISS Fitts 11' Driving Finger Roll Layup,,,,UTA,1610612762.0,
Shot Chart Detail,22100584,475,0,Opponent,1610612761,Toronto Raptors,3,1,55,Missed Shot,Jump Shot,,Left Corner 3,Left Side(L),24+ ft.,22,-222,26,1,0,20220107,TOR,UTA,22100584475,|1627783|1627832|1628384|1628449|203920,0,REG,,,2022,1627783,-1.0,PF,Helper,0.72,MISS Hughes 3PT Jump Shot,,,,UTA,1610612762.0,
Shot Chart Detail,22100584,482,0,Opponent,1610612761,Toronto Raptors,3,1,44,Made Shot,Jump Shot,,Left Corner 3,Left Side(L),24+ ft.,22,-227,5,1,1,20220107,TOR,UTA,22100584482,|1627832|1628384|1628449|1630567|203920,1,REG,,,2022,1627832,2.0,PG,Point of Attack,0.9,House Jr. 3PT Jump Shot (11 PTS) (Forrest 6 AST),,,,UTA,1610612762.0,1630235.0
Shot Chart Detail,22100584,485,0,Opponent,1610612761,Toronto Raptors,3,1,11,Made Shot,Cutting Dunk Shot,,Restricted Area,Center(C),Less Than 8 ft.,1,5,11,1,1,20220107,TOR,UTA,22100584485,|1627832|1628384|1628449|1630567|203920,1,REG,,,2022,1630567,2.0,PF,Helper,0.63,Paschall 1' Cutting Dunk Shot (27 PTS) (Forrest 7 AST),,,,UTA,1610612762.0,1630235.0
Shot Chart Detail,22100584,487,0,Opponent,1610612761,Toronto Raptors,3,2,40,Missed Shot,Driving Layup Shot,,Restricted Area,Center(C),Less Than 8 ft.,2,-20,6,1,0,20220107,TOR,UTA,22100584487,|1627783|1627832|1628384|1628449|203920,0,REG,,,2022,1627832|203920,4.0,,,,,,,,UTA,1610612762.0,
Shot Chart Detail,22100584,494,0,Opponent,1610612761,Toronto Raptors,3,0,37,Missed Shot,Driving Layup Shot,,In The Paint (Non-RA),Center(C),8-16 ft.,10,-9,100,1,0,20220107,TOR,UTA,22100584494,|1627832|1628384|1628449|1630567|203920,0,REG,,,2022,1627832|1630567,0.0,,,,,,,,UTA,1610612762.0,
Shot Chart Detail,22100584,499,0,Opponent,1610612761,Toronto Raptors,3,0,11,Made Shot,Pullup Jump shot,,Above the Break 3,Right Side Center(RC),24+ ft.,25,125,220,1,1,20220107,TOR,UTA,22100584499,|1627832|1628384|1628449|1630567|203920,1,REG,,,2022,1628384,1.0,SF,Wing Stopper,1.03,Hughes 25' 3PT Pullup Jump Shot (21 PTS) (Paschall 2 AST),,,,UTA,1610612762.0,1629672.0
Shot Chart Detail,22100584,522,0,Opponent,1610612761,Toronto Raptors,4,11,28,Missed Shot,Driving Floating Jump Shot,,In The Paint (Non-RA),Center(C),Less Than 8 ft.,7,11,72,1,0,20220107,TOR,UTA,22100584522,|1627783|1628449|1629018|1630173|1630567,0,REG,,,2022,1629018,-4.0,SG,Chaser,0.19,Trent Jr. BLOCK (2 BLK),,,,UTA,1610612762.0,
Shot Chart Detail,22100584,525,0,Opponent,1610612761,Toronto Raptors,4,11,21,Made Shot,Tip Layup Shot,,Restricted Area,Center(C),Less Than 8 ft.,3,5,34,1,1,20220107,TOR,UTA,22100584525,|1627783|1628449|1629018|1630173|1630567,0,REG,,,2022,1629018,-2.0,SG,Chaser,0.19,Butler 3' Tip Layup Shot (14 PTS),,,,UTA,1610612762.0,
Shot Chart Detail,22100584,528,0,Opponent,1610612761,Toronto Raptors,4,10,52,Missed Shot,Pullup Jump shot,,Above the Break 3,Left Side Center(LC),24+ ft.,26,-110,237,1,0,20220107,TOR,UTA,22100584528,|1627783|1628449|1629018|1630173|1630567,0,REG,,,2022,1629018,-2.0,SG,Chaser,0.19,MISS Butler 26' 3PT Pullup Jump Shot,,,,UTA,1610612762.0,
Shot Chart Detail,22100584,536,0,Opponent,1610612761,Toronto Raptors,4,10,5,Made Shot,Jump Shot,,Mid-Range,Left Side(L),16-24 ft.,22,-219,22,1,1,20220107,TOR,UTA,22100584536,|1627783|1628449|1629018|1630173|1630567,1,REG,,,2022,1628449,-1.0,SF,Helper,0.4,Hughes 3PT Jump Shot (24 PTS) (House Jr. 4 AST),,,,UTA,1610612762.0,1627863.0
Shot Chart Detail,22100584,557,0,Opponent,1610612761,Toronto Raptors,4,7,35,Made Shot,Driving Dunk Shot,,Restricted Area,Center(C),Less Than 8 ft.,2,7,19,1,1,20220107,TOR,UTA,22100584557,|1627783|1628449|1629018|1630173|1630567,1,REG,,,2022,1627783,-6.0,PF,Helper,0.72,Hughes 2' Driving Dunk (26 PTS) (Forrest 8 AST),,,,UTA,1610612762.0,1630235.0
Shot Chart Detail,22100584,571,0,Opponent,1610612761,Toronto Raptors,4,6,58,Missed Shot,Jump Shot,,Above the Break 3,Right Side Center(RC),24+ ft.,26,112,240,1,0,20220107,TOR,UTA,22100584571,|1627783|1628449|1629018|1630173|1630567,0,REG,,,2022,1630173,-10.0,C,Mobile Big,0.24,Achiuwa BLOCK (1 BLK),,,,UTA,1610612762.0,
Shot Chart Detail,22100584,580,0,Opponent,1610612761,Toronto Raptors,4,6,27,Missed Shot,Jump Shot,,Above the Break 3,Center(C),24+ ft.,26,-65,253,1,0,20220107,TOR,UTA,22100584580,|1627783|1628449|1629018|1630173|1630567,0,REG,,,2022,1628449,-10.0,SF,Helper,0.4,MISS Fitts 26' 3PT Jump Shot,,,,UTA,1610612762.0,
Shot Chart Detail,22100584,584,0,Opponent,1610612761,Toronto Raptors,4,6,4,Missed Shot,Step Back Jump shot,,Mid-Range,Left Side(L),8-16 ft.,14,-141,19,1,0,20220107,TOR,UTA,22100584584,|1627783|1628449|1629018|1630173|1630567,0,REG,,,2022,1630173,-10.0,C,Mobile Big,0.24,MISS Paschall 14' Step Back Jump Shot,,,,UTA,1610612762.0,
Shot Chart Detail,22100584,598,0,Opponent,1610612761,Toronto Raptors,4,5,43,Missed Shot,Driving Floating Jump Shot,,Restricted Area,Center(C),Less Than 8 ft.,2,22,20,1,0,20220107,TOR,UTA,22100584598,|1627783|1627832|1628384|1629018|1630173,0,REG,,,2022,1627783|1630173,-10.0,,,,,,,,UTA,1610612762.0,
Shot Chart Detail,22100584,608,0,Opponent,1610612761,Toronto Raptors,4,4,59,Missed Shot,Pullup Jump shot,,Above the Break 3,Left Side Center(LC),24+ ft.,26,-132,225,1,0,20220107,TOR,UTA,22100584608,|1627783|1627832|1628384|1629018|1630173,0,REG,,,2022,1627783|1630173,-12.0,,,,,,,,UTA,1610612762.0,
Shot Chart Detail,22100584,613,0,Opponent,1610612761,Toronto Raptors,4,4,37,Missed Shot,Jump Shot,,Left Corner 3,Left Side(L),24+ ft.,22,-225,16,1,0,20220107,TOR,UTA,22100584613,|1627783|1627832|1628384|1629018|1630173,0,REG,,,2022,1627783,-12.0,PF,Helper,0.72,Siakam BLOCK (1 BLK),,,,UTA,1610612762.0,
Shot Chart Detail,22100584,620,0,Opponent,1610612761,Toronto Raptors,4,4,2,Made Shot,Pullup Jump shot,,Above the Break 3,Left Side Center(LC),24+ ft.,26,-163,204,1,1,20220107,TOR,UTA,22100584620,|1627783|1627832|1628384|1629018|1630173,0,REG,,,2022,1627783,-11.0,PF,Helper,0.72,Butler 26' 3PT Pullup Jump Shot (17 PTS),,,,UTA,1610612762.0,
Shot Chart Detail,22100584,635,0,Opponent,1610612761,Toronto Raptors,4,2,22,Missed Shot,Driving Floating Jump Shot,,In The Paint (Non-RA),Center(C),8-16 ft.,9,-2,95,1,0,20220107,TOR,UTA,22100584635,|1627783|1627832|1628384|1629018|1630173,0,REG,,,2022,1629018,-13.0,SG,Chaser,0.19,Trent Jr. BLOCK (3 BLK),,,,UTA,1610612762.0,
Shot Chart Detail,22100584,655,0,Opponent,1610612761,Toronto Raptors,4,1,44,Missed Shot,Driving Layup Shot,,Restricted Area,Center(C),Less Than 8 ft.,1,-5,17,1,0,20220107,TOR,UTA,22100584655,|1629004|1630173|1630201|1630551|1630625,0,REG,,,2022,1630201,-15.0,PG,Point of Attack,-0.52,MISS Paschall 2' Driving Layup,,,,UTA,1610612762.0,
Shot Chart Detail,22100584,663,0,Opponent,1610612761,Toronto Raptors,4,1,12,Missed Shot,Driving Floating Jump Shot,,In The Paint (Non-RA),Center(C),Less Than 8 ft.,6,1,69,1,0,20220107,TOR,UTA,22100584663,|1629004|1630173|1630201|1630551|1630625,0,REG,,,2022,1630625,-16.0,PG,Chaser,0.27,MISS Paschall 7' Driving Floating Jump Shot,,,,UTA,1610612762.0,
Shot Chart Detail,22100584,679,0,Opponent,1610612761,Toronto Raptors,4,0,17,Missed Shot,Running Layup Shot,,Restricted Area,Center(C),Less Than 8 ft.,2,21,17,1,0,20220107,TOR,UTA,22100584679,|1628391|1629004|1630201|1630551|1630625,0,REG,,,2022,1629004,-16.0,SF,Chaser,-0.31,MISS Butler 3' Running Layup,,,,UTA,1610612762.0,
Shot Chart Detail,22100584,681,0,Opponent,1610612761,Toronto Raptors,4,0,16,Made Shot,Tip Layup Shot,,Restricted Area,Center(C),Less Than 8 ft.,0,0,0,1,1,20220107,TOR,UTA,22100584681,|1628391|1629004|1630201|1630551|1630625,0,REG,,,2022,1628391,-14.0,PF,Anchor Big,-0.28,Pelle Tip Layup Shot (2 PTS),,,,UTA,1610612762.0,
Shot Chart Detail,22100599,8,0,Opponent,1610612761,Toronto Raptors,1,11,35,Missed Shot,Jump Shot,,Above the Break 3,Left Side Center(LC),24+ ft.,25,-208,149,1,0,20220109,TOR,NOP,221005998,|1627783|1627832|1628384|1630567|203920,0,REG,,,2022,203920,0.0,C,Mobile Big,0.63,MISS Valanciunas 26' 3PT Jump Shot,,,,NOP,1610612740.0,
Shot Chart Detail,22100599,18,0,Opponent,1610612761,Toronto Raptors,1,10,16,Made Shot,Jump Shot,,Mid-Range,Right Side(R),8-16 ft.,8,82,7,1,1,20220109,TOR,NOP,2210059918,|1627783|1627832|1628384|1630567|203920,1,REG,,,2022,1627832|203920,-1.0,,,,,,,,NOP,1610612740.0,1628984.0
Shot Chart Detail,22100599,22,0,Opponent,1610612761,Toronto Raptors,1,9,50,Made Shot,Driving Finger Roll Layup Shot,,Restricted Area,Center(C),Less Than 8 ft.,2,-18,10,1,1,20220109,TOR,NOP,2210059922,|1627783|1627832|1628384|1630567|203920,0,REG,,,2022,1628384,1.0,SF,Wing Stopper,1.03,Ingram 2' Driving Finger Roll Layup (3 PTS),,,,NOP,1610612740.0,
Shot Chart Detail,22100599,25,0,Opponent,1610612761,Toronto Raptors,1,9,24,Missed Shot,Jump Shot,,Mid-Range,Center(C),8-16 ft.,15,4,153,1,0,20220109,TOR,NOP,2210059925,|1627783|1627832|1628384|1630567|203920,0,REG,,,2022,203920,-2.0,C,Mobile Big,0.63,MISS Ingram 15' Jump Shot,,,,NOP,1610612740.0,
Shot Chart Detail,22100599,28,0,Opponent,1610612761,Toronto Raptors,1,8,42,Missed Shot,Driving Dunk Shot,,Restricted Area,Center(C),Less Than 8 ft.,2,21,4,1,0,20220109,TOR,NOP,2210059928,|1627783|1627832|1628384|1630567|203920,0,REG,,,2022,1627832|1630567,-4.0,,,,,,,,NOP,1610612740.0,
Shot Chart Detail,22100599,35,0,Opponent,1610612761,Toronto Raptors,1,8,10,Missed Shot,Jump Shot,,Above the Break 3,Left Side Center(LC),24+ ft.,25,-214,134,1,0,20220109,TOR,NOP,2210059935,|1627783|1627832|1628384|1630567|203920,0,REG,,,2022,1627832,-4.0,PG,Point of Attack,0.9,MISS Temple 25' 3PT Jump Shot,,,,NOP,1610612740.0,
Shot Chart Detail,22100599,37,0,Opponent,1610612761,Toronto Raptors,1,8,5,Missed Shot,Jump Shot,,Above the Break 3,Right Side Center(RC),24+ ft.,25,206,142,1,0,20220109,TOR,NOP,2210059937,|1627783|1627832|1628384|1630567|203920,0,REG,,,2022,203920,-4.0,C,Mobile Big,0.63,MISS Ingram 25' 3PT Jump Shot,,,,NOP,1610612740.0,
Shot Chart Detail,22100599,41,0,Opponent,1610612761,Toronto Raptors,1,7,41,Made Shot,Jump Shot,,Above the Break 3,Left Side Center(LC),24+ ft.,25,-156,206,1,1,20220109,TOR,NOP,2210059941,|1627783|1627832|1628384|1630567|203920,1,REG,,,2022,1627832,-1.0,PG,Point of Attack,0.9,Graham 26' 3PT Jump Shot (3 PTS) (Ingram 1 AST),,,,NOP,1610612740.0,1627742.0
Shot Chart Detail,22100599,50,0,Opponent,1610612761,Toronto Raptors,1,6,43,Missed Shot,Step Back Jump shot,,Right Corner 3,Right Side(R),24+ ft.,22,228,2,1,0,20220109,TOR,NOP,2210059950,|1627783|1627832|1628384|1630567|203920,0,REG,,,2022,203920,-3.0,C,Mobile Big,0.63,MISS Graham 3PT Step Back Jump Shot,,,,NOP,1610612740.0,
Shot Chart Detail,22100599,53,0,Opponent,1610612761,Toronto Raptors,1,6,24,Made Shot,Jump Shot,,Mid-Range,Right Side(R),16-24 ft.,20,208,2,1,1,20220109,TOR,NOP,2210059953,|1627783|1627832|1628384|1630567|203920,1,REG,,,2022,1627783,-4.0,PF,Helper,0.72,Jones 21' Jump Shot (2 PTS) (Valanciunas 1 AST),,,,NOP,1610612740.0,202685.0
Shot Chart Detail,22100599,62,0,Opponent,1610612761,Toronto Raptors,1,5,34,Missed Shot,Driving Floating Jump Shot,,In The Paint (Non-RA),Center(C),Less Than 8 ft.,5,-39,43,1,0,20220109,TOR,NOP,2210059962,|1627783|1627832|1628384|1630567|203920,0,REG,,,2022,1627832|1627783,-7.0,,,,,,,,NOP,1610612740.0,
Shot Chart Detail,22100599,67,0,Opponent,1610612761,Toronto Raptors,1,5,16,Made Shot,Driving Dunk Shot,,Restricted Area,Center(C),Less Than 8 ft.,1,-11,12,1,1,20220109,TOR,NOP,2210059967,|1627783|1627832|1628384|1630567|203920,0,REG,,,2022,1627783|1630567,-5.0,,,,,,,,NOP,1610612740.0,
Shot Chart Detail,22100599,78,0,Opponent,1610612761,Toronto Raptors,1,4,44,Missed Shot,Cutting Layup Shot,,In The Paint (Non-RA),Center(C),Less Than 8 ft.,7,71,27,1,0,20220109,TOR,NOP,2210059978,|1627783|1627832|1628384|1630567|203920,0,REG,,,2022,1630567,-4.0,PF,Helper,0.63,MISS Alvarado 8' Cutting Layup Shot,,,,NOP,1610612740.0,
Shot Chart Detail,22100599,89,0,Opponent,1610612761,Toronto Raptors,1,4,7,Missed Shot,Jump Shot,,Left Corner 3,Left Side(L),24+ ft.,23,-233,10,1,0,20220109,TOR,NOP,2210059989,|1627783|1627832|1628384|1628449|1630173,0,REG,,,2022,1628449,-7.0,SF,Helper,0.4,MISS Jones 3PT Jump Shot,,,,NOP,1610612740.0,
Shot Chart Detail,22100599,92,0,Opponent,1610612761,Toronto Raptors,1,3,40,Made Shot,Jump Shot,,Right Corner 3,Right Side(R),24+ ft.,23,232,-6,1,1,20220109,TOR,NOP,2210059992,|1627783|1627832|1628384|1628449|1630173,1,REG,,,2022,1627832,-6.0,PG,Point of Attack,0.9,Alexander-Walker 3PT Jump Shot (3 PTS) (Ingram 2 AST),,,,NOP,1610612740.0,1627742.0
Shot Chart Detail,22100599,99,0,Opponent,1610612761,Toronto Raptors,1,3,11,Made Shot,Running Layup Shot,,Restricted Area,Center(C),Less Than 8 ft.,2,26,-3,1,1,20220109,TOR,NOP,2210059999,|1627783|1627832|1628384|1628449|1630173,0,REG,,,2022,1627832|1627783,-4.0,,,,,,,,NOP,1610612740.0,
Shot Chart Detail,22100599,103,0,Opponent,1610612761,Toronto Raptors,1,2,36,Made Shot,Pullup Jump shot,,Left Corner 3,Left Side(L),24+ ft.,23,-232,8,1,1,20220109,TOR,NOP,22100599103,|1627783|1627832|1628384|1628449|1630173,1,REG,,,2022,1630173,-1.0,C,Mobile Big,0.24,Alvarado 3PT Pullup Jump Shot (3 PTS) (Alexander-Walker 1 AST),,,,NOP,1610612740.0,1629638.0
Shot Chart Detail,22100599,107,0,Opponent,1610612761,Toronto Raptors,1,2,1,Made Shot,Jump Shot,,Above the Break 3,Left Side Center(LC),24+ ft.,26,-225,139,1,1,20220109,TOR,NOP,22100599107,|1627783|1627832|1628384|1628449|1630173,1,REG,,,2022,1627783,2.0,PF,Helper,0.72,Alvarado 26' 3PT Jump Shot (6 PTS) (Ingram 3 AST),,,,NOP,1610612740.0,1627742.0
Shot Chart Detail,22100599,121,0,Opponent,1610612761,Toronto Raptors,1,1,14,Made Shot,Driving Floating Bank Jump Shot,,In The Paint (Non-RA),Center(C),Less Than 8 ft.,7,-67,39,1,1,20220109,TOR,NOP,22100599121,|1627832|1628449|1629004|1630173|1630567,0,REG,,,2022,1630567,1.0,PF,Helper,0.63,Clark 8' Driving Floating Bank Jump Shot (2 PTS),,,,NOP,1610612740.0,
Shot Chart Detail,22100599,142,0,Opponent,1610612761,Toronto Raptors,2,11,18,Made Shot,Driving Reverse Layup Shot,,Restricted Area,Center(C),Less Than 8 ft.,1,18,4,1,1,20220109,TOR,NOP,22100599142,|1627783|1628449|1629004|1630173|1630567,0,REG,,,2022,1628449|1627783,-1.0,,,,,,,,NOP,1610612740.0,
Shot Chart Detail,22100599,150,0,Opponent,1610612761,Toronto Raptors,2,10,11,Missed Shot,Jump Shot,,Left Corner 3,Left Side(L),24+ ft.,22,-229,7,1,0,20220109,TOR,NOP,22100599150,|1627783|1628449|1629004|1630173|1630567,0,REG,,,2022,1630173,-3.0,C,Mobile Big,0.24,MISS Marshall 3PT Jump Shot,,,,NOP,1610612740.0,
Shot Chart Detail,22100599,166,0,Opponent,1610612761,Toronto Raptors,2,8,52,Missed Shot,Driving Finger Roll Layup Shot,,Restricted Area,Center(C),Less Than 8 ft.,3,37,-8,1,0,20220109,TOR,NOP,22100599166,|1627783|1628449|1629004|1630173|1630567,0,REG,,,2022,1627783,-8.0,PF,Helper,0.72,MISS Alexander-Walker 4' Driving Finger Roll Layup,,,,NOP,1610612740.0,
Shot Chart Detail,22100599,186,0,Opponent,1610612761,Toronto Raptors,2,7,10,Made Shot,Turnaround Fadeaway shot,,Mid-Range,Left Side(L),8-16 ft.,9,-94,16,1,1,20220109,TOR,NOP,22100599186,|1627783|1628449|1629004|1630173|1630567,0,REG,,,2022,1630173|1630567,-8.0,,,,,,,,NOP,1610612740.0,
Shot Chart Detail,22100599,196,0,Opponent,1610612761,Toronto Raptors,2,6,45,Made Shot,Jump Shot,,Above the Break 3,Right Side Center(RC),24+ ft.,24,205,127,1,1,20220109,TOR,NOP,22100599196,|1627832|1628384|1628449|1629004|1630173,1,REG,,,2022,1627832,-8.0,PG,Point of Attack,0.9,Temple 24' 3PT Jump Shot (3 PTS) (Ingram 4 AST),,,,NOP,1610612740.0,1627742.0
Shot Chart Detail,22100599,206,0,Opponent,1610612761,Toronto Raptors,2,6,2,Missed Shot,Pullup Jump shot,,Mid-Range,Right Side(R),8-16 ft.,11,119,-1,1,0,20220109,TOR,NOP,22100599206,|1627783|1627832|1628384|1628449|203920,0,REG,,,2022,1628384,-8.0,SF,Wing Stopper,1.03,MISS Ingram 12' Pullup Jump Shot,,,,NOP,1610612740.0,
Shot Chart Detail,22100599,210,0,Opponent,1610612761,Toronto Raptors,2,5,37,Made Shot,Jump Shot,,Above the Break 3,Center(C),24+ ft.,25,0,258,1,1,20220109,TOR,NOP,22100599210,|1627783|1627832|1628384|1628449|203920,1,REG,,,2022,,,,,,,,,,NOP,1610612740.0,202066.0
Shot Chart Detail,22100599,225,0,Opponent,1610612761,Toronto Raptors,2,4,46,Made Shot,Jump Shot,,Left Corner 3,Left Side(L),24+ ft.,22,-225,10,1,1,20220109,TOR,NOP,22100599225,|1627783|1627832|1628384|1630567|203920,1,REG,,,2022,1627832,-2.0,PG,Point of Attack,0.9,Jones 3PT Jump Shot (5 PTS) (Temple 2 AST),,,,NOP,1610612740.0,202066.0
Shot Chart Detail,22100599,228,0,Opponent,1610612761,Toronto Raptors,2,4,19,Missed Shot,Jump Shot,,Above the Break 3,Center(C),24+ ft.,25,25,256,1,0,20220109,TOR,NOP,22100599228,|1627783|1627832|1628384|1630567|203920,0,REG,,,2022,203920,-2.0,C,Mobile Big,0.63,MISS Valanciunas 26' 3PT Jump Shot,,,,NOP,1610612740.0,
Shot Chart Detail,22100599,237,0,Opponent,1610612761,Toronto Raptors,2,3,54,Made Shot,Driving Finger Roll Layup Shot,,Restricted Area,Center(C),Less Than 8 ft.,3,31,17,1,1,20220109,TOR,NOP,22100599237,|1627783|1627832|1628384|1630567|203920,1,REG,,,2022,1627783,0.0,PF,Helper,0.72,Jones 4' Driving Finger Roll Layup (7 PTS) (Temple 3 AST),,,,NOP,1610612740.0,202066.0
Shot Chart Detail,22100599,242,0,Opponent,1610612761,Toronto Raptors,2,3,15,Missed Shot,Jump Shot,,Above the Break 3,Left Side Center(LC),24+ ft.,25,-189,178,1,0,20220109,TOR,NOP,22100599242,|1627783|1627832|1628384|1630567|203920,0,REG,,,2022,1627832,0.0,PG,Point of Attack,0.9,MISS Graham 26' 3PT Jump Shot,,,,NOP,1610612740.0,
Shot Chart Detail,22100599,262,0,Opponent,1610612761,Toronto Raptors,2,2,8,Made Shot,Pullup Jump shot,,Mid-Range,Right Side Center(RC),16-24 ft.,17,67,157,1,1,20220109,TOR,NOP,22100599262,|1627783|1627832|1628384|1630173|1630567,0,REG,,,2022,1628384|1630173,3.0,,,,,,,,NOP,1610612740.0,
Shot Chart Detail,22100599,268,0,Opponent,1610612761,Toronto Raptors,2,1,27,Missed Shot,Jump Shot,,Left Corner 3,Left Side(L),24+ ft.,23,-233,6,1,0,20220109,TOR,NOP,22100599268,|1627783|1627832|1628384|1630173|1630567,0,REG,,,2022,1628384,1.0,SF,Wing Stopper,1.03,MISS Temple 3PT Jump Shot,,,,NOP,1610612740.0,
Shot Chart Detail,22100599,272,0,Opponent,1610612761,Toronto Raptors,2,1,6,Missed Shot,Driving Floating Jump Shot,,In The Paint (Non-RA),Center(C),Less Than 8 ft.,7,40,60,1,0,20220109,TOR,NOP,22100599272,|1627783|1627832|1628384|1630173|1630567,0,REG,,,2022,1628384|1630173,1.0,,,,,,,,NOP,1610612740.0,
Shot Chart Detail,22100599,280,0,Opponent,1610612761,Toronto Raptors,2,0,26,Missed Shot,Driving Finger Roll Layup Shot,,In The Paint (Non-RA),Center(C),Less Than 8 ft.,4,-40,16,1,0,20220109,TOR,NOP,22100599280,|1627783|1627832|1628384|1630173|1630567,0,REG,,,2022,1630567,1.0,PF,Helper,0.63,Achiuwa BLOCK (1 BLK),,,,NOP,1610612740.0,
Shot Chart Detail,22100599,286,0,Opponent,1610612761,Toronto Raptors,2,0,2,Missed Shot,Jump Shot,,Above the Break 3,Right Side Center(RC),24+ ft.,25,216,126,1,0,20220109,TOR,NOP,22100599286,|1627783|1627832|1628384|1630173|1630567,0,REG,,,2022,1627783,-1.0,PF,Helper,0.72,MISS Temple 25' 3PT Jump Shot,,,,NOP,1610612740.0,
Shot Chart Detail,22100599,308,0,Opponent,1610612761,Toronto Raptors,3,10,55,Missed Shot,Jump Shot,,Right Corner 3,Right Side(R),24+ ft.,23,234,16,1,0,20220109,TOR,NOP,22100599308,|1627783|1627832|1628384|1630567|203920,0,REG,,,2022,1627783,-2.0,PF,Helper,0.72,MISS Temple 3PT Jump Shot,,,,NOP,1610612740.0,
Shot Chart Detail,22100599,312,0,Opponent,1610612761,Toronto Raptors,3,10,24,Made Shot,Cutting Layup Shot,,Restricted Area,Center(C),Less Than 8 ft.,1,10,17,1,1,20220109,TOR,NOP,22100599312,|1627783|1627832|1628384|1630567|203920,1,REG,,,2022,203920|1627783,0.0,,,,,,,,NOP,1610612740.0,202066.0
Shot Chart Detail,22100599,317,0,Opponent,1610612761,Toronto Raptors,3,10,1,Missed Shot,Running Reverse Layup Shot,,Restricted Area,Center(C),Less Than 8 ft.,2,18,14,1,0,20220109,TOR,NOP,22100599317,|1627783|1627832|1628384|1630567|203920,0,REG,,,2022,1627783,0.0,PF,Helper,0.72,MISS Jones 2' Running Reverse Layup,,,,NOP,1610612740.0,
Shot Chart Detail,22100599,321,0,Opponent,1610612761,Toronto Raptors,3,9,37,Made Shot,Reverse Layup Shot,,Restricted Area,Center(C),Less Than 8 ft.,1,-5,19,1,1,20220109,TOR,NOP,22100599321,|1627783|1627832|1628384|1630567|203920,1,REG,,,2022,1630567,-1.0,PF,Helper,0.63,Valanciunas 2' Reverse Layup (13 PTS) (Graham 2 AST),,,,NOP,1610612740.0,1628984.0
Shot Chart Detail,22100599,335,0,Opponent,1610612761,Toronto Raptors,3,8,45,Missed Shot,Driving Layup Shot,,Restricted Area,Center(C),Less Than 8 ft.,3,27,29,1,0,20220109,TOR,NOP,22100599335,|1627783|1627832|1628384|1630173|1630567,0,REG,,,2022,1630567,-3.0,PF,Helper,0.63,Achiuwa BLOCK (2 BLK),,,,NOP,1610612740.0,
Shot Chart Detail,22100599,340,0,Opponent,1610612761,Toronto Raptors,3,8,24,Made Shot,Jump Shot,,Above the Break 3,Center(C),24+ ft.,25,9,251,1,1,20220109,TOR,NOP,22100599340,|1627783|1627832|1628384|1630173|1630567,1,REG,,,2022,1630567,-2.0,PF,Helper,0.63,Ingram 25' 3PT Jump Shot (16 PTS) (Graham 3 AST),,,,NOP,1610612740.0,1628984.0
Shot Chart Detail,22100599,344,0,Opponent,1610612761,Toronto Raptors,3,8,1,Made Shot,Running Reverse Layup Shot,,Restricted Area,Center(C),Less Than 8 ft.,1,9,14,1,1,20220109,TOR,NOP,22100599344,|1627783|1627832|1628384|1630173|1630567,1,REG,,,2022,1627783,0.0,PF,Helper,0.72,Temple 2' Running Reverse Layup (5 PTS) (Jones 1 AST),,,,NOP,1610612740.0,1630529.0
Shot Chart Detail,22100599,359,0,Opponent,1610612761,Toronto Raptors,3,7,7,Missed Shot,Jump Shot,,Left Corner 3,Left Side(L),24+ ft.,22,-224,26,1,0,20220109,TOR,NOP,22100599359,|1627783|1627832|1628384|1630173|1630567,0,REG,,,2022,,,,,,,,,,NOP,1610612740.0,
Shot Chart Detail,22100599,362,0,Opponent,1610612761,Toronto Raptors,3,6,52,Made Shot,Pullup Jump shot,,Above the Break 3,Left Side Center(LC),24+ ft.,27,-118,250,1,1,20220109,TOR,NOP,22100599362,|1627783|1627832|1628384|1630173|1630567,0,REG,,,2022,1628384,-2.0,SF,Wing Stopper,1.03,Graham 28' 3PT Pullup Jump Shot (6 PTS),,,,NOP,1610612740.0,
Shot Chart Detail,22100599,365,0,Opponent,1610612761,Toronto Raptors,3,6,5,Missed Shot,Jump Shot,,Left Corner 3,Left Side(L),24+ ft.,23,-225,77,1,0,20220109,TOR,NOP,22100599365,|1627783|1627832|1628384|1630173|1630567,0,REG,,,2022,1628384,-5.0,SF,Wing Stopper,1.03,MISS Graham 24' 3PT Jump Shot,,,,NOP,1610612740.0,
Shot Chart Detail,22100599,383,0,Opponent,1610612761,Toronto Raptors,3,4,39,Missed Shot,Step Back Jump shot,,Above the Break 3,Right Side Center(RC),24+ ft.,27,126,247,1,0,20220109,TOR,NOP,22100599383,|1627783|1627832|1628384|1630173|1630567,0,REG,,,2022,1627783,-5.0,PF,Helper,0.72,MISS Alexander-Walker 28' 3PT Step Back Jump Shot,,,,NOP,1610612740.0,
Shot Chart Detail,22100599,391,0,Opponent,1610612761,Toronto Raptors,3,4,22,Made Shot,Driving Finger Roll Layup Shot,,Restricted Area,Center(C),Less Than 8 ft.,2,9,20,1,1,20220109,TOR,NOP,22100599391,|1627783|1627832|1628384|1628449|1630173,0,REG,,,2022,1627832|1627783|1630173,-5.0,,,,,,,,NOP,1610612740.0,
Shot Chart Detail,22100599,394,0,Opponent,1610612761,Toronto Raptors,3,3,53,Made Shot,Driving Dunk Shot,,Restricted Area,Center(C),Less Than 8 ft.,1,7,14,1,1,20220109,TOR,NOP,22100599394,|1627783|1627832|1628384|1628449|1630173,1,REG,,,2022,1628449,-5.0,SF,Helper,0.4,Jones 2' Driving Dunk (9 PTS) (Alvarado 1 AST),,,,NOP,1610612740.0,1630631.0
Shot Chart Detail,22100599,405,0,Opponent,1610612761,Toronto Raptors,3,3,8,Missed Shot,Jump Shot,,Left Corner 3,Left Side(L),24+ ft.,23,-229,53,1,0,20220109,TOR,NOP,22100599405,|1627783|1627832|1628384|1628449|1630173,0,REG,,,2022,1630173,-8.0,C,Mobile Big,0.24,MISS Jones 24' 3PT Jump Shot,,,,NOP,1610612740.0,
Shot Chart Detail,22100599,407,0,Opponent,1610612761,Toronto Raptors,3,3,2,Missed Shot,Pullup Jump shot,,Mid-Range,Right Side Center(RC),16-24 ft.,20,162,129,1,0,20220109,TOR,NOP,22100599407,|1627783|1627832|1628384|1628449|1630173,0,REG,,,2022,1628449,-8.0,SF,Helper,0.4,MISS Alexander-Walker 21' Pullup Jump Shot,,,,NOP,1610612740.0,
Shot Chart Detail,22100599,420,0,Opponent,1610612761,Toronto Raptors,3,2,22,Made Shot,Jump Shot,,Right Corner 3,Right Side(R),24+ ft.,24,238,36,1,1,20220109,TOR,NOP,22100599420,|1627832|1628449|1629004|1630173|1630567,1,REG,,,2022,1628449,-7.0,SF,Helper,0.4,Clark 24' 3PT Jump Shot (5 PTS) (Alexander-Walker 2 AST),,,,NOP,1610612740.0,1629638.0
Shot Chart Detail,22100599,434,0,Opponent,1610612761,Toronto Raptors,3,1,26,Missed Shot,Running Jump Shot,,Above the Break 3,Right Side Center(RC),24+ ft.,25,185,177,1,0,20220109,TOR,NOP,22100599434,|1627832|1628449|1629004|1630173|1630567,0,REG,,,2022,1630173,-6.0,C,Mobile Big,0.24,MISS Clark 26' 3PT Running Jump Shot,,,,NOP,1610612740.0,
Shot Chart Detail,22100599,447,0,Opponent,1610612761,Toronto Raptors,3,0,26,Made Shot,Running Layup Shot,,Restricted Area,Center(C),Less Than 8 ft.,3,33,16,1,1,20220109,TOR,NOP,22100599447,|1627832|1628449|1629004|1630173|1630567,1,REG,,,2022,1627832|1630173|1630567,-2.0,,,,,,,,NOP,1610612740.0,1630631.0
Shot Chart Detail,22100599,462,0,Opponent,1610612761,Toronto Raptors,4,11,38,Missed Shot,Driving Hook Shot,,In The Paint (Non-RA),Center(C),8-16 ft.,10,-39,93,1,0,20220109,TOR,NOP,22100599462,|1627783|1628384|1628449|1629004|1630173,0,REG,,,2022,1628449,-2.0,SF,Helper,0.4,MISS Valanciunas 10' Driving Hook Shot,,,,NOP,1610612740.0,
Shot Chart Detail,22100599,464,0,Opponent,1610612761,Toronto Raptors,4,11,34,Missed Shot,Tip Layup Shot,,Restricted Area,Center(C),Less Than 8 ft.,0,0,0,1,0,20220109,TOR,NOP,22100599464,|1627783|1628384|1628449|1629004|1630173,0,REG,,,2022,1630173|1629004,-2.0,,,,,,,,NOP,1610612740.0,
Shot Chart Detail,22100599,477,0,Opponent,1610612761,Toronto Raptors,4,10,36,Made Shot,Driving Layup Shot,,Restricted Area,Center(C),Less Than 8 ft.,2,-18,15,1,1,20220109,TOR,NOP,22100599477,|1627783|1628384|1628449|1629004|1630173,0,REG,,,2022,1630173|1629004,-2.0,,,,,,,,NOP,1610612740.0,
Shot Chart Detail,22100599,484,0,Opponent,1610612761,Toronto Raptors,4,9,53,Missed Shot,Driving Finger Roll Layup Shot,,Restricted Area,Center(C),Less Than 8 ft.,3,-34,14,1,0,20220109,TOR,NOP,22100599484,|1627783|1628384|1628449|1629004|1630173,0,REG,,,2022,1630173,-4.0,C,Mobile Big,0.24,MISS Alexander-Walker 4' Driving Finger Roll Layup,,,,NOP,1610612740.0,
Shot Chart Detail,22100599,499,0,Opponent,1610612761,Toronto Raptors,4,9,3,Made Shot,Driving Dunk Shot,,Restricted Area,Center(C),Less Than 8 ft.,2,5,22,1,1,20220109,TOR,NOP,22100599499,|1627783|1628384|1628449|1629004|1630173,0,REG,,,2022,1628449,-1.0,SF,Helper,0.4,Valanciunas 2' Driving Dunk (16 PTS),,,,NOP,1610612740.0,
Shot Chart Detail,22100599,501,0,Opponent,1610612761,Toronto Raptors,4,8,27,Missed Shot,Jump Shot,,Above the Break 3,Center(C),24+ ft.,27,-6,273,1,0,20220109,TOR,NOP,22100599501,|1627783|1628384|1628449|1629004|1630173,0,REG,,,2022,1628449,-4.0,SF,Helper,0.4,MISS Alexander-Walker 27' 3PT Jump Shot,,,,NOP,1610612740.0,
Shot Chart Detail,22100599,511,0,Opponent,1610612761,Toronto Raptors,4,8,1,Missed Shot,Fadeaway Jump Shot,,Mid-Range,Right Side(R),8-16 ft.,15,157,1,1,0,20220109,TOR,NOP,22100599511,|1627783|1627832|1628384|1628449|1630173,0,REG,,,2022,1628384,-6.0,SF,Wing Stopper,1.03,MISS Ingram 16' Fadeaway Jumper,,,,NOP,1610612740.0,
Shot Chart Detail,22100599,528,0,Opponent,1610612761,Toronto Raptors,4,6,53,Missed Shot,Fadeaway Jump Shot,,In The Paint (Non-RA),Center(C),8-16 ft.,13,28,132,1,0,20220109,TOR,NOP,22100599528,|1627783|1627832|1628449|1630567|203920,0,REG,,,2022,1627832,-7.0,PG,Point of Attack,0.9,MISS Ingram 13' Fadeaway Jumper,,,,NOP,1610612740.0,
Shot Chart Detail,22100599,532,0,Opponent,1610612761,Toronto Raptors,4,6,37,Missed Shot,Step Back Jump shot,,Above the Break 3,Right Side Center(RC),24+ ft.,26,201,178,1,0,20220109,TOR,NOP,22100599532,|1627783|1627832|1628449|1630567|203920,0,REG,,,2022,1630567,-7.0,PF,Helper,0.63,MISS Temple 27' 3PT Step Back Jump Shot,,,,NOP,1610612740.0,
Shot Chart Detail,22100599,538,0,Opponent,1610612761,Toronto Raptors,4,6,14,Missed Shot,Turnaround Fadeaway shot,,In The Paint (Non-RA),Center(C),8-16 ft.,11,-20,117,1,0,20220109,TOR,NOP,22100599538,|1627783|1627832|1628449|1630567|203920,0,REG,,,2022,203920,-7.0,C,Mobile Big,0.63,MISS Valanciunas 12' Turnaround Fadeaway Shot,,,,NOP,1610612740.0,
Shot Chart Detail,22100599,542,0,Opponent,1610612761,Toronto Raptors,4,5,57,Made Shot,Running Finger Roll Layup Shot,,Restricted Area,Center(C),Less Than 8 ft.,1,-11,14,1,1,20220109,TOR,NOP,22100599542,|1627783|1627832|1628449|1630567|203920,0,REG,,,2022,1627832|1630567,-5.0,,,,,,,,NOP,1610612740.0,
Shot Chart Detail,22100599,551,0,Opponent,1610612761,Toronto Raptors,4,5,18,Missed Shot,Pullup Jump shot,,Mid-Range,Right Side(R),16-24 ft.,16,142,87,1,0,20220109,TOR,NOP,22100599551,|1627783|1627832|1628449|1630567|203920,0,REG,,,2022,203920|1627783,-4.0,,,,,,,,NOP,1610612740.0,
Shot Chart Detail,22100599,553,0,Opponent,1610612761,Toronto Raptors,4,5,13,Missed Shot,Tip Layup Shot,,Restricted Area,Center(C),Less Than 8 ft.,0,0,0,1,0,20220109,TOR,NOP,22100599553,|1627783|1627832|1628449|1630567|203920,0,REG,,,2022,1628449|203920,-4.0,,,,,,,,NOP,1610612740.0,
Shot Chart Detail,22100599,562,0,Opponent,1610612761,Toronto Raptors,4,4,31,Made Shot,Driving Finger Roll Layup Shot,,In The Paint (Non-RA),Center(C),Less Than 8 ft.,6,62,30,1,1,20220109,TOR,NOP,22100599562,|1627783|1627832|1628449|1630567|203920,0,REG,,,2022,1628449|1627783,-2.0,,,,,,,,NOP,1610612740.0,
Shot Chart Detail,22100599,565,0,Opponent,1610612761,Toronto Raptors,4,4,0,Made Shot,Reverse Layup Shot,,Restricted Area,Center(C),Less Than 8 ft.,2,-21,20,1,1,20220109,TOR,NOP,22100599565,|1627783|1627832|1628449|1630567|203920,1,REG,,,2022,1627783,0.0,PF,Helper,0.72,Valanciunas 3' Reverse Layup (20 PTS) (Temple 5 AST),,,,NOP,1610612740.0,202066.0
Shot Chart Detail,22100599,571,0,Opponent,1610612761,Toronto Raptors,4,3,15,Made Shot,Jump Shot,,Above the Break 3,Center(C),24+ ft.,27,-54,268,1,1,20220109,TOR,NOP,22100599571,|1627783|1627832|1628384|1628449|203920,1,REG,,,2022,1627832,0.0,PG,Point of Attack,0.9,Graham 27' 3PT Jump Shot (11 PTS) (Temple 6 AST),,,,NOP,1610612740.0,202066.0
Shot Chart Detail,22100599,576,0,Opponent,1610612761,Toronto Raptors,4,2,32,Missed Shot,Jump Shot,,Above the Break 3,Right Side Center(RC),24+ ft.,26,174,205,1,0,20220109,TOR,NOP,22100599576,|1627783|1627832|1628384|1628449|203920,0,REG,,,2022,1627783,0.0,PF,Helper,0.72,MISS Graham 27' 3PT Jump Shot,,,,NOP,1610612740.0,
Shot Chart Detail,22100599,578,0,Opponent,1610612761,Toronto Raptors,4,2,29,Missed Shot,Putback Dunk Shot,,Restricted Area,Center(C),Less Than 8 ft.,2,-16,21,1,0,20220109,TOR,NOP,22100599578,|1627783|1627832|1628384|1628449|203920,0,REG,,,2022,1627832,0.0,PG,Point of Attack,0.9,Boucher BLOCK (1 BLK),,,,NOP,1610612740.0,
Shot Chart Detail,22100599,582,0,Opponent,1610612761,Toronto Raptors,4,2,26,Made Shot,Jump Shot,,Right Corner 3,Right Side(R),24+ ft.,23,235,13,1,1,20220109,TOR,NOP,22100599582,|1627783|1627832|1628384|1628449|203920,1,REG,,,2022,1627783,3.0,PF,Helper,0.72,Jones 24' 3PT Jump Shot (13 PTS) (Graham 4 AST),,,,NOP,1610612740.0,1628984.0
Shot Chart Detail,22100599,593,0,Opponent,1610612761,Toronto Raptors,4,1,20,Made Shot,Driving Finger Roll Layup Shot,,Restricted Area,Center(C),Less Than 8 ft.,3,-25,21,1,1,20220109,TOR,NOP,22100599593,|1627783|1627832|1628384|1628449|203920,0,REG,,,2022,1627783,-1.0,PF,Helper,0.72,Ingram 3' Driving Finger Roll Layup (22 PTS),,,,NOP,1610612740.0,
Shot Chart Detail,22100599,597,0,Opponent,1610612761,Toronto Raptors,4,0,40,Missed Shot,Jump Shot,,Above the Break 3,Left Side Center(LC),24+ ft.,25,-213,142,1,0,20220109,TOR,NOP,22100599597,|1627783|1627832|1628384|1628449|203920,0,REG,,,2022,203920,-3.0,C,Mobile Big,0.63,MISS Temple 26' 3PT Jump Shot,,,,NOP,1610612740.0,
Shot Chart Detail,22100599,611,0,Opponent,1610612761,Toronto Raptors,4,0,2,Missed Shot,Turnaround Jump Shot,,Mid-Range,Left Side(L),16-24 ft.,23,-219,74,1,0,20220109,TOR,NOP,22100599611,|1627783|1627832|1628384|1628449|203920,0,REG,,,2022,1627832,-4.0,PG,Point of Attack,0.9,MISS Graham 3PT Turnaround Jump Shot,,,,NOP,1610612740.0,
Shot Chart Detail,22100613,10,0,Opponent,1610612761,Toronto Raptors,1,11,26,Made Shot,Jump Shot,,Above the Break 3,Right Side Center(RC),24+ ft.,24,212,125,1,1,20220111,TOR,PHX,2210061310,|1627783|1627832|1628384|1629139|203920,1,REG,,,2022,1627783,3.0,PF,Helper,0.72,Crowder 25' 3PT Jump Shot (3 PTS) (Booker 1 AST),,,,PHX,1610612756.0,1626164.0
Shot Chart Detail,22100613,13,0,Opponent,1610612761,Toronto Raptors,1,10,48,Missed Shot,Pullup Jump shot,,Above the Break 3,Left Side Center(LC),24+ ft.,25,-86,242,1,0,20220111,TOR,PHX,2210061313,|1627783|1627832|1628384|1629139|203920,0,REG,,,2022,1627783,3.0,PF,Helper,0.72,MISS Booker 26' 3PT Pullup Jump Shot,,,,PHX,1610612756.0,
Shot Chart Detail,22100613,27,0,Opponent,1610612761,Toronto Raptors,1,9,51,Missed Shot,Pullup Jump shot,,Mid-Range,Right Side(R),16-24 ft.,16,161,13,1,0,20220111,TOR,PHX,2210061327,|1627783|1627832|1628384|1629139|203920,0,REG,,,2022,1628384,2.0,SF,Wing Stopper,1.03,MISS Booker 16' Pullup Jump Shot,,,,PHX,1610612756.0,
Shot Chart Detail,22100613,32,0,Opponent,1610612761,Toronto Raptors,1,9,16,Made Shot,Cutting Layup Shot,,Restricted Area,Center(C),Less Than 8 ft.,1,15,7,1,1,20220111,TOR,PHX,2210061332,|1627783|1627832|1628384|1629139|203920,1,REG,,,2022,1627832,2.0,PG,Point of Attack,0.9,Ayton 2' Cutting Layup Shot (2 PTS) (Paul 1 AST),,,,PHX,1610612756.0,101108.0
Shot Chart Detail,22100613,35,0,Opponent,1610612761,Toronto Raptors,1,8,47,Made Shot,Fadeaway Jump Shot,,In The Paint (Non-RA),Center(C),8-16 ft.,10,-38,100,1,1,20220111,TOR,PHX,2210061335,|1627783|1627832|1628384|1629139|203920,0,REG,,,2022,203920,2.0,C,Mobile Big,0.63,Bridges 11' Fadeaway Jumper (2 PTS),,,,PHX,1610612756.0,
Shot Chart Detail,22100613,45,0,Opponent,1610612761,Toronto Raptors,1,7,33,Made Shot,Fadeaway Jump Shot,,In The Paint (Non-RA),Center(C),Less Than 8 ft.,6,62,6,1,1,20220111,TOR,PHX,2210061345,|1627783|1627832|1628384|1629139|203920,0,REG,,,2022,1627832|203920,-1.0,,,,,,,,PHX,1610612756.0,
Shot Chart Detail,22100613,48,0,Opponent,1610612761,Toronto Raptors,1,6,55,Made Shot,Fadeaway Jump Shot,,In The Paint (Non-RA),Center(C),Less Than 8 ft.,5,43,32,1,1,20220111,TOR,PHX,2210061348,|1627783|1627832|1628384|1629139|203920,1,REG,,,2022,1627832,-2.0,PG,Point of Attack,0.9,Bridges 5' Fadeaway Jumper (4 PTS) (Booker 2 AST),,,,PHX,1610612756.0,1626164.0
Shot Chart Detail,22100613,55,0,Opponent,1610612761,Toronto Raptors,1,6,19,Missed Shot,Jump Shot,,In The Paint (Non-RA),Left Side(L),8-16 ft.,12,-71,104,1,0,20220111,TOR,PHX,2210061355,|1627783|1627832|1628384|1628449|203920,0,REG,,,2022,203920,-4.0,C,Mobile Big,0.63,MISS Crowder 13' Jump Shot,,,,PHX,1610612756.0,
Shot Chart Detail,22100613,59,0,Opponent,1610612761,Toronto Raptors,1,5,48,Made Shot,Pullup Jump shot,,Mid-Range,Right Side(R),16-24 ft.,17,167,38,1,1,20220111,TOR,PHX,2210061359,|1627783|1627832|1628384|1628449|203920,0,REG,,,2022,203920,-2.0,C,Mobile Big,0.63,Paul 17' Pullup Jump Shot (4 PTS),,,,PHX,1610612756.0,
Shot Chart Detail,22100613,68,0,Opponent,1610612761,Toronto Raptors,1,4,52,Missed Shot,Turnaround Hook Shot,,Restricted Area,Center(C),Less Than 8 ft.,3,1,36,1,0,20220111,TOR,PHX,2210061368,|1627783|1627832|1628384|1628449|203920,0,REG,,,2022,1628449,-2.0,SF,Helper,0.4,MISS Ayton 4' Turnaround Hook Shot,,,,PHX,1610612756.0,
Shot Chart Detail,22100613,74,0,Opponent,1610612761,Toronto Raptors,1,4,35,Missed Shot,Running Pull-Up Jump Shot,,Above the Break 3,Center(C),24+ ft.,25,9,257,1,0,20220111,TOR,PHX,2210061374,|1627783|1627832|1628384|1628449|203920,0,REG,,,2022,203920,-2.0,C,Mobile Big,0.63,MISS Paul 26' 3PT Running Pull-Up Jump Shot,,,,PHX,1610612756.0,
Shot Chart Detail,22100613,77,0,Opponent,1610612761,Toronto Raptors,1,4,6,Missed Shot,Jump Shot,,Above the Break 3,Right Side Center(RC),24+ ft.,25,127,225,1,0,20220111,TOR,PHX,2210061377,|1627783|1627832|1628384|1628449|203920,0,REG,,,2022,1627832,-5.0,PG,Point of Attack,0.9,MISS Crowder 26' 3PT Jump Shot,,,,PHX,1610612756.0,
Shot Chart Detail,22100613,104,0,Opponent,1610612761,Toronto Raptors,1,2,45,Made Shot,Turnaround Hook Shot,,In The Paint (Non-RA),Center(C),Less Than 8 ft.,4,42,2,1,1,20220111,TOR,PHX,22100613104,|1627832|1628384|1628449|1629004|1630173,1,REG,,,2022,1628449,-9.0,SF,Helper,0.4,McGee 4' Turnaround Hook Shot (2 PTS) (Payne 1 AST),,,,PHX,1610612756.0,1626166.0
Shot Chart Detail,22100613,107,0,Opponent,1610612761,Toronto Raptors,1,2,13,Missed Shot,Pullup Jump shot,,In The Paint (Non-RA),Center(C),8-16 ft.,11,-2,118,1,0,20220111,TOR,PHX,22100613107,|1627832|1628384|1628449|1629004|1630173,0,REG,,,2022,1627832,-11.0,PG,Point of Attack,0.9,MISS Booker 12' Pullup Jump Shot,,,,PHX,1610612756.0,
Shot Chart Detail,22100613,111,0,Opponent,1610612761,Toronto Raptors,1,1,40,Missed Shot,Floating Jump shot,,In The Paint (Non-RA),Center(C),8-16 ft.,10,47,94,1,0,20220111,TOR,PHX,22100613111,|1627832|1628384|1628449|1629004|1630173,0,REG,,,2022,1630173,-11.0,C,Mobile Big,0.24,MISS McGee 11' Floating Jump Shot,,,,PHX,1610612756.0,
Shot Chart Detail,22100613,113,0,Opponent,1610612761,Toronto Raptors,1,1,37,Made Shot,Tip Layup Shot,,Restricted Area,Center(C),Less Than 8 ft.,0,0,0,1,1,20220111,TOR,PHX,22100613113,|1627832|1628384|1628449|1629004|1630173,0,REG,,,2022,1628449|1627832,-9.0,,,,,,,,PHX,1610612756.0,
Shot Chart Detail,22100613,116,0,Opponent,1610612761,Toronto Raptors,1,1,5,Made Shot,Jump Shot,,Above the Break 3,Left Side Center(LC),24+ ft.,25,-212,143,1,1,20220111,TOR,PHX,22100613116,|1627832|1628384|1628449|1629004|1630173,1,REG,,,2022,1628449,-6.0,SF,Helper,0.4,Smith 26' 3PT Jump Shot (5 PTS) (Booker 3 AST),,,,PHX,1610612756.0,1626164.0
Shot Chart Detail,22100613,119,0,Opponent,1610612761,Toronto Raptors,1,0,30,Missed Shot,Driving Reverse Layup Shot,,In The Paint (Non-RA),Center(C),Less Than 8 ft.,4,-36,25,1,0,20220111,TOR,PHX,22100613119,|1627832|1628384|1628449|1629004|1630173,0,REG,,,2022,1628449,-8.0,SF,Helper,0.4,Boucher BLOCK (1 BLK),,,,PHX,1610612756.0,
Shot Chart Detail,22100613,145,0,Opponent,1610612761,Toronto Raptors,2,11,15,Made Shot,Turnaround Hook Shot,,In The Paint (Non-RA),Center(C),Less Than 8 ft.,6,66,22,1,1,20220111,TOR,PHX,22100613145,|1627783|1628384|1628449|1629004|1630173,1,REG,,,2022,1630173,-6.0,C,Mobile Big,0.24,McGee 7' Turnaround Hook Shot (4 PTS) (Crowder 1 AST),,,,PHX,1610612756.0,203109.0
Shot Chart Detail,22100613,149,0,Opponent,1610612761,Toronto Raptors,2,10,37,Missed Shot,Step Back Jump shot,,Above the Break 3,Left Side Center(LC),24+ ft.,26,-162,206,1,0,20220111,TOR,PHX,22100613149,|1627783|1628384|1628449|1629004|1630173,0,REG,,,2022,1630173,-9.0,C,Mobile Big,0.24,MISS Crowder 26' 3PT Step Back Jump Shot,,,,PHX,1610612756.0,
Shot Chart Detail,22100613,154,0,Opponent,1610612761,Toronto Raptors,2,9,49,Missed Shot,Driving Floating Jump Shot,,In The Paint (Non-RA),Left Side(L),8-16 ft.,8,-59,64,1,0,20220111,TOR,PHX,22100613154,|1627783|1628384|1628449|1629004|1630173,0,REG,,,2022,1628449,-11.0,SF,Helper,0.4,Boucher BLOCK (2 BLK),,,,PHX,1610612756.0,
Shot Chart Detail,22100613,160,0,Opponent,1610612761,Toronto Raptors,2,9,34,Made Shot,Running Layup Shot,,Restricted Area,Center(C),Less Than 8 ft.,1,15,1,1,1,20220111,TOR,PHX,22100613160,|1627783|1628384|1628449|1629004|1630173,0,REG,,,2022,1628449,-9.0,SF,Helper,0.4,Crowder 2' Running Layup (5 PTS),,,,PHX,1610612756.0,
Shot Chart Detail,22100613,163,0,Opponent,1610612761,Toronto Raptors,2,9,11,Missed Shot,Jump Shot,,Above the Break 3,Left Side Center(LC),24+ ft.,25,-159,201,1,0,20220111,TOR,PHX,22100613163,|1627783|1628384|1628449|1629004|1630173,0,REG,,,2022,1628449,-9.0,SF,Helper,0.4,MISS Shamet 26' 3PT Jump Shot,,,,PHX,1610612756.0,
Shot Chart Detail,22100613,183,0,Opponent,1610612761,Toronto Raptors,2,8,35,Made Shot,Pullup Jump shot,,Above the Break 3,Left Side Center(LC),24+ ft.,26,-205,168,1,1,20220111,TOR,PHX,22100613183,|1627783|1627832|1628449|1629139|1630173,1,REG,,,2022,1627783,-6.0,PF,Helper,0.72,Crowder 27' 3PT Pullup Jump Shot (8 PTS) (Smith 1 AST),,,,PHX,1610612756.0,1630188.0
Shot Chart Detail,22100613,187,0,Opponent,1610612761,Toronto Raptors,2,8,12,Made Shot,Pullup Jump shot,,In The Paint (Non-RA),Center(C),8-16 ft.,12,0,127,1,1,20220111,TOR,PHX,22100613187,|1627783|1627832|1628449|1629139|1630173,1,REG,,,2022,1628449,-4.0,SF,Helper,0.4,Crowder 13' Pullup Jump Shot (10 PTS) (Paul 2 AST),,,,PHX,1610612756.0,101108.0
Shot Chart Detail,22100613,190,0,Opponent,1610612761,Toronto Raptors,2,7,24,Made Shot,Jump Shot,,Above the Break 3,Center(C),24+ ft.,25,15,256,1,1,20220111,TOR,PHX,22100613190,|1627783|1627832|1628449|1629139|1630173,1,REG,,,2022,1627832,-3.0,PG,Point of Attack,0.9,Crowder 26' 3PT Jump Shot (13 PTS) (Paul 3 AST),,,,PHX,1610612756.0,101108.0
Shot Chart Detail,22100613,206,0,Opponent,1610612761,Toronto Raptors,2,6,30,Missed Shot,Pullup Jump shot,,Mid-Range,Center(C),8-16 ft.,14,7,149,1,0,20220111,TOR,PHX,22100613206,|1627783|1627832|1628449|1629139|1630173,0,REG,,,2022,1627783,-3.0,PF,Helper,0.72,MISS Paul 15' Pullup Jump Shot,,,,PHX,1610612756.0,
Shot Chart Detail,22100613,208,0,Opponent,1610612761,Toronto Raptors,2,6,26,Missed Shot,Tip Layup Shot,,Restricted Area,Center(C),Less Than 8 ft.,0,0,0,1,0,20220111,TOR,PHX,22100613208,|1627783|1627832|1628449|1629139|1630173,0,REG,,,2022,1628449|1629139,-3.0,,,,,,,,PHX,1610612756.0,
Shot Chart Detail,22100613,212,0,Opponent,1610612761,Toronto Raptors,2,5,49,Missed Shot,Jump Shot,,Above the Break 3,Right Side Center(RC),24+ ft.,25,217,128,1,0,20220111,TOR,PHX,22100613212,|1627783|1627832|1628449|1629139|1630173,0,REG,,,2022,1628449,-3.0,SF,Helper,0.4,MISS Smith 25' 3PT Jump Shot,,,,PHX,1610612756.0,
Shot Chart Detail,22100613,218,0,Opponent,1610612761,Toronto Raptors,2,5,20,Made Shot,Fadeaway Jump Shot,,In The Paint (Non-RA),Center(C),8-16 ft.,10,33,100,1,1,20220111,TOR,PHX,22100613218,|1627783|1627832|1628449|1629139|1630173,0,REG,,,2022,1628449|1627783,-1.0,,,,,,,,PHX,1610612756.0,
Shot Chart Detail,22100613,235,0,Opponent,1610612761,Toronto Raptors,2,4,12,Missed Shot,Pullup Jump shot,,Right Corner 3,Right Side(R),24+ ft.,23,227,52,1,0,20220111,TOR,PHX,22100613235,|1627783|1627832|1628384|1629139|203920,0,REG,,,2022,203920,-3.0,C,Mobile Big,0.63,MISS Bridges 3PT Pullup Jump Shot,,,,PHX,1610612756.0,
Shot Chart Detail,22100613,239,0,Opponent,1610612761,Toronto Raptors,2,3,38,Made Shot,Running Pull-Up Jump Shot,,Above the Break 3,Center(C),24+ ft.,25,-16,258,1,1,20220111,TOR,PHX,22100613239,|1627783|1627832|1628384|1629139|203920,0,REG,,,2022,203920,0.0,C,Mobile Big,0.63,Paul 26' 3PT Running Pull-Up Jump Shot (7 PTS),,,,PHX,1610612756.0,
Shot Chart Detail,22100613,242,0,Opponent,1610612761,Toronto Raptors,2,3,15,Made Shot,Running Dunk Shot,,Restricted Area,Center(C),Less Than 8 ft.,0,-7,-3,1,1,20220111,TOR,PHX,22100613242,|1627783|1627832|1628384|1629139|203920,1,REG,,,2022,203920,2.0,C,Mobile Big,0.63,Bridges 1' Running Dunk (6 PTS) (Paul 4 AST),,,,PHX,1610612756.0,101108.0
Shot Chart Detail,22100613,252,0,Opponent,1610612761,Toronto Raptors,2,2,49,Missed Shot,Step Back Jump shot,,Right Corner 3,Right Side(R),24+ ft.,23,234,43,1,0,20220111,TOR,PHX,22100613252,|1627783|1627832|1628384|1628449|203920,0,REG,,,2022,1628384,1.0,SF,Wing Stopper,1.03,MISS Booker 24' 3PT Step Back Jump Shot,,,,PHX,1610612756.0,
Shot Chart Detail,22100613,257,0,Opponent,1610612761,Toronto Raptors,2,2,20,Missed Shot,Jump Shot,,Above the Break 3,Right Side Center(RC),24+ ft.,25,123,227,1,0,20220111,TOR,PHX,22100613257,|1627783|1627832|1628384|1628449|203920,0,REG,,,2022,1627783,-1.0,PF,Helper,0.72,MISS Crowder 26' 3PT Jump Shot,,,,PHX,1610612756.0,
Shot Chart Detail,22100613,264,0,Opponent,1610612761,Toronto Raptors,2,1,43,Missed Shot,Pullup Jump shot,,In The Paint (Non-RA),Center(C),8-16 ft.,11,48,104,1,0,20220111,TOR,PHX,22100613264,|1627783|1627832|1628384|1628449|203920,0,REG,,,2022,203920,-1.0,C,Mobile Big,0.63,MISS Paul 11' Pullup Jump Shot,,,,PHX,1610612756.0,
Shot Chart Detail,22100613,282,0,Opponent,1610612761,Toronto Raptors,2,0,31,Made Shot,Jump Shot,,Above the Break 3,Right Side Center(RC),24+ ft.,25,105,232,1,1,20220111,TOR,PHX,22100613282,|1627783|1627832|1628384|1628449|203920,1,REG,,,2022,1627783,-2.0,PF,Helper,0.72,Crowder 25' 3PT Jump Shot (16 PTS) (Paul 5 AST),,,,PHX,1610612756.0,101108.0
Shot Chart Detail,22100613,286,0,Opponent,1610612761,Toronto Raptors,2,0,0,Missed Shot,Pullup Jump shot,,Above the Break 3,Right Side Center(RC),24+ ft.,25,129,218,1,0,20220111,TOR,PHX,22100613286,|1627783|1627832|1628384|1628449|203920,0,REG,,,2022,1628449,-2.0,SF,Helper,0.4,MISS Crowder 25' 3PT Pullup Jump Shot,,,,PHX,1610612756.0,
Shot Chart Detail,22100613,302,0,Opponent,1610612761,Toronto Raptors,3,10,59,Made Shot,Turnaround Hook Shot,,In The Paint (Non-RA),Center(C),Less Than 8 ft.,5,-11,58,1,1,20220111,TOR,PHX,22100613302,|1627783|1627832|1628384|1629139|203920,1,REG,,,2022,1628384,0.0,SF,Wing Stopper,1.03,Ayton 6' Turnaround Hook Shot (6 PTS) (Crowder 2 AST),,,,PHX,1610612756.0,203109.0
Shot Chart Detail,22100613,313,0,Opponent,1610612761,Toronto Raptors,3,10,11,Missed Shot,Running Jump Shot,,Left Corner 3,Left Side(L),24+ ft.,24,-240,8,1,0,20220111,TOR,PHX,22100613313,|1627783|1627832|1628384|1629139|203920,0,REG,,,2022,1629139,0.0,SF,Helper,0.1,MISS Crowder 24' 3PT Running Jump Shot,,,,PHX,1610612756.0,
Shot Chart Detail,22100613,316,0,Opponent,1610612761,Toronto Raptors,3,9,36,Made Shot,Jump Shot,,Above the Break 3,Left Side Center(LC),24+ ft.,27,-174,211,1,1,20220111,TOR,PHX,22100613316,|1627783|1627832|1628384|1629139|203920,1,REG,,,2022,1628384,1.0,SF,Wing Stopper,1.03,Booker 27' 3PT Jump Shot (7 PTS) (Paul 6 AST),,,,PHX,1610612756.0,101108.0
Shot Chart Detail,22100613,324,0,Opponent,1610612761,Toronto Raptors,3,8,38,Made Shot,Fadeaway Jump Shot,,Mid-Range,Right Side(R),8-16 ft.,15,92,124,1,1,20220111,TOR,PHX,22100613324,|1627783|1627832|1628384|1629139|203920,0,REG,,,2022,203920,3.0,C,Mobile Big,0.63,Paul 15' Fadeaway Jumper (9 PTS),,,,PHX,1610612756.0,
Shot Chart Detail,22100613,339,0,Opponent,1610612761,Toronto Raptors,3,7,36,Missed Shot,Jump Shot,,Right Corner 3,Right Side(R),24+ ft.,23,233,-1,1,0,20220111,TOR,PHX,22100613339,|1627783|1627832|1628384|1628449|203920,0,REG,,,2022,203920,0.0,C,Mobile Big,0.63,MISS Bridges 3PT Jump Shot,,,,PHX,1610612756.0,
Shot Chart Detail,22100613,341,0,Opponent,1610612761,Toronto Raptors,3,7,31,Made Shot,Pullup Jump shot,,Above the Break 3,Center(C),24+ ft.,26,16,262,1,1,20220111,TOR,PHX,22100613341,|1627783|1627832|1628384|1628449|203920,1,REG,,,2022,1628449,3.0,SF,Helper,0.4,Booker 26' 3PT Pullup Jump Shot (10 PTS) (Paul 7 AST),,,,PHX,1610612756.0,101108.0
Shot Chart Detail,22100613,344,0,Opponent,1610612761,Toronto Raptors,3,7,10,Missed Shot,Pullup Jump shot,,In The Paint (Non-RA),Center(C),8-16 ft.,14,45,136,1,0,20220111,TOR,PHX,22100613344,|1627783|1627832|1628384|1628449|203920,0,REG,,,2022,203920,3.0,C,Mobile Big,0.63,MISS Paul 14' Pullup Jump Shot,,,,PHX,1610612756.0,
Shot Chart Detail,22100613,350,0,Opponent,1610612761,Toronto Raptors,3,6,41,Missed Shot,Fadeaway Jump Shot,,Mid-Range,Right Side(R),8-16 ft.,15,151,8,1,0,20220111,TOR,PHX,22100613350,|1627783|1627832|1628384|1628449|203920,0,REG,,,2022,1628449|203920,0.0,,,,,,,,PHX,1610612756.0,
Shot Chart Detail,22100613,352,0,Opponent,1610612761,Toronto Raptors,3,6,39,Missed Shot,Tip Layup Shot,,Restricted Area,Center(C),Less Than 8 ft.,0,0,0,1,0,20220111,TOR,PHX,22100613352,|1627783|1627832|1628384|1628449|203920,0,REG,,,2022,203920|1628384,0.0,,,,,,,,PHX,1610612756.0,
Shot Chart Detail,22100613,363,0,Opponent,1610612761,Toronto Raptors,3,6,9,Made Shot,Turnaround Fadeaway shot,,In The Paint (Non-RA),Center(C),8-16 ft.,11,-43,111,1,1,20220111,TOR,PHX,22100613363,|1627783|1627832|1628384|1628449|203920,1,REG,,,2022,203920,3.0,C,Mobile Big,0.63,Ayton 12' Turnaround Fadeaway (10 PTS) (Paul 8 AST),,,,PHX,1610612756.0,101108.0
Shot Chart Detail,22100613,366,0,Opponent,1610612761,Toronto Raptors,3,5,31,Missed Shot,Jump Shot,,Left Corner 3,Left Side(L),24+ ft.,22,-224,19,1,0,20220111,TOR,PHX,22100613366,|1627783|1627832|1628384|1628449|203920,0,REG,,,2022,1627832,0.0,PG,Point of Attack,0.9,MISS Bridges 3PT Jump Shot,,,,PHX,1610612756.0,
Shot Chart Detail,22100613,376,0,Opponent,1610612761,Toronto Raptors,3,4,50,Made Shot,Running Pull-Up Jump Shot,,Mid-Range,Left Side Center(LC),16-24 ft.,17,-55,169,1,1,20220111,TOR,PHX,22100613376,|1627783|1627832|1628384|1628449|203920,0,REG,,,2022,1627783,2.0,PF,Helper,0.72,Paul 18' Running Pull-Up Jump Shot (11 PTS),,,,PHX,1610612756.0,
Shot Chart Detail,22100613,384,0,Opponent,1610612761,Toronto Raptors,3,3,59,Missed Shot,Pullup Jump shot,,Above the Break 3,Right Side Center(RC),24+ ft.,25,127,226,1,0,20220111,TOR,PHX,22100613384,|1627783|1627832|1628384|1628449|203920,0,REG,,,2022,1627832,2.0,PG,Point of Attack,0.9,MISS Booker 26' 3PT Pullup Jump Shot,,,,PHX,1610612756.0,
Shot Chart Detail,22100613,400,0,Opponent,1610612761,Toronto Raptors,3,3,0,Missed Shot,Driving Layup Shot,,In The Paint (Non-RA),Center(C),Less Than 8 ft.,5,-44,34,1,0,20220111,TOR,PHX,22100613400,|1627832|1628384|1628449|1630173|1630551,0,REG,,,2022,1630173,-1.0,C,Mobile Big,0.24,MISS Payne 6' Driving Layup,,,,PHX,1610612756.0,
Shot Chart Detail,22100613,427,0,Opponent,1610612761,Toronto Raptors,3,1,32,Made Shot,Jump Shot,,Above the Break 3,Left Side Center(LC),24+ ft.,27,-100,252,1,1,20220111,TOR,PHX,22100613427,|1627832|1628384|1628449|1630173|1630551,1,REG,,,2022,1628384,2.0,SF,Wing Stopper,1.03,Shamet 27' 3PT Jump Shot (3 PTS) (Payne 2 AST),,,,PHX,1610612756.0,1626166.0
Shot Chart Detail,22100613,443,0,Opponent,1610612761,Toronto Raptors,3,0,59,Made Shot,Driving Floating Bank Jump Shot,,Mid-Range,Right Side(R),8-16 ft.,9,85,46,1,1,20220111,TOR,PHX,22100613443,|1627783|1628384|1628449|1630173|1630551,1,REG,,,2022,1630173,2.0,C,Mobile Big,0.24,Payne 10' Driving Floating Bank Jump Shot (2 PTS) (Shamet 1 AST),,,,PHX,1610612756.0,1629013.0
Shot Chart Detail,22100613,448,0,Opponent,1610612761,Toronto Raptors,3,0,31,Missed Shot,Pullup Jump shot,,Mid-Range,Center(C),16-24 ft.,16,-44,162,1,0,20220111,TOR,PHX,22100613448,|1627783|1628384|1628449|1630173|1630551,0,REG,,,2022,1628449|1630173,0.0,,,,,,,,PHX,1610612756.0,
Shot Chart Detail,22100613,458,0,Opponent,1610612761,Toronto Raptors,4,11,46,Missed Shot,Jump Shot,,Left Corner 3,Left Side(L),24+ ft.,22,-223,25,1,0,20220111,TOR,PHX,22100613458,|1627783|1627832|1628449|1630173|1630551,0,REG,,,2022,1630173,-2.0,C,Mobile Big,0.24,MISS Bridges 3PT Jump Shot,,,,PHX,1610612756.0,
Shot Chart Detail,22100613,464,0,Opponent,1610612761,Toronto Raptors,4,11,6,Made Shot,Jump Shot,,Mid-Range,Right Side(R),16-24 ft.,18,185,-1,1,1,20220111,TOR,PHX,22100613464,|1627783|1627832|1628449|1630173|1630551,1,REG,,,2022,1630173,0.0,C,Mobile Big,0.24,Smith 19' Jump Shot (7 PTS) (Payne 3 AST),,,,PHX,1610612756.0,1626166.0
Shot Chart Detail,22100613,477,0,Opponent,1610612761,Toronto Raptors,4,10,16,Missed Shot,Jump Shot,,Above the Break 3,Right Side Center(RC),24+ ft.,26,192,182,1,0,20220111,TOR,PHX,22100613477,|1627783|1627832|1628449|1630173|1630551,0,REG,,,2022,1628449,-3.0,SF,Helper,0.4,MISS Payne 26' 3PT Jump Shot,,,,PHX,1610612756.0,
Shot Chart Detail,22100613,479,0,Opponent,1610612761,Toronto Raptors,4,10,8,Made Shot,Driving Floating Jump Shot,,In The Paint (Non-RA),Left Side(L),8-16 ft.,8,-67,53,1,1,20220111,TOR,PHX,22100613479,|1627783|1627832|1628449|1630173|1630551,1,REG,,,2022,1628449,-1.0,SF,Helper,0.4,Payne 9' Driving Floating Jump Shot (4 PTS) (Shamet 2 AST),,,,PHX,1610612756.0,1629013.0
Shot Chart Detail,22100613,484,0,Opponent,1610612761,Toronto Raptors,4,9,35,Missed Shot,Pullup Jump shot,,Mid-Range,Right Side(R),16-24 ft.,16,165,1,1,0,20220111,TOR,PHX,22100613484,|1627783|1627832|1628449|1630173|1630551,0,REG,,,2022,1630173,-1.0,C,Mobile Big,0.24,MISS Smith 17' Pullup Jump Shot,,,,PHX,1610612756.0,
Shot Chart Detail,22100613,517,0,Opponent,1610612761,Toronto Raptors,4,7,46,Made Shot,Running Layup Shot,,Restricted Area,Center(C),Less Than 8 ft.,2,23,14,1,1,20220111,TOR,PHX,22100613517,|1627832|1628384|1628449|1630173|1630551,1,REG,,,2022,,,,,,,,,,PHX,1610612756.0,101108.0
Shot Chart Detail,22100613,525,0,Opponent,1610612761,Toronto Raptors,4,7,2,Made Shot,Dunk Shot,,Restricted Area,Center(C),Less Than 8 ft.,1,2,17,1,1,20220111,TOR,PHX,22100613525,|1627832|1628384|1628449|1630173|1630551,1,REG,,,2022,1627832,0.0,PG,Point of Attack,0.9,Ayton 2' Dunk (12 PTS) (Crowder 3 AST),,,,PHX,1610612756.0,203109.0
Shot Chart Detail,22100613,543,0,Opponent,1610612761,Toronto Raptors,4,6,3,Made Shot,Jump Shot,,Right Corner 3,Right Side(R),24+ ft.,23,235,32,1,1,20220111,TOR,PHX,22100613543,|1627832|1628384|1628449|1630173|1630551,1,REG,,,2022,1630551,1.0,SF,Helper,-0.61,Crowder 24' 3PT Jump Shot (19 PTS) (Bridges 1 AST),,,,PHX,1610612756.0,1628969.0
Shot Chart Detail,22100613,552,0,Opponent,1610612761,Toronto Raptors,4,5,19,Made Shot,Jump Shot,,Above the Break 3,Right Side Center(RC),24+ ft.,25,152,201,1,1,20220111,TOR,PHX,22100613552,|1627783|1627832|1628384|1628449|1630173,1,REG,,,2022,1628449,4.0,SF,Helper,0.4,Bridges 25' 3PT Jump Shot (12 PTS) (Paul 10 AST),,,,PHX,1610612756.0,101108.0
Shot Chart Detail,22100613,564,0,Opponent,1610612761,Toronto Raptors,4,4,42,Missed Shot,Jump Shot,,Right Corner 3,Right Side(R),24+ ft.,24,240,3,1,0,20220111,TOR,PHX,22100613564,|1627783|1627832|1628384|1628449|203920,0,REG,,,2022,1627783,4.0,PF,Helper,0.72,MISS Booker 24' 3PT Jump Shot,,,,PHX,1610612756.0,
Shot Chart Detail,22100613,568,0,Opponent,1610612761,Toronto Raptors,4,4,13,Made Shot,Floating Jump shot,,In The Paint (Non-RA),Center(C),Less Than 8 ft.,4,4,47,1,1,20220111,TOR,PHX,22100613568,|1627783|1627832|1628384|1628449|203920,1,REG,,,2022,1628384|1627783,6.0,,,,,,,,PHX,1610612756.0,101108.0
Shot Chart Detail,22100613,576,0,Opponent,1610612761,Toronto Raptors,4,3,29,Missed Shot,Jump Shot,,Left Corner 3,Left Side(L),24+ ft.,23,-238,25,1,0,20220111,TOR,PHX,22100613576,|1627783|1627832|1628384|1628449|203920,0,REG,,,2022,1628384,6.0,SF,Wing Stopper,1.03,MISS Booker 24' 3PT Jump Shot,,,,PHX,1610612756.0,
Shot Chart Detail,22100613,580,0,Opponent,1610612761,Toronto Raptors,4,2,49,Missed Shot,Step Back Jump shot,,Mid-Range,Center(C),8-16 ft.,14,1,142,1,0,20220111,TOR,PHX,22100613580,|1627783|1627832|1628384|1628449|203920,0,REG,,,2022,1628449,4.0,SF,Helper,0.4,MISS Bridges 14' Step Back Jump Shot,,,,PHX,1610612756.0,
Shot Chart Detail,22100613,587,0,Opponent,1610612761,Toronto Raptors,4,2,23,Missed Shot,Pullup Jump shot,,Mid-Range,Left Side(L),8-16 ft.,13,-81,108,1,0,20220111,TOR,PHX,22100613587,|1627783|1627832|1628384|1628449|203920,0,REG,,,2022,1628384,1.0,SF,Wing Stopper,1.03,MISS Booker 14' Pullup Jump Shot,,,,PHX,1610612756.0,
Shot Chart Detail,22100613,600,0,Opponent,1610612761,Toronto Raptors,4,1,22,Missed Shot,Pullup Jump shot,,Above the Break 3,Center(C),24+ ft.,27,-1,273,1,0,20220111,TOR,PHX,22100613600,|1627783|1627832|1628384|1628449|203920,0,REG,,,2022,1628384,-1.0,SF,Wing Stopper,1.03,MISS Crowder 27' 3PT Pullup Jump Shot,,,,PHX,1610612756.0,
Shot Chart Detail,22100613,602,0,Opponent,1610612761,Toronto Raptors,4,1,15,Missed Shot,Jump Shot,,Above the Break 3,Left Side Center(LC),24+ ft.,26,-201,173,1,0,20220111,TOR,PHX,22100613602,|1627783|1627832|1628384|1628449|203920,0,REG,,,2022,1628449,-1.0,SF,Helper,0.4,Boucher BLOCK (3 BLK),,,,PHX,1610612756.0,
Shot Chart Detail,22100613,606,0,Opponent,1610612761,Toronto Raptors,4,1,7,Missed Shot,Jump Shot,,Above the Break 3,Right Side Center(RC),24+ ft.,27,141,232,1,0,20220111,TOR,PHX,22100613606,|1627783|1627832|1628384|1628449|203920,0,REG,,,2022,1628449,-1.0,SF,Helper,0.4,MISS Bridges 27' 3PT Jump Shot,,,,PHX,1610612756.0,
Shot Chart Detail,22100613,609,0,Opponent,1610612761,Toronto Raptors,4,1,2,Made Shot,Jump Shot,,Mid-Range,Right Side(R),16-24 ft.,18,184,47,1,1,20220111,TOR,PHX,22100613609,|1627783|1627832|1628384|1628449|203920,1,REG,,,2022,1628384,1.0,SF,Wing Stopper,1.03,Booker 19' Jump Shot (14 PTS) (Paul 12 AST),,,,PHX,1610612756.0,101108.0
Shot Chart Detail,22100613,613,0,Opponent,1610612761,Toronto Raptors,4,0,32,Made Shot,Pullup Jump shot,,Mid-Range,Right Side(R),8-16 ft.,15,114,108,1,1,20220111,TOR,PHX,22100613613,|1627783|1627832|1628384|1628449|203920,0,REG,,,2022,203920,3.0,C,Mobile Big,0.63,Paul 16' Pullup Jump Shot (13 PTS),,,,PHX,1610612756.0,
Shot Chart Detail,22100633,7,0,Opponent,1610612761,Toronto Raptors,1,11,36,Missed Shot,Jump Shot,,Above the Break 3,Right Side Center(RC),24+ ft.,24,163,189,1,0,20220114,DET,TOR,221006337,|1627783|1627832|1628384|1630567|203920,0,REG,,,2022,1630567,0.0,PF,Helper,0.63,MISS Diallo 25' 3PT Jump Shot,,,,DET,1610612765.0,
Shot Chart Detail,22100633,13,0,Opponent,1610612761,Toronto Raptors,1,11,1,Made Shot,Floating Jump shot,,Mid-Range,Right Side(R),8-16 ft.,11,110,13,1,1,20220114,DET,TOR,2210063313,|1627783|1627832|1628384|1630567|203920,1,REG,,,2022,203920|1627783,2.0,,,,,,,,DET,1610612765.0,1630191.0
Shot Chart Detail,22100633,18,0,Opponent,1610612761,Toronto Raptors,1,10,29,Made Shot,Jump Shot,,Above the Break 3,Left Side Center(LC),24+ ft.,26,-159,207,1,1,20220114,DET,TOR,2210063318,|1627783|1627832|1628384|1630567|203920,1,REG,,,2022,1630567,5.0,PF,Helper,0.63,Bey 26' 3PT Jump Shot (3 PTS) (Cunningham 1 AST),,,,DET,1610612765.0,1630595.0
Shot Chart Detail,22100633,22,0,Opponent,1610612761,Toronto Raptors,1,9,52,Made Shot,Pullup Jump shot,,Mid-Range,Center(C),8-16 ft.,14,-7,149,1,1,20220114,DET,TOR,2210063322,|1627783|1627832|1628384|1630567|203920,0,REG,,,2022,1628384,4.0,SF,Wing Stopper,1.03,Bey 15' Pullup Jump Shot (5 PTS),,,,DET,1610612765.0,
Shot Chart Detail,22100633,30,0,Opponent,1610612761,Toronto Raptors,1,9,12,Made Shot,Driving Reverse Layup Shot,,Restricted Area,Center(C),Less Than 8 ft.,0,2,8,1,1,20220114,DET,TOR,2210063330,|1627783|1627832|1628384|1630567|203920,0,REG,,,2022,203920,2.0,C,Mobile Big,0.63,Cunningham 1' Driving Reverse Layup (2 PTS),,,,DET,1610612765.0,
Shot Chart Detail,22100633,33,0,Opponent,1610612761,Toronto Raptors,1,8,51,Made Shot,Layup Shot,,Restricted Area,Center(C),Less Than 8 ft.,1,10,8,1,1,20220114,DET,TOR,2210063333,|1627783|1627832|1628384|1630567|203920,1,REG,,,2022,1627783,4.0,PF,Helper,0.72,Diallo 1' Layup (4 PTS) (Hayes 1 AST),,,,DET,1610612765.0,1630165.0
Shot Chart Detail,22100633,38,0,Opponent,1610612761,Toronto Raptors,1,8,20,Made Shot,Running Dunk Shot,,Restricted Area,Center(C),Less Than 8 ft.,1,-1,15,1,1,20220114,DET,TOR,2210063338,|1627783|1627832|1628384|1630567|203920,1,REG,,,2022,,,,,,,,,,DET,1610612765.0,1630165.0
Shot Chart Detail,22100633,56,0,Opponent,1610612761,Toronto Raptors,1,7,31,Missed Shot,Driving Layup Shot,,In The Paint (Non-RA),Center(C),Less Than 8 ft.,4,29,32,1,0,20220114,DET,TOR,2210063356,|1627783|1627832|1628384|1630173|1630567,0,REG,,,2022,1628384|1630567,6.0,,,,,,,,DET,1610612765.0,
Shot Chart Detail,22100633,64,0,Opponent,1610612761,Toronto Raptors,1,7,12,Missed Shot,Layup Shot,,Restricted Area,Center(C),Less Than 8 ft.,3,-26,20,1,0,20220114,DET,TOR,2210063364,|1627783|1627832|1628384|1630173|1630567,0,REG,,,2022,1630567,3.0,PF,Helper,0.63,MISS Hayes 3' Layup,,,,DET,1610612765.0,
Shot Chart Detail,22100633,66,0,Opponent,1610612761,Toronto Raptors,1,7,11,Made Shot,Putback Dunk Shot,,Restricted Area,Center(C),Less Than 8 ft.,0,0,0,1,1,20220114,DET,TOR,2210063366,|1627783|1627832|1628384|1630173|1630567,0,REG,,,2022,1627783,5.0,PF,Helper,0.72,Diallo Putback Dunk (6 PTS),,,,DET,1610612765.0,
Shot Chart Detail,22100633,74,0,Opponent,1610612761,Toronto Raptors,1,6,33,Missed Shot,Driving Reverse Layup Shot,,Restricted Area,Center(C),Less Than 8 ft.,2,-17,21,1,0,20220114,DET,TOR,2210063374,|1627783|1627832|1628384|1630173|1630567,0,REG,,,2022,1630173,5.0,C,Mobile Big,0.24,MISS Bey 3' Driving Reverse Layup,,,,DET,1610612765.0,
Shot Chart Detail,22100633,90,0,Opponent,1610612761,Toronto Raptors,1,5,44,Made Shot,Running Dunk Shot,,Restricted Area,Center(C),Less Than 8 ft.,2,9,28,1,1,20220114,DET,TOR,2210063390,|1627783|1627832|1628384|1628449|1630173,1,REG,,,2022,1628449,5.0,SF,Helper,0.4,Diallo 3' Running Dunk (8 PTS) (Hayes 3 AST),,,,DET,1610612765.0,1630165.0
Shot Chart Detail,22100633,94,0,Opponent,1610612761,Toronto Raptors,1,5,21,Made Shot,Dunk Shot,,Restricted Area,Center(C),Less Than 8 ft.,2,2,23,1,1,20220114,DET,TOR,2210063394,|1627783|1627832|1628384|1628449|1630173,1,REG,,,2022,1627832,7.0,PG,Point of Attack,0.9,Diallo 2' Dunk (10 PTS) (Bey 1 AST),,,,DET,1610612765.0,1630180.0
Shot Chart Detail,22100633,98,0,Opponent,1610612761,Toronto Raptors,1,4,49,Missed Shot,Jump Shot,,Above the Break 3,Right Side Center(RC),24+ ft.,25,216,131,1,0,20220114,DET,TOR,2210063398,|1627783|1627832|1628384|1628449|1630173,0,REG,,,2022,1627832,7.0,PG,Point of Attack,0.9,MISS Hayes 25' 3PT Jump Shot,,,,DET,1610612765.0,
Shot Chart Detail,22100633,113,0,Opponent,1610612761,Toronto Raptors,1,4,0,Made Shot,Cutting Layup Shot,,Restricted Area,Center(C),Less Than 8 ft.,3,-25,25,1,1,20220114,DET,TOR,22100633113,|1627783|1627832|1628449|1630173|1630567,1,REG,,,2022,1628449|1627783,9.0,,,,,,,,DET,1610612765.0,1626168.0
Shot Chart Detail,22100633,123,0,Opponent,1610612761,Toronto Raptors,1,3,27,Made Shot,Jump Shot,,Above the Break 3,Center(C),24+ ft.,24,16,246,1,1,20220114,DET,TOR,22100633123,|1627783|1627832|1628449|1630173|1630567,1,REG,,,2022,,,,,,,,,,DET,1610612765.0,1630595.0
Shot Chart Detail,22100633,131,0,Opponent,1610612761,Toronto Raptors,1,2,47,Made Shot,Pullup Jump shot,,Mid-Range,Left Side(L),8-16 ft.,14,-98,109,1,1,20220114,DET,TOR,22100633131,|1627783|1627832|1628449|1630173|1630567,0,REG,,,2022,1627832|1630173,11.0,,,,,,,,DET,1610612765.0,
Shot Chart Detail,22100633,140,0,Opponent,1610612761,Toronto Raptors,1,2,9,Missed Shot,Jump Shot,,Above the Break 3,Left Side Center(LC),24+ ft.,24,-131,212,1,0,20220114,DET,TOR,22100633140,|1627832|1628384|1628449|1630173|1630567,0,REG,,,2022,1630567,8.0,PF,Helper,0.63,MISS Cunningham 25' 3PT Jump Shot,,,,DET,1610612765.0,
Shot Chart Detail,22100633,143,0,Opponent,1610612761,Toronto Raptors,1,1,50,Missed Shot,Jump Shot,,Above the Break 3,Left Side Center(LC),24+ ft.,25,-229,116,1,0,20220114,DET,TOR,22100633143,|1627832|1628384|1628449|1630173|1630567,0,REG,,,2022,1628384,5.0,SF,Wing Stopper,1.03,MISS Jackson 26' 3PT Jump Shot,,,,DET,1610612765.0,
Shot Chart Detail,22100633,160,0,Opponent,1610612761,Toronto Raptors,1,0,31,Missed Shot,Hook Shot,,Restricted Area,Center(C),Less Than 8 ft.,3,26,27,1,0,20220114,DET,TOR,22100633160,|1627832|1628384|1628449|1630173|1630567,0,REG,,,2022,1627832|1630173,4.0,,,,,,,,DET,1610612765.0,
Shot Chart Detail,22100633,164,0,Opponent,1610612761,Toronto Raptors,1,0,2,Missed Shot,Jump Shot,,Right Corner 3,Right Side(R),24+ ft.,23,224,63,1,0,20220114,DET,TOR,22100633164,|1627832|1628384|1628449|1630173|1630567,0,REG,,,2022,1628384,4.0,SF,Wing Stopper,1.03,MISS Bey 3PT Jump Shot,,,,DET,1610612765.0,
Shot Chart Detail,22100633,182,0,Opponent,1610612761,Toronto Raptors,2,11,24,Missed Shot,Jump Shot,,Right Corner 3,Right Side(R),24+ ft.,23,235,-11,1,0,20220114,DET,TOR,22100633182,|1627783|1628384|1628449|1630551|1630567,0,REG,,,2022,1630551,4.0,SF,Helper,-0.61,MISS Jackson 24' 3PT Jump Shot,,,,DET,1610612765.0,
Shot Chart Detail,22100633,192,0,Opponent,1610612761,Toronto Raptors,2,10,28,Missed Shot,Driving Layup Shot,,In The Paint (Non-RA),Center(C),Less Than 8 ft.,4,-6,44,1,0,20220114,DET,TOR,22100633192,|1627783|1628384|1628449|1630551|1630567,0,REG,,,2022,1628449|1627783,2.0,,,,,,,,DET,1610612765.0,
Shot Chart Detail,22100633,217,0,Opponent,1610612761,Toronto Raptors,2,8,56,Missed Shot,Floating Jump shot,,In The Paint (Non-RA),Center(C),Less Than 8 ft.,7,-5,71,1,0,20220114,DET,TOR,22100633217,|1627783|1628384|1629139|1630173|1630551,0,REG,,,2022,1630551|1628384,4.0,,,,,,,,DET,1610612765.0,
Shot Chart Detail,22100633,223,0,Opponent,1610612761,Toronto Raptors,2,8,18,Made Shot,Hook Bank Shot,,In The Paint (Non-RA),Center(C),Less Than 8 ft.,5,-4,59,1,1,20220114,DET,TOR,22100633223,|1627783|1628384|1629139|1630173|1630551,1,REG,,,2022,1628384|1629139,6.0,,,,,,,,DET,1610612765.0,1630165.0
Shot Chart Detail,22100633,232,0,Opponent,1610612761,Toronto Raptors,2,7,52,Missed Shot,Driving Layup Shot,,In The Paint (Non-RA),Center(C),Less Than 8 ft.,6,50,34,1,0,20220114,DET,TOR,22100633232,|1627783|1628384|1629139|1630173|1630551,0,REG,,,2022,1630173|1629139,5.0,,,,,,,,DET,1610612765.0,
Shot Chart Detail,22100633,250,0,Opponent,1610612761,Toronto Raptors,2,7,6,Made Shot,Driving Layup Shot,,In The Paint (Non-RA),Center(C),Less Than 8 ft.,4,22,39,1,1,20220114,DET,TOR,22100633250,|1627832|1628384|1630173|1630551|1630567,1,REG,,,2022,1627832,7.0,PG,Point of Attack,0.9,Lyles 4' Driving Layup (5 PTS) (Cunningham 3 AST),,,,DET,1610612765.0,1630595.0
Shot Chart Detail,22100633,261,0,Opponent,1610612761,Toronto Raptors,2,6,26,Missed Shot,Pullup Jump shot,,Mid-Range,Left Side(L),8-16 ft.,11,-112,17,1,0,20220114,DET,TOR,22100633261,|1627832|1628384|1630173|1630551|1630567,0,REG,,,2022,1627832|1630173,7.0,,,,,,,,DET,1610612765.0,
Shot Chart Detail,22100633,263,0,Opponent,1610612761,Toronto Raptors,2,6,21,Made Shot,Tip Layup Shot,,Restricted Area,Center(C),Less Than 8 ft.,0,0,0,1,1,20220114,DET,TOR,22100633263,|1627832|1628384|1630173|1630551|1630567,0,REG,,,2022,1630567,9.0,PF,Helper,0.63,Lyles Tip Layup Shot (8 PTS),,,,DET,1610612765.0,
Shot Chart Detail,22100633,272,0,Opponent,1610612761,Toronto Raptors,2,5,53,Missed Shot,Jump Shot,,Left Corner 3,Left Side(L),24+ ft.,24,-239,36,1,0,20220114,DET,TOR,22100633272,|1627783|1627832|1628449|1630173|1630567,0,REG,,,2022,1627832,7.0,PG,Point of Attack,0.9,MISS Lyles 24' 3PT Jump Shot,,,,DET,1610612765.0,
Shot Chart Detail,22100633,281,0,Opponent,1610612761,Toronto Raptors,2,5,29,Missed Shot,Jump Shot,,Right Corner 3,Right Side(R),24+ ft.,23,239,13,1,0,20220114,DET,TOR,22100633281,|1627783|1627832|1628449|1630173|1630567,0,REG,,,2022,1630173,6.0,C,Mobile Big,0.24,MISS Cunningham 24' 3PT Jump Shot,,,,DET,1610612765.0,
Shot Chart Detail,22100633,283,0,Opponent,1610612761,Toronto Raptors,2,5,25,Made Shot,Layup Shot,,Restricted Area,Center(C),Less Than 8 ft.,3,-29,27,1,1,20220114,DET,TOR,22100633283,|1627783|1627832|1628449|1630173|1630567,0,REG,,,2022,1628449,8.0,SF,Helper,0.4,Lyles 4' Layup (10 PTS),,,,DET,1610612765.0,
Shot Chart Detail,22100633,320,0,Opponent,1610612761,Toronto Raptors,2,3,47,Made Shot,Driving Finger Roll Layup Shot,,In The Paint (Non-RA),Center(C),Less Than 8 ft.,4,-16,37,1,1,20220114,DET,TOR,22100633320,|1627783|1627832|1628384|1629004|1630625,0,REG,,,2022,1630625|1628384,10.0,,,,,,,,DET,1610612765.0,
Shot Chart Detail,22100633,323,0,Opponent,1610612761,Toronto Raptors,2,3,34,Made Shot,Cutting Layup Shot,,Restricted Area,Center(C),Less Than 8 ft.,1,-3,18,1,1,20220114,DET,TOR,22100633323,|1627783|1627832|1628384|1629004|1630625,1,REG,,,2022,1627783,12.0,PF,Helper,0.72,Bey 2' Cutting Layup Shot (7 PTS) (Hayes 5 AST),,,,DET,1610612765.0,1630165.0
Shot Chart Detail,22100633,327,0,Opponent,1610612761,Toronto Raptors,2,3,2,Made Shot,Layup Shot,,In The Paint (Non-RA),Center(C),Less Than 8 ft.,4,27,38,1,1,20220114,DET,TOR,22100633327,|1627783|1627832|1628384|1629004|1630625,1,REG,,,2022,1627832,14.0,PG,Point of Attack,0.9,Diallo 5' Layup (12 PTS) (Bey 2 AST),,,,DET,1610612765.0,1630180.0
Shot Chart Detail,22100633,333,0,Opponent,1610612761,Toronto Raptors,2,2,24,Made Shot,Driving Floating Jump Shot,,In The Paint (Non-RA),Center(C),Less Than 8 ft.,6,-23,64,1,1,20220114,DET,TOR,22100633333,|1627783|1627832|1628384|1629004|1630625,0,REG,,,2022,1627832,16.0,PG,Point of Attack,0.9,Cunningham 7' Driving Floating Jump Shot (13 PTS),,,,DET,1610612765.0,
Shot Chart Detail,22100633,338,0,Opponent,1610612761,Toronto Raptors,2,1,48,Missed Shot,Driving Layup Shot,,Restricted Area,Center(C),Less Than 8 ft.,3,-16,28,1,0,20220114,DET,TOR,22100633338,|1627783|1627832|1628384|1629004|1630625,0,REG,,,2022,1627832|1627783,16.0,,,,,,,,DET,1610612765.0,
Shot Chart Detail,22100633,350,0,Opponent,1610612761,Toronto Raptors,2,1,8,Missed Shot,Jump Shot,,In The Paint (Non-RA),Center(C),8-16 ft.,13,39,127,1,0,20220114,DET,TOR,22100633350,|1627783|1627832|1628384|1629004|1630625,0,REG,,,2022,1627832|1628384,13.0,,,,,,,,DET,1610612765.0,
Shot Chart Detail,22100633,352,0,Opponent,1610612761,Toronto Raptors,2,1,5,Missed Shot,Layup Shot,,Restricted Area,Center(C),Less Than 8 ft.,3,-25,21,1,0,20220114,DET,TOR,22100633352,|1627783|1627832|1628384|1629004|1630625,0,REG,,,2022,1630625|1627783,13.0,,,,,,,,DET,1610612765.0,
Shot Chart Detail,22100633,361,0,Opponent,1610612761,Toronto Raptors,2,0,51,Made Shot,Running Layup Shot,,Restricted Area,Center(C),Less Than 8 ft.,3,-26,22,1,1,20220114,DET,TOR,22100633361,|1627783|1627832|1628384|1629004|1630625,1,REG,,,2022,1629004,15.0,SF,Chaser,-0.31,Lyles 3' Running Layup (15 PTS) (Jackson 1 AST),,,,DET,1610612765.0,1628367.0
Shot Chart Detail,22100633,365,0,Opponent,1610612761,Toronto Raptors,2,0,15,Missed Shot,Jump Shot,,Left Corner 3,Left Side(L),24+ ft.,23,-229,42,1,0,20220114,DET,TOR,22100633365,|1627783|1627832|1628384|1629004|1630625,0,REG,,,2022,1629004,15.0,SF,Chaser,-0.31,MISS Jackson 3PT Jump Shot,,,,DET,1610612765.0,
Shot Chart Detail,22100633,368,0,Opponent,1610612761,Toronto Raptors,2,0,0,Missed Shot,Pullup Jump shot,,Above the Break 3,Right Side Center(RC),24+ ft.,28,163,231,1,0,20220114,DET,TOR,22100633368,|1627783|1627832|1628384|1629004|1630625,0,REG,,,2022,1629004,13.0,SF,Chaser,-0.31,MISS Jackson 28' 3PT Pullup Jump Shot,,,,DET,1610612765.0,
Shot Chart Detail,22100633,384,0,Opponent,1610612761,Toronto Raptors,3,11,32,Made Shot,Jump Shot,,Above the Break 3,Left Side Center(LC),24+ ft.,25,-100,232,1,1,20220114,DET,TOR,22100633384,|1627783|1627832|1628384|1630173|1630567,1,REG,,,2022,1630173,16.0,C,Mobile Big,0.24,Bey 25' 3PT Jump Shot (10 PTS) (Cunningham 4 AST),,,,DET,1610612765.0,1630595.0
Shot Chart Detail,22100633,403,0,Opponent,1610612761,Toronto Raptors,3,10,22,Made Shot,Driving Layup Shot,,In The Paint (Non-RA),Center(C),Less Than 8 ft.,4,28,30,1,1,20220114,DET,TOR,22100633403,|1627783|1627832|1628384|1630173|1630567,0,REG,,,2022,1627832,15.0,PG,Point of Attack,0.9,Diallo 4' Driving Layup (14 PTS),,,,DET,1610612765.0,
Shot Chart Detail,22100633,408,0,Opponent,1610612761,Toronto Raptors,3,9,46,Missed Shot,Jump Shot,,Above the Break 3,Center(C),24+ ft.,25,67,241,1,0,20220114,DET,TOR,22100633408,|1627783|1627832|1628384|1630173|1630567,0,REG,,,2022,1628384,12.0,SF,Wing Stopper,1.03,MISS Bey 25' 3PT Jump Shot,,,,DET,1610612765.0,
Shot Chart Detail,22100633,410,0,Opponent,1610612761,Toronto Raptors,3,9,41,Made Shot,Dunk Shot,,Restricted Area,Center(C),Less Than 8 ft.,1,-10,13,1,1,20220114,DET,TOR,22100633410,|1627783|1627832|1628384|1630173|1630567,0,REG,,,2022,1627783,14.0,PF,Helper,0.72,Hayes 2' Dunk (3 PTS),,,,DET,1610612765.0,
Shot Chart Detail,22100633,413,0,Opponent,1610612761,Toronto Raptors,3,9,24,Missed Shot,Floating Jump shot,,In The Paint (Non-RA),Center(C),Less Than 8 ft.,6,7,66,1,0,20220114,DET,TOR,22100633413,|1627783|1627832|1628384|1630173|1630567,0,REG,,,2022,,,,,,,,,,DET,1610612765.0,
Shot Chart Detail,22100633,423,0,Opponent,1610612761,Toronto Raptors,3,8,49,Missed Shot,Step Back Jump shot,,In The Paint (Non-RA),Right Side(R),8-16 ft.,14,74,120,1,0,20220114,DET,TOR,22100633423,|1627783|1627832|1628384|1630173|1630567,0,REG,,,2022,1630173,14.0,C,Mobile Big,0.24,MISS Diallo 14' Step Back Jump Shot,,,,DET,1610612765.0,
Shot Chart Detail,22100633,429,0,Opponent,1610612761,Toronto Raptors,3,8,8,Made Shot,Jump Shot,,Mid-Range,Center(C),16-24 ft.,21,53,208,1,1,20220114,DET,TOR,22100633429,|1627783|1627832|1628384|1630173|1630567,0,REG,,,2022,1630173,16.0,C,Mobile Big,0.24,Joseph 21' Jump Shot (3 PTS),,,,DET,1610612765.0,
Shot Chart Detail,22100633,435,0,Opponent,1610612761,Toronto Raptors,3,7,36,Missed Shot,Jump Shot,,Above the Break 3,Right Side Center(RC),24+ ft.,25,136,220,1,0,20220114,DET,TOR,22100633435,|1627783|1627832|1628384|1630173|1630567,0,REG,,,2022,1627783,16.0,PF,Helper,0.72,MISS Bey 26' 3PT Jump Shot,,,,DET,1610612765.0,
Shot Chart Detail,22100633,440,0,Opponent,1610612761,Toronto Raptors,3,7,13,Made Shot,Driving Layup Shot,,In The Paint (Non-RA),Center(C),Less Than 8 ft.,4,40,24,1,1,20220114,DET,TOR,22100633440,|1627783|1627832|1628384|1630173|1630567,0,REG,,,2022,1627832,18.0,PG,Point of Attack,0.9,Lyles 5' Driving Layup (17 PTS),,,,DET,1610612765.0,
Shot Chart Detail,22100633,449,0,Opponent,1610612761,Toronto Raptors,3,6,43,Missed Shot,Jump Shot,,Right Corner 3,Right Side(R),24+ ft.,22,225,34,1,0,20220114,DET,TOR,22100633449,|1627783|1627832|1628384|1628449|1630551,0,REG,,,2022,1627783,18.0,PF,Helper,0.72,MISS Lyles 3PT Jump Shot,,,,DET,1610612765.0,
Shot Chart Detail,22100633,457,0,Opponent,1610612761,Toronto Raptors,3,6,4,Made Shot,Cutting Dunk Shot,,Restricted Area,Center(C),Less Than 8 ft.,1,-16,11,1,1,20220114,DET,TOR,22100633457,|1627783|1627832|1628384|1628449|1630551,1,REG,,,2022,1627783,18.0,PF,Helper,0.72,Diallo 2' Cutting Dunk Shot (16 PTS) (Cunningham 5 AST),,,,DET,1610612765.0,1630595.0
Shot Chart Detail,22100633,461,0,Opponent,1610612761,Toronto Raptors,3,5,33,Missed Shot,Jump Shot,,Above the Break 3,Center(C),24+ ft.,26,10,268,1,0,20220114,DET,TOR,22100633461,|1627783|1627832|1628384|1628449|1630551,0,REG,,,2022,1627783,15.0,PF,Helper,0.72,MISS Cunningham 27' 3PT Jump Shot,,,,DET,1610612765.0,
Shot Chart Detail,22100633,463,0,Opponent,1610612761,Toronto Raptors,3,5,21,Missed Shot,Jump Shot,,Above the Break 3,Left Side Center(LC),24+ ft.,24,-211,117,1,0,20220114,DET,TOR,22100633463,|1627783|1627832|1628384|1628449|1630551,0,REG,,,2022,1628384,15.0,SF,Wing Stopper,1.03,MISS Bey 24' 3PT Jump Shot,,,,DET,1610612765.0,
Shot Chart Detail,22100633,477,0,Opponent,1610612761,Toronto Raptors,3,4,41,Missed Shot,Jump Shot,,Left Corner 3,Left Side(L),24+ ft.,24,-238,72,1,0,20220114,DET,TOR,22100633477,|1627783|1627832|1628384|1628449|1630551,0,REG,,,2022,1627832,12.0,PG,Point of Attack,0.9,MISS Joseph 25' 3PT Jump Shot,,,,DET,1610612765.0,
Shot Chart Detail,22100633,484,0,Opponent,1610612761,Toronto Raptors,3,3,53,Made Shot,Pullup Jump shot,,Above the Break 3,Right Side Center(RC),24+ ft.,29,125,267,1,1,20220114,DET,TOR,22100633484,|1627783|1627832|1628384|1628449|1630551,0,REG,,,2022,1627832,12.0,PG,Point of Attack,0.9,Joseph 29' 3PT Pullup Jump Shot (6 PTS),,,,DET,1610612765.0,
Shot Chart Detail,22100633,486,0,Opponent,1610612761,Toronto Raptors,3,3,18,Made Shot,Driving Layup Shot,,In The Paint (Non-RA),Center(C),Less Than 8 ft.,5,-6,56,1,1,20220114,DET,TOR,22100633486,|1627783|1627832|1628384|1628449|1630551,1,REG,,,2022,1630551,14.0,SF,Helper,-0.61,Cunningham 6' Driving Layup (15 PTS) (Joseph 1 AST),,,,DET,1610612765.0,202709.0
Shot Chart Detail,22100633,490,0,Opponent,1610612761,Toronto Raptors,3,2,43,Missed Shot,Jump Shot,,Mid-Range,Center(C),16-24 ft.,18,-45,176,1,0,20220114,DET,TOR,22100633490,|1627783|1627832|1628384|1628449|1630551,0,REG,,,2022,1628384,12.0,SF,Wing Stopper,1.03,MISS Joseph 18' Jump Shot,,,,DET,1610612765.0,
Shot Chart Detail,22100633,494,0,Opponent,1610612761,Toronto Raptors,3,2,25,Made Shot,Running Finger Roll Layup Shot,,Restricted Area,Center(C),Less Than 8 ft.,3,34,11,1,1,20220114,DET,TOR,22100633494,|1627783|1627832|1628384|1628449|1630551,0,REG,,,2022,1628449|1627783,14.0,,,,,,,,DET,1610612765.0,
Shot Chart Detail,22100633,504,0,Opponent,1610612761,Toronto Raptors,3,1,52,Made Shot,Alley Oop Layup shot,,Restricted Area,Center(C),Less Than 8 ft.,3,34,17,1,1,20220114,DET,TOR,22100633504,|1627832|1628384|1628449|1630551|1630567,1,REG,,,2022,1627832,16.0,PG,Point of Attack,0.9,Jackson 4' Alley Oop Layup (9 PTS) (Joseph 2 AST),,,,DET,1610612765.0,202709.0
Shot Chart Detail,22100633,511,0,Opponent,1610612761,Toronto Raptors,3,1,22,Missed Shot,Jump Shot,,Above the Break 3,Left Side Center(LC),24+ ft.,25,-148,211,1,0,20220114,DET,TOR,22100633511,|1627832|1628384|1628449|1630551|1630567,0,REG,,,2022,1628384,17.0,SF,Wing Stopper,1.03,MISS Jackson 26' 3PT Jump Shot,,,,DET,1610612765.0,
Shot Chart Detail,22100633,515,0,Opponent,1610612761,Toronto Raptors,3,0,53,Made Shot,Driving Floating Jump Shot,,In The Paint (Non-RA),Center(C),Less Than 8 ft.,6,8,60,1,1,20220114,DET,TOR,22100633515,|1627832|1628384|1628449|1630551|1630567,1,REG,,,2022,1628449|1627832,17.0,,,,,,,,DET,1610612765.0,1630240.0
Shot Chart Detail,22100633,533,0,Opponent,1610612761,Toronto Raptors,4,11,38,Made Shot,Jump Shot,,Above the Break 3,Center(C),24+ ft.,28,34,281,1,1,20220114,DET,TOR,22100633533,|1627783|1627832|1628449|1629139|1630567,1,REG,,,2022,1630567,20.0,PF,Helper,0.63,Jackson 28' 3PT Jump Shot (13 PTS) (Lee 2 AST),,,,DET,1610612765.0,1630240.0
Shot Chart Detail,22100633,536,0,Opponent,1610612761,Toronto Raptors,4,10,59,Made Shot,Jump Shot,,Left Corner 3,Left Side(L),24+ ft.,23,-235,-17,1,1,20220114,DET,TOR,22100633536,|1627783|1627832|1628449|1629139|1630567,1,REG,,,2022,1627832,21.0,PG,Point of Attack,0.9,Joseph 24' 3PT Jump Shot (9 PTS) (Lee 3 AST),,,,DET,1610612765.0,1630240.0
Shot Chart Detail,22100633,544,0,Opponent,1610612761,Toronto Raptors,4,10,12,Missed Shot,Jump Shot,,In The Paint (Non-RA),Center(C),Less Than 8 ft.,7,-27,68,1,0,20220114,DET,TOR,22100633544,|1627783|1627832|1628449|1629139|1630567,0,REG,,,2022,1628449,19.0,SF,Helper,0.4,MISS Jackson 7' Jump Shot,,,,DET,1610612765.0,
Shot Chart Detail,22100633,555,0,Opponent,1610612761,Toronto Raptors,4,8,55,Missed Shot,Driving Finger Roll Layup Shot,,Restricted Area,Center(C),Less Than 8 ft.,1,12,12,1,0,20220114,DET,TOR,22100633555,|1627783|1627832|1628449|1629139|1630567,0,REG,,,2022,1629139,19.0,SF,Helper,0.1,MISS Lee 2' Driving Finger Roll Layup,,,,DET,1610612765.0,
Shot Chart Detail,22100633,559,0,Opponent,1610612761,Toronto Raptors,4,8,23,Missed Shot,Jump Shot,,Right Corner 3,Right Side(R),24+ ft.,22,227,35,1,0,20220114,DET,TOR,22100633559,|1627783|1627832|1628449|1629139|1630567,0,REG,,,2022,1630567,19.0,PF,Helper,0.63,MISS Stanley 3PT Jump Shot,,,,DET,1610612765.0,
Shot Chart Detail,22100633,567,0,Opponent,1610612761,Toronto Raptors,4,7,57,Missed Shot,Driving Layup Shot,,In The Paint (Non-RA),Center(C),Less Than 8 ft.,5,47,34,1,0,20220114,DET,TOR,22100633567,|1627783|1627832|1628449|1630173|1630567,0,REG,,,2022,1630173,19.0,C,Mobile Big,0.24,MISS Lee 6' Driving Layup,,,,DET,1610612765.0,
Shot Chart Detail,22100633,571,0,Opponent,1610612761,Toronto Raptors,4,7,25,Missed Shot,Pullup Jump shot,,Mid-Range,Center(C),16-24 ft.,18,-49,179,1,0,20220114,DET,TOR,22100633571,|1627783|1627832|1628449|1630173|1630567,0,REG,,,2022,1630173,19.0,C,Mobile Big,0.24,MISS Jackson 19' Pullup Jump Shot,,,,DET,1610612765.0,
Shot Chart Detail,22100633,585,0,Opponent,1610612761,Toronto Raptors,4,6,19,Missed Shot,Driving Finger Roll Layup Shot,,In The Paint (Non-RA),Center(C),Less Than 8 ft.,4,27,37,1,0,20220114,DET,TOR,22100633585,|1627783|1627832|1628449|1630173|1630567,0,REG,,,2022,1627783,16.0,PF,Helper,0.72,MISS Joseph 5' Driving Finger Roll Layup,,,,DET,1610612765.0,
Shot Chart Detail,22100633,589,0,Opponent,1610612761,Toronto Raptors,4,5,45,Missed Shot,Floating Jump shot,,Mid-Range,Center(C),8-16 ft.,14,-26,146,1,0,20220114,DET,TOR,22100633589,|1627783|1627832|1628449|1630173|1630567,0,REG,,,2022,1630173,16.0,C,Mobile Big,0.24,MISS Bey 15' Floating Jump Shot,,,,DET,1610612765.0,
Shot Chart Detail,22100633,598,0,Opponent,1610612761,Toronto Raptors,4,5,15,Missed Shot,Floating Jump shot,,Mid-Range,Right Side(R),8-16 ft.,9,92,21,1,0,20220114,DET,TOR,22100633598,|1627783|1627832|1628384|1630173|1630567,0,REG,,,2022,1628384,13.0,SF,Wing Stopper,1.03,MISS Hayes 9' Floating Jump Shot,,,,DET,1610612765.0,
Shot Chart Detail,22100633,620,0,Opponent,1610612761,Toronto Raptors,4,3,51,Missed Shot,Jump Shot,,Above the Break 3,Right Side Center(RC),24+ ft.,26,150,215,1,0,20220114,DET,TOR,22100633620,|1627783|1627832|1628384|1630173|1630567,0,REG,,,2022,,,,,,,,,,DET,1610612765.0,
Shot Chart Detail,22100633,626,0,Opponent,1610612761,Toronto Raptors,4,3,14,Made Shot,Driving Floating Bank Jump Shot,,Restricted Area,Center(C),Less Than 8 ft.,2,-18,20,1,1,20220114,DET,TOR,22100633626,|1627783|1627832|1628384|1630173|1630567,0,REG,,,2022,1627783,10.0,PF,Helper,0.72,Hayes 3' Driving Floating Bank Jump Shot (5 PTS),,,,DET,1610612765.0,
Shot Chart Detail,22100633,631,0,Opponent,1610612761,Toronto Raptors,4,2,41,Made Shot,Jump Shot,,Left Corner 3,Left Side(L),24+ ft.,22,-225,5,1,1,20220114,DET,TOR,22100633631,|1627783|1627832|1628384|1630173|1630567,1,REG,,,2022,1627783,11.0,PF,Helper,0.72,Cunningham 3PT Jump Shot (18 PTS) (Joseph 3 AST),,,,DET,1610612765.0,202709.0
Shot Chart Detail,22100633,643,0,Opponent,1610612761,Toronto Raptors,4,1,30,Missed Shot,Layup Shot,,In The Paint (Non-RA),Center(C),Less Than 8 ft.,5,42,35,1,0,20220114,DET,TOR,22100633643,|1627783|1627832|1628384|1630173|1630567,0,REG,,,2022,1630173,13.0,C,Mobile Big,0.24,MISS Diallo 5' Layup,,,,DET,1610612765.0,
Shot Chart Detail,22100633,667,0,Opponent,1610612761,Toronto Raptors,4,0,52,Missed Shot,Pullup Jump shot,,Mid-Range,Right Side Center(RC),16-24 ft.,20,107,169,1,0,20220114,DET,TOR,22100633667,|1628449|1629004|1629139|1630201|1630625,0,REG,,,2022,1628449,11.0,SF,Helper,0.4,MISS Cunningham 20' Pullup Jump Shot,,,,DET,1610612765.0,
Shot Chart Detail,22100633,669,0,Opponent,1610612761,Toronto Raptors,4,0,49,Made Shot,Putback Dunk Shot,,Restricted Area,Center(C),Less Than 8 ft.,0,0,0,1,1,20220114,DET,TOR,22100633669,|1628449|1629004|1629139|1630201|1630625,0,REG,,,2022,1629139,13.0,SF,Helper,0.1,Diallo Putback Dunk (18 PTS),,,,DET,1610612765.0,
Shot Chart Detail,22100633,673,0,Opponent,1610612761,Toronto Raptors,4,0,10,Missed Shot,Driving Reverse Layup Shot,,In The Paint (Non-RA),Center(C),Less Than 8 ft.,4,-39,15,1,0,20220114,DET,TOR,22100633673,|1628449|1629004|1629139|1630201|1630625,0,REG,,,2022,1629139,13.0,SF,Helper,0.1,MISS Cunningham 4' Driving Reverse Layup,,,,DET,1610612765.0,
Shot Chart Detail,22100633,677,0,Opponent,1610612761,Toronto Raptors,4,0,6,Made Shot,Step Back Jump shot,,Left Corner 3,Left Side(L),24+ ft.,22,-222,29,1,1,20220114,DET,TOR,22100633677,|1628449|1629004|1629139|1630201|1630625,1,REG,,,2022,1629004,16.0,SF,Chaser,-0.31,Bey 3PT Step Back Jump Shot (15 PTS) (Joseph 4 AST),,,,DET,1610612765.0,202709.0
Shot Chart Detail,22100641,9,0,Opponent,1610612761,Toronto Raptors,1,11,21,Made Shot,Jump Shot,,Above the Break 3,Right Side Center(RC),24+ ft.,26,196,178,1,1,20220115,MIL,TOR,221006419,|1627783|1627832|1628384|1629139|1630173,1,REG,,,2022,1627832,3.0,PG,Point of Attack,0.9,Portis 26' 3PT Jump Shot (3 PTS) (Middleton 1 AST),,,,MIL,1610612749.0,203114.0
Shot Chart Detail,22100641,13,0,Opponent,1610612761,Toronto Raptors,1,10,54,Missed Shot,Pullup Jump shot,,Mid-Range,Center(C),16-24 ft.,17,-51,172,1,0,20220115,MIL,TOR,2210064113,|1627783|1627832|1628384|1629139|1630173,0,REG,,,2022,1628384,1.0,SF,Wing Stopper,1.03,MISS G. Antetokounmpo 18' Pullup Jump Shot,,,,MIL,1610612749.0,
Shot Chart Detail,22100641,17,0,Opponent,1610612761,Toronto Raptors,1,10,31,Missed Shot,Jump Shot,,Above the Break 3,Center(C),24+ ft.,25,-4,253,1,0,20220115,MIL,TOR,2210064117,|1627783|1627832|1628384|1629139|1630173,0,REG,,,2022,1627832,1.0,PG,Point of Attack,0.9,MISS Matthews 25' 3PT Jump Shot,,,,MIL,1610612749.0,
Shot Chart Detail,22100641,21,0,Opponent,1610612761,Toronto Raptors,1,10,0,Made Shot,Jump Shot,,Above the Break 3,Right Side Center(RC),24+ ft.,28,129,250,1,1,20220115,MIL,TOR,2210064121,|1627783|1627832|1628384|1629139|1630173,1,REG,,,2022,1630173,4.0,C,Mobile Big,0.24,Middleton 28' 3PT Jump Shot (3 PTS) (G. Antetokounmpo 1 AST),,,,MIL,1610612749.0,203507.0
Shot Chart Detail,22100641,25,0,Opponent,1610612761,Toronto Raptors,1,9,41,Made Shot,Running Pull-Up Jump Shot,,In The Paint (Non-RA),Center(C),Less Than 8 ft.,4,-28,32,1,1,20220115,MIL,TOR,2210064125,|1627783|1627832|1628384|1629139|1630173,0,REG,,,2022,1627783,6.0,PF,Helper,0.72,G. Antetokounmpo 4' Running Pull-Up Jump Shot (2 PTS),,,,MIL,1610612749.0,
Shot Chart Detail,22100641,31,0,Opponent,1610612761,Toronto Raptors,1,9,12,Missed Shot,Driving Floating Jump Shot,,In The Paint (Non-RA),Center(C),Less Than 8 ft.,4,-6,40,1,0,20220115,MIL,TOR,2210064131,|1627783|1627832|1628384|1629139|1630173,0,REG,,,2022,1630173,7.0,C,Mobile Big,0.24,MISS G. Antetokounmpo 4' Driving Floating Jump Shot,,,,MIL,1610612749.0,
Shot Chart Detail,22100641,35,0,Opponent,1610612761,Toronto Raptors,1,9,10,Made Shot,Cutting Layup Shot,,Restricted Area,Center(C),Less Than 8 ft.,2,4,22,1,1,20220115,MIL,TOR,2210064135,|1627783|1627832|1628384|1629139|1630173,1,REG,,,2022,1629139,9.0,SF,Helper,0.1,Allen 2' Cutting Layup Shot (2 PTS) (Middleton 2 AST),,,,MIL,1610612749.0,203114.0
Shot Chart Detail,22100641,45,0,Opponent,1610612761,Toronto Raptors,1,8,38,Made Shot,Driving Finger Roll Layup Shot,,Restricted Area,Center(C),Less Than 8 ft.,2,13,19,1,1,20220115,MIL,TOR,2210064145,|1627783|1627832|1628384|1629139|1630173,0,REG,,,2022,1629139,11.0,SF,Helper,0.1,Allen 2' Driving Finger Roll Layup (4 PTS),,,,MIL,1610612749.0,
Shot Chart Detail,22100641,48,0,Opponent,1610612761,Toronto Raptors,1,8,6,Made Shot,Jump Shot,,Left Corner 3,Left Side(L),24+ ft.,23,-234,9,1,1,20220115,MIL,TOR,2210064148,|1627783|1627832|1628384|1629139|1630173,1,REG,,,2022,1629139,14.0,SF,Helper,0.1,Allen 3PT Jump Shot (7 PTS) (Matthews 1 AST),,,,MIL,1610612749.0,202083.0
Shot Chart Detail,22100641,61,0,Opponent,1610612761,Toronto Raptors,1,7,21,Missed Shot,Jump Shot,,Right Corner 3,Right Side(R),24+ ft.,24,240,52,1,0,20220115,MIL,TOR,2210064161,|1627783|1627832|1628384|1630173|1630551,0,REG,,,2022,1627832,13.0,PG,Point of Attack,0.9,MISS Matthews 25' 3PT Jump Shot,,,,MIL,1610612749.0,
Shot Chart Detail,22100641,65,0,Opponent,1610612761,Toronto Raptors,1,7,2,Missed Shot,Driving Layup Shot,,Restricted Area,Center(C),Less Than 8 ft.,2,-20,20,1,0,20220115,MIL,TOR,2210064165,|1627783|1627832|1628384|1630173|1630551,0,REG,,,2022,1627783,13.0,PF,Helper,0.72,MISS G. Antetokounmpo 3' Driving Layup,,,,MIL,1610612749.0,
Shot Chart Detail,22100641,74,0,Opponent,1610612761,Toronto Raptors,1,6,29,Made Shot,Jump Shot,,Above the Break 3,Left Side Center(LC),24+ ft.,26,-179,199,1,1,20220115,MIL,TOR,2210064174,|1627783|1627832|1628384|1628449|1630551,1,REG,,,2022,1627783,14.0,PF,Helper,0.72,Allen 27' 3PT Jump Shot (10 PTS) (G. Antetokounmpo 2 AST),,,,MIL,1610612749.0,203507.0
Shot Chart Detail,22100641,78,0,Opponent,1610612761,Toronto Raptors,1,6,7,Missed Shot,Jump Shot,,Above the Break 3,Left Side Center(LC),24+ ft.,25,-163,193,1,0,20220115,MIL,TOR,2210064178,|1627783|1627832|1628384|1628449|1630551,0,REG,,,2022,1627783,14.0,PF,Helper,0.72,MISS Matthews 25' 3PT Jump Shot,,,,MIL,1610612749.0,
Shot Chart Detail,22100641,83,0,Opponent,1610612761,Toronto Raptors,1,5,32,Made Shot,Turnaround Hook Shot,,In The Paint (Non-RA),Center(C),Less Than 8 ft.,4,13,47,1,1,20220115,MIL,TOR,2210064183,|1627783|1627832|1628384|1628449|1630551,0,REG,,,2022,1628449,14.0,SF,Helper,0.4,Portis 5' Turnaround Hook Shot (5 PTS),,,,MIL,1610612749.0,
Shot Chart Detail,22100641,100,0,Opponent,1610612761,Toronto Raptors,1,4,52,Missed Shot,Jump Shot,,Above the Break 3,Right Side Center(RC),24+ ft.,31,154,273,1,0,20220115,MIL,TOR,22100641100,|1627783|1627832|1628449|1629139|1630551,0,REG,,,2022,1627832|1627783,12.0,,,,,,,,MIL,1610612749.0,
Shot Chart Detail,22100641,110,0,Opponent,1610612761,Toronto Raptors,1,4,25,Missed Shot,Layup Shot,,Restricted Area,Center(C),Less Than 8 ft.,3,-2,32,1,0,20220115,MIL,TOR,22100641110,|1627783|1627832|1628449|1629139|1630551,0,REG,,,2022,1627783,10.0,PF,Helper,0.72,MISS Hill 3' Layup,,,,MIL,1610612749.0,
Shot Chart Detail,22100641,137,0,Opponent,1610612761,Toronto Raptors,1,3,4,Missed Shot,Jump Shot,,Above the Break 3,Right Side Center(RC),24+ ft.,25,235,88,1,0,20220115,MIL,TOR,22100641137,|1627832|1628384|1628449|1630173|1630551,0,REG,,,2022,1627832,9.0,PG,Point of Attack,0.9,MISS DiVincenzo 25' 3PT Jump Shot,,,,MIL,1610612749.0,
Shot Chart Detail,22100641,145,0,Opponent,1610612761,Toronto Raptors,1,2,34,Missed Shot,Driving Layup Shot,,In The Paint (Non-RA),Center(C),Less Than 8 ft.,5,36,38,1,0,20220115,MIL,TOR,22100641145,|1627832|1628384|1628449|1630173|1630551,0,REG,,,2022,1627832,7.0,PG,Point of Attack,0.9,MISS Hill 5' Driving Layup,,,,MIL,1610612749.0,
Shot Chart Detail,22100641,158,0,Opponent,1610612761,Toronto Raptors,1,1,38,Made Shot,Jump Shot,,Above the Break 3,Center(C),24+ ft.,26,-6,269,1,1,20220115,MIL,TOR,22100641158,|1627832|1628384|1628449|1630173|1630551,1,REG,,,2022,,,,,,,,,,MIL,1610612749.0,201588.0
Shot Chart Detail,22100641,174,0,Opponent,1610612761,Toronto Raptors,1,0,30,Missed Shot,Jump Shot,,Above the Break 3,Left Side Center(LC),24+ ft.,25,-123,220,1,0,20220115,MIL,TOR,22100641174,|1627783|1628384|1629004|1630173|1630551,0,REG,,,2022,1630173,9.0,C,Mobile Big,0.24,MISS DiVincenzo 25' 3PT Jump Shot,,,,MIL,1610612749.0,
Shot Chart Detail,22100641,176,0,Opponent,1610612761,Toronto Raptors,1,0,25,Missed Shot,Tip Layup Shot,,Restricted Area,Center(C),Less Than 8 ft.,0,0,0,1,0,20220115,MIL,TOR,22100641176,|1627783|1628384|1629004|1630173|1630551,0,REG,,,2022,1627783|1630173,9.0,,,,,,,,MIL,1610612749.0,
Shot Chart Detail,22100641,191,0,Opponent,1610612761,Toronto Raptors,2,11,55,Made Shot,Cutting Layup Shot,,Restricted Area,Center(C),Less Than 8 ft.,2,-1,21,1,1,20220115,MIL,TOR,22100641191,|1627783|1628384|1629004|1630173|1630551,1,REG,,,2022,1630173,11.0,C,Mobile Big,0.24,Portis 2' Cutting Layup Shot (8 PTS) (G. Antetokounmpo 3 AST),,,,MIL,1610612749.0,203507.0
Shot Chart Detail,22100641,195,0,Opponent,1610612761,Toronto Raptors,2,11,11,Missed Shot,Pullup Jump shot,,Mid-Range,Center(C),16-24 ft.,16,12,169,1,0,20220115,MIL,TOR,22100641195,|1627783|1628384|1629004|1630173|1630551,0,REG,,,2022,1630551,9.0,SF,Helper,-0.61,MISS Hood 17' Pullup Jump Shot,,,,MIL,1610612749.0,
Shot Chart Detail,22100641,198,0,Opponent,1610612761,Toronto Raptors,2,10,34,Made Shot,Jump Shot,,Above the Break 3,Center(C),24+ ft.,27,83,260,1,1,20220115,MIL,TOR,22100641198,|1627783|1628384|1629004|1630173|1630551,0,REG,,,2022,1628384,10.0,SF,Wing Stopper,1.03,Middleton 27' 3PT Jump Shot (8 PTS),,,,MIL,1610612749.0,
Shot Chart Detail,22100641,201,0,Opponent,1610612761,Toronto Raptors,2,10,0,Made Shot,Cutting Layup Shot,,Restricted Area,Center(C),Less Than 8 ft.,0,-1,9,1,1,20220115,MIL,TOR,22100641201,|1627783|1628384|1629004|1630173|1630551,1,REG,,,2022,1630551|1628384,10.0,,,,,,,,MIL,1610612749.0,203114.0
Shot Chart Detail,22100641,214,0,Opponent,1610612761,Toronto Raptors,2,9,13,Missed Shot,Jump Shot,,Above the Break 3,Left Side Center(LC),24+ ft.,26,-112,237,1,0,20220115,MIL,TOR,22100641214,|1627783|1627832|1629004|1630173|1630551,0,REG,,,2022,1630551,10.0,SF,Helper,-0.61,MISS Allen 26' 3PT Jump Shot,,,,MIL,1610612749.0,
Shot Chart Detail,22100641,218,0,Opponent,1610612761,Toronto Raptors,2,8,39,Missed Shot,Jump Shot,,Above the Break 3,Left Side Center(LC),24+ ft.,26,-145,224,1,0,20220115,MIL,TOR,22100641218,|1627783|1627832|1629004|1630173|1630551,0,REG,,,2022,1629004,7.0,SF,Chaser,-0.31,MISS Hood 27' 3PT Jump Shot,,,,MIL,1610612749.0,
Shot Chart Detail,22100641,226,0,Opponent,1610612761,Toronto Raptors,2,8,9,Made Shot,Floating Jump shot,,In The Paint (Non-RA),Center(C),8-16 ft.,12,34,116,1,1,20220115,MIL,TOR,22100641226,|1627783|1627832|1628449|1629004|1630173,1,REG,,,2022,1628449,7.0,SF,Helper,0.4,Portis 12' Floating Jump Shot (10 PTS) (Allen 1 AST),,,,MIL,1610612749.0,1628960.0
Shot Chart Detail,22100641,230,0,Opponent,1610612761,Toronto Raptors,2,7,41,Missed Shot,Cutting Layup Shot,,In The Paint (Non-RA),Center(C),Less Than 8 ft.,5,11,53,1,0,20220115,MIL,TOR,22100641230,|1627783|1627832|1628449|1629004|1630173,0,REG,,,2022,1627832|1627783,4.0,,,,,,,,MIL,1610612749.0,
Shot Chart Detail,22100641,233,0,Opponent,1610612761,Toronto Raptors,2,7,27,Missed Shot,Jump Shot,,Above the Break 3,Left Side Center(LC),24+ ft.,24,-161,190,1,0,20220115,MIL,TOR,22100641233,|1627783|1627832|1628449|1629004|1630173,0,REG,,,2022,1627783,4.0,PF,Helper,0.72,MISS Matthews 25' 3PT Jump Shot,,,,MIL,1610612749.0,
Shot Chart Detail,22100641,235,0,Opponent,1610612761,Toronto Raptors,2,7,17,Missed Shot,Jump Shot,,Above the Break 3,Right Side Center(RC),24+ ft.,25,228,124,1,0,20220115,MIL,TOR,22100641235,|1627783|1627832|1628449|1629004|1630173,0,REG,,,2022,1627783,4.0,PF,Helper,0.72,MISS Portis 26' 3PT Jump Shot,,,,MIL,1610612749.0,
Shot Chart Detail,22100641,256,0,Opponent,1610612761,Toronto Raptors,2,6,28,Made Shot,Jump Shot,,Above the Break 3,Right Side Center(RC),24+ ft.,26,129,237,1,1,20220115,MIL,TOR,22100641256,|1627783|1627832|1628449|1629004|1630173,1,REG,,,2022,1627832,7.0,PG,Point of Attack,0.9,Allen 27' 3PT Jump Shot (13 PTS) (DiVincenzo 1 AST),,,,MIL,1610612749.0,1628978.0
Shot Chart Detail,22100641,261,0,Opponent,1610612761,Toronto Raptors,2,5,38,Missed Shot,Driving Layup Shot,,Restricted Area,Center(C),Less Than 8 ft.,2,-2,29,1,0,20220115,MIL,TOR,22100641261,|1627783|1627832|1628449|1629004|1630173,0,REG,,,2022,1629004,5.0,SF,Chaser,-0.31,MISS Middleton 3' Driving Layup,,,,MIL,1610612749.0,
Shot Chart Detail,22100641,273,0,Opponent,1610612761,Toronto Raptors,2,5,18,Missed Shot,Pullup Jump shot,,In The Paint (Non-RA),Center(C),8-16 ft.,11,-1,119,1,0,20220115,MIL,TOR,22100641273,|1627832|1628384|1628449|1630173|1630551,0,REG,,,2022,1628384,5.0,SF,Wing Stopper,1.03,MISS Middleton 12' Pullup Jump Shot,,,,MIL,1610612749.0,
Shot Chart Detail,22100641,280,0,Opponent,1610612761,Toronto Raptors,2,4,52,Made Shot,Running Dunk Shot,,Restricted Area,Center(C),Less Than 8 ft.,1,0,15,1,1,20220115,MIL,TOR,22100641280,|1627832|1628384|1628449|1630173|1630551,1,REG,,,2022,1630551,7.0,SF,Helper,-0.61,Allen 2' Running Dunk (15 PTS) (DiVincenzo 2 AST),,,,MIL,1610612749.0,1628978.0
Shot Chart Detail,22100641,288,0,Opponent,1610612761,Toronto Raptors,2,4,27,Missed Shot,Jump Shot,,Above the Break 3,Right Side Center(RC),24+ ft.,27,134,237,1,0,20220115,MIL,TOR,22100641288,|1627832|1628384|1628449|1630173|1630551,0,REG,,,2022,1630173,6.0,C,Mobile Big,0.24,MISS Allen 27' 3PT Jump Shot,,,,MIL,1610612749.0,
Shot Chart Detail,22100641,309,0,Opponent,1610612761,Toronto Raptors,2,3,26,Made Shot,Cutting Layup Shot,,Restricted Area,Center(C),Less Than 8 ft.,1,2,16,1,1,20220115,MIL,TOR,22100641309,|1627783|1627832|1628384|1628449|1630551,1,REG,,,2022,1627832,9.0,PG,Point of Attack,0.9,Hill 2' Cutting Layup Shot (2 PTS) (DiVincenzo 3 AST),,,,MIL,1610612749.0,1628978.0
Shot Chart Detail,22100641,322,0,Opponent,1610612761,Toronto Raptors,2,2,7,Missed Shot,Pullup Jump shot,,Above the Break 3,Left Side Center(LC),24+ ft.,26,-96,243,1,0,20220115,MIL,TOR,22100641322,|1627783|1627832|1628384|1628449|1630551,0,REG,,,2022,1628384,4.0,SF,Wing Stopper,1.03,MISS Middleton 26' 3PT Pullup Jump Shot,,,,MIL,1610612749.0,
Shot Chart Detail,22100641,325,0,Opponent,1610612761,Toronto Raptors,2,1,34,Missed Shot,Fadeaway Jump Shot,,In The Paint (Non-RA),Center(C),8-16 ft.,15,-70,134,1,0,20220115,MIL,TOR,22100641325,|1627783|1627832|1628384|1628449|1630551,0,REG,,,2022,1627783,2.0,PF,Helper,0.72,MISS G. Antetokounmpo 15' Fadeaway Jumper,,,,MIL,1610612749.0,
Shot Chart Detail,22100641,348,0,Opponent,1610612761,Toronto Raptors,2,0,38,Made Shot,Jump Shot,,Above the Break 3,Right Side Center(RC),24+ ft.,26,167,201,1,1,20220115,MIL,TOR,22100641348,|1627783|1627832|1628384|1628449|1630551,1,REG,,,2022,1628384,3.0,SF,Wing Stopper,1.03,Connaughton 26' 3PT Jump Shot (3 PTS) (G. Antetokounmpo 4 AST),,,,MIL,1610612749.0,203507.0
Shot Chart Detail,22100641,352,0,Opponent,1610612761,Toronto Raptors,2,0,17,Missed Shot,Running Layup Shot,,Restricted Area,Center(C),Less Than 8 ft.,2,12,26,1,0,20220115,MIL,TOR,22100641352,|1627783|1627832|1628384|1628449|1630551,0,REG,,,2022,1627832,3.0,PG,Point of Attack,0.9,MISS Hill 3' Running Layup,,,,MIL,1610612749.0,
Shot Chart Detail,22100641,355,0,Opponent,1610612761,Toronto Raptors,2,0,1,Missed Shot,Pullup Jump shot,,Mid-Range,Right Side(R),16-24 ft.,18,179,56,1,0,20220115,MIL,TOR,22100641355,|1627783|1627832|1628384|1628449|1630551,0,REG,,,2022,1630551,3.0,SF,Helper,-0.61,MISS Allen 19' Pullup Jump Shot,,,,MIL,1610612749.0,
Shot Chart Detail,22100641,357,0,Opponent,1610612761,Toronto Raptors,2,0,0,Missed Shot,Putback Layup Shot,,In The Paint (Non-RA),Center(C),8-16 ft.,15,72,132,1,0,20220115,MIL,TOR,22100641357,|1627783|1627832|1628384|1628449|1630551,0,REG,,,2022,1630551|1627783,3.0,,,,,,,,MIL,1610612749.0,
Shot Chart Detail,22100641,368,0,Opponent,1610612761,Toronto Raptors,3,11,50,Missed Shot,Driving Floating Jump Shot,,In The Paint (Non-RA),Center(C),8-16 ft.,8,-39,74,1,0,20220115,MIL,TOR,22100641368,|1627783|1627832|1628384|1628449|1630173,0,REG,,,2022,1628384,3.0,SF,Wing Stopper,1.03,MISS G. Antetokounmpo 8' Driving Floating Jump Shot,,,,MIL,1610612749.0,
Shot Chart Detail,22100641,372,0,Opponent,1610612761,Toronto Raptors,3,11,16,Made Shot,Driving Floating Jump Shot,,In The Paint (Non-RA),Center(C),8-16 ft.,9,34,88,1,1,20220115,MIL,TOR,22100641372,|1627783|1627832|1628384|1628449|1630173,0,REG,,,2022,1628384|1627783,5.0,,,,,,,,MIL,1610612749.0,
Shot Chart Detail,22100641,386,0,Opponent,1610612761,Toronto Raptors,3,10,42,Missed Shot,Layup Shot,,Restricted Area,Center(C),Less Than 8 ft.,3,5,38,1,0,20220115,MIL,TOR,22100641386,|1627783|1627832|1628384|1628449|1630173,0,REG,,,2022,1628384,6.0,SF,Wing Stopper,1.03,MISS Middleton 4' Layup,,,,MIL,1610612749.0,
Shot Chart Detail,22100641,391,0,Opponent,1610612761,Toronto Raptors,3,10,10,Missed Shot,Layup Shot,,Restricted Area,Center(C),Less Than 8 ft.,3,-11,37,1,0,20220115,MIL,TOR,22100641391,|1627783|1627832|1628384|1628449|1630173,0,REG,,,2022,1628384,4.0,SF,Wing Stopper,1.03,MISS G. Antetokounmpo 4' Layup,,,,MIL,1610612749.0,
Shot Chart Detail,22100641,397,0,Opponent,1610612761,Toronto Raptors,3,9,40,Missed Shot,Jump Shot,,Left Corner 3,Left Side(L),24+ ft.,23,-232,2,1,0,20220115,MIL,TOR,22100641397,|1627783|1627832|1628384|1628449|1630173,0,REG,,,2022,,,,,,,,,,MIL,1610612749.0,
Shot Chart Detail,22100641,403,0,Opponent,1610612761,Toronto Raptors,3,9,1,Missed Shot,Jump Shot,,Above the Break 3,Left Side Center(LC),24+ ft.,28,-192,217,1,0,20220115,MIL,TOR,22100641403,|1627783|1627832|1628384|1628449|1630173,0,REG,,,2022,1630173,-1.0,C,Mobile Big,0.24,MISS G. Antetokounmpo 29' 3PT Jump Shot,,,,MIL,1610612749.0,
Shot Chart Detail,22100641,415,0,Opponent,1610612761,Toronto Raptors,3,7,59,Missed Shot,Jump Shot,,Above the Break 3,Left Side Center(LC),24+ ft.,26,-153,220,1,0,20220115,MIL,TOR,22100641415,|1627783|1627832|1628384|1628449|1630173,0,REG,,,2022,1630173,-1.0,C,Mobile Big,0.24,MISS Portis 27' 3PT Jump Shot,,,,MIL,1610612749.0,
Shot Chart Detail,22100641,419,0,Opponent,1610612761,Toronto Raptors,3,7,42,Missed Shot,Running Layup Shot,,Restricted Area,Center(C),Less Than 8 ft.,1,-10,12,1,0,20220115,MIL,TOR,22100641419,|1627783|1627832|1628384|1628449|1630173,0,REG,,,2022,1627832|1627783|1630173,-1.0,,,,,,,,MIL,1610612749.0,
Shot Chart Detail,22100641,424,0,Opponent,1610612761,Toronto Raptors,3,7,21,Made Shot,Jump Shot,,Right Corner 3,Right Side(R),24+ ft.,23,232,-3,1,1,20220115,MIL,TOR,22100641424,|1627783|1627832|1628384|1628449|1630173,1,REG,,,2022,1628449,0.0,SF,Helper,0.4,Matthews 3PT Jump Shot (3 PTS) (Middleton 4 AST),,,,MIL,1610612749.0,203114.0
Shot Chart Detail,22100641,428,0,Opponent,1610612761,Toronto Raptors,3,6,40,Missed Shot,Pullup Jump shot,,Mid-Range,Left Side Center(LC),16-24 ft.,22,-127,184,1,0,20220115,MIL,TOR,22100641428,|1627783|1627832|1628384|1628449|1630173,0,REG,,,2022,1627832,-2.0,PG,Point of Attack,0.9,MISS Middleton 22' Pullup Jump Shot,,,,MIL,1610612749.0,
Shot Chart Detail,22100641,438,0,Opponent,1610612761,Toronto Raptors,3,6,21,Made Shot,Turnaround Fadeaway shot,,Mid-Range,Left Side(L),8-16 ft.,14,-143,37,1,1,20220115,MIL,TOR,22100641438,|1627783|1627832|1628384|1628449|1630173,1,REG,,,2022,1627832|1628384,0.0,,,,,,,,MIL,1610612749.0,201588.0
Shot Chart Detail,22100641,444,0,Opponent,1610612761,Toronto Raptors,3,5,50,Missed Shot,Jump Shot,,Right Corner 3,Right Side(R),24+ ft.,23,230,-9,1,0,20220115,MIL,TOR,22100641444,|1627783|1627832|1628384|1628449|1630173,0,REG,,,2022,,,,,,,,,,MIL,1610612749.0,
Shot Chart Detail,22100641,455,0,Opponent,1610612761,Toronto Raptors,3,5,6,Missed Shot,Jump Shot,,Right Corner 3,Right Side(R),24+ ft.,23,230,-5,1,0,20220115,MIL,TOR,22100641455,|1627783|1627832|1628384|1628449|1630551,0,REG,,,2022,1628449,-3.0,SF,Helper,0.4,MISS Hill 3PT Jump Shot,,,,MIL,1610612749.0,
Shot Chart Detail,22100641,458,0,Opponent,1610612761,Toronto Raptors,3,4,46,Missed Shot,Jump Shot,,Above the Break 3,Left Side Center(LC),24+ ft.,30,-200,226,1,0,20220115,MIL,TOR,22100641458,|1627783|1627832|1628384|1628449|1630551,0,REG,,,2022,1628384,-6.0,SF,Wing Stopper,1.03,MISS DiVincenzo 30' 3PT Jump Shot,,,,MIL,1610612749.0,
Shot Chart Detail,22100641,465,0,Opponent,1610612761,Toronto Raptors,3,4,7,Made Shot,Pullup Jump shot,,Above the Break 3,Center(C),24+ ft.,26,-64,257,1,1,20220115,MIL,TOR,22100641465,|1627783|1627832|1628384|1628449|1630551,0,REG,,,2022,1630551,-3.0,SF,Helper,-0.61,G. Antetokounmpo 26' 3PT Pullup Jump Shot (15 PTS),,,,MIL,1610612749.0,
Shot Chart Detail,22100641,478,0,Opponent,1610612761,Toronto Raptors,3,2,58,Missed Shot,Jump Shot,,Above the Break 3,Right Side Center(RC),24+ ft.,26,110,239,1,0,20220115,MIL,TOR,22100641478,|1627783|1627832|1628449|1630173|1630551,0,REG,,,2022,1630173,-3.0,C,Mobile Big,0.24,MISS Connaughton 26' 3PT Jump Shot,,,,MIL,1610612749.0,
Shot Chart Detail,22100641,490,0,Opponent,1610612761,Toronto Raptors,3,1,57,Made Shot,Jump Shot,,Mid-Range,Center(C),8-16 ft.,15,61,144,1,1,20220115,MIL,TOR,22100641490,|1627783|1627832|1628449|1630173|1630551,1,REG,,,2022,1627832,-2.0,PG,Point of Attack,0.9,Middleton 16' Jump Shot (12 PTS) (Hill 3 AST),,,,MIL,1610612749.0,201588.0
Shot Chart Detail,22100641,510,0,Opponent,1610612761,Toronto Raptors,3,0,23,Missed Shot,Jump Shot,,Left Corner 3,Left Side(L),24+ ft.,24,-241,16,1,0,20220115,MIL,TOR,22100641510,|1627832|1628384|1628449|1630173|1630551,0,REG,,,2022,1630551,-4.0,SF,Helper,-0.61,MISS Middleton 24' 3PT Jump Shot,,,,MIL,1610612749.0,
Shot Chart Detail,22100641,526,0,Opponent,1610612761,Toronto Raptors,4,11,29,Missed Shot,Driving Floating Jump Shot,,In The Paint (Non-RA),Center(C),8-16 ft.,9,-2,91,1,0,20220115,MIL,TOR,22100641526,|1627783|1628384|1628449|1630173|1630551,0,REG,,,2022,1630551,-4.0,SF,Helper,-0.61,MISS Allen 9' Driving Floating Jump Shot,,,,MIL,1610612749.0,
Shot Chart Detail,22100641,537,0,Opponent,1610612761,Toronto Raptors,4,10,29,Missed Shot,Fadeaway Jump Shot,,Mid-Range,Left Side(L),8-16 ft.,15,-94,123,1,0,20220115,MIL,TOR,22100641537,|1627783|1628384|1628449|1630173|1630551,0,REG,,,2022,1627783,-3.0,PF,Helper,0.72,MISS Middleton 15' Fadeaway Jumper,,,,MIL,1610612749.0,
Shot Chart Detail,22100641,541,0,Opponent,1610612761,Toronto Raptors,4,10,7,Missed Shot,Jump Shot,,Above the Break 3,Left Side Center(LC),24+ ft.,27,-163,217,1,0,20220115,MIL,TOR,22100641541,|1627783|1628384|1628449|1630173|1630551,0,REG,,,2022,1630173,-5.0,C,Mobile Big,0.24,MISS Hill 27' 3PT Jump Shot,,,,MIL,1610612749.0,
Shot Chart Detail,22100641,543,0,Opponent,1610612761,Toronto Raptors,4,10,2,Made Shot,Jump Shot,,Above the Break 3,Left Side Center(LC),24+ ft.,26,-230,131,1,1,20220115,MIL,TOR,22100641543,|1627783|1628384|1628449|1630173|1630551,1,REG,,,2022,1627783,-2.0,PF,Helper,0.72,Hill 26' 3PT Jump Shot (5 PTS) (Allen 2 AST),,,,MIL,1610612749.0,1628960.0
Shot Chart Detail,22100641,547,0,Opponent,1610612761,Toronto Raptors,4,9,29,Missed Shot,Jump Shot,,Left Corner 3,Left Side(L),24+ ft.,23,-237,16,1,0,20220115,MIL,TOR,22100641547,|1627783|1628384|1628449|1630173|1630551,0,REG,,,2022,1628449,-2.0,SF,Helper,0.4,MISS Middleton 24' 3PT Jump Shot,,,,MIL,1610612749.0,
Shot Chart Detail,22100641,549,0,Opponent,1610612761,Toronto Raptors,4,9,24,Missed Shot,Tip Layup Shot,,Restricted Area,Center(C),Less Than 8 ft.,0,0,0,1,0,20220115,MIL,TOR,22100641549,|1627783|1628384|1628449|1630173|1630551,0,REG,,,2022,1630173,-2.0,C,Mobile Big,0.24,MISS Portis Tip Layup Shot,,,,MIL,1610612749.0,
Shot Chart Detail,22100641,553,0,Opponent,1610612761,Toronto Raptors,4,8,55,Made Shot,Jump Shot,,Above the Break 3,Left Side Center(LC),24+ ft.,27,-116,252,1,1,20220115,MIL,TOR,22100641553,|1627783|1628384|1628449|1630173|1630551,1,REG,,,2022,1628384,-2.0,SF,Wing Stopper,1.03,Hill 28' 3PT Jump Shot (8 PTS) (Allen 3 AST),,,,MIL,1610612749.0,1628960.0
Shot Chart Detail,22100641,585,0,Opponent,1610612761,Toronto Raptors,4,7,5,Missed Shot,Jump Shot,,Left Corner 3,Left Side(L),24+ ft.,23,-239,-4,1,0,20220115,MIL,TOR,22100641585,|1627832|1628384|1628449|1630173|1630551,0,REG,,,2022,1630173,0.0,C,Mobile Big,0.24,MISS Matthews 24' 3PT Jump Shot,,,,MIL,1610612749.0,
Shot Chart Detail,22100641,613,0,Opponent,1610612761,Toronto Raptors,4,5,6,Made Shot,Driving Layup Shot,,Restricted Area,Center(C),Less Than 8 ft.,2,7,23,1,1,20220115,MIL,TOR,22100641613,|1627783|1627832|1628384|1630173|1630551,1,REG,,,2022,1628384,-1.0,SF,Wing Stopper,1.03,Matthews 2' Driving Layup (5 PTS) (Middleton 5 AST),,,,MIL,1610612749.0,203114.0
Shot Chart Detail,22100641,622,0,Opponent,1610612761,Toronto Raptors,4,4,31,Missed Shot,Jump Shot,,Right Corner 3,Right Side(R),24+ ft.,22,225,-11,1,0,20220115,MIL,TOR,22100641622,|1627783|1627832|1628384|1628449|1630173,0,REG,,,2022,1628449,-1.0,SF,Helper,0.4,MISS Connaughton 3PT Jump Shot,,,,MIL,1610612749.0,
Shot Chart Detail,22100641,624,0,Opponent,1610612761,Toronto Raptors,4,4,27,Missed Shot,Jump Shot,,Above the Break 3,Right Side Center(RC),24+ ft.,28,93,267,1,0,20220115,MIL,TOR,22100641624,|1627783|1627832|1628384|1628449|1630173,0,REG,,,2022,1627783,-1.0,PF,Helper,0.72,MISS G. Antetokounmpo 28' 3PT Jump Shot,,,,MIL,1610612749.0,
Shot Chart Detail,22100641,651,0,Opponent,1610612761,Toronto Raptors,4,3,13,Missed Shot,Driving Layup Shot,,Restricted Area,Center(C),Less Than 8 ft.,3,32,17,1,0,20220115,MIL,TOR,22100641651,|1627783|1627832|1628384|1628449|1630173,0,REG,,,2022,1628384|1630173,-3.0,,,,,,,,MIL,1610612749.0,
Shot Chart Detail,22100641,667,0,Opponent,1610612761,Toronto Raptors,4,1,54,Missed Shot,Driving Floating Jump Shot,,In The Paint (Non-RA),Center(C),Less Than 8 ft.,5,43,28,1,0,20220115,MIL,TOR,22100641667,|1627783|1627832|1628384|1628449|1630173,0,REG,,,2022,1628449|1630173,-6.0,,,,,,,,MIL,1610612749.0,
Shot Chart Detail,22100641,686,0,Opponent,1610612761,Toronto Raptors,4,0,49,Made Shot,Driving Floating Bank Jump Shot,,In The Paint (Non-RA),Left Side(L),8-16 ft.,11,-66,97,1,1,20220115,MIL,TOR,22100641686,|1627783|1627832|1628384|1628449|1630173,0,REG,,,2022,1628384,-6.0,SF,Wing Stopper,1.03,G. Antetokounmpo 12' Driving Floating Bank Jump Shot (27 PTS),,,,MIL,1610612749.0,
Shot Chart Detail,22100641,694,0,Opponent,1610612761,Toronto Raptors,4,0,25,Missed Shot,Jump Shot,,Above the Break 3,Center(C),24+ ft.,26,48,256,1,0,20220115,MIL,TOR,22100641694,|1627783|1627832|1628384|1628449|1630173,0,REG,,,2022,1628384,-7.0,SF,Wing Stopper,1.03,MISS Middleton 26' 3PT Jump Shot,,,,MIL,1610612749.0,
Shot Chart Detail,22100641,712,0,Opponent,1610612761,Toronto Raptors,4,0,10,Missed Shot,Step Back Jump shot,,Above the Break 3,Right Side Center(RC),24+ ft.,25,161,200,1,0,20220115,MIL,TOR,22100641712,|1627783|1627832|1628449|1630173|1630551,0,REG,,,2022,1628449,-7.0,SF,Helper,0.4,MISS Allen 26' 3PT Step Back Jump Shot,,,,MIL,1610612749.0,
Shot Chart Detail,22100662,7,0,Opponent,1610612761,Toronto Raptors,1,11,38,Missed Shot,Driving Floating Jump Shot,,In The Paint (Non-RA),Center(C),8-16 ft.,8,40,77,1,0,20220117,MIA,TOR,221006627,|1627783|1627832|1628384|1630173|1630567,0,REG,,,2022,1627832,0.0,PG,Point of Attack,0.9,MISS Vincent 9' Driving Floating Jump Shot,,,,MIA,1610612748.0,
Shot Chart Detail,22100662,11,0,Opponent,1610612761,Toronto Raptors,1,11,19,Missed Shot,Pullup Jump shot,,Above the Break 3,Right Side Center(RC),24+ ft.,25,233,103,1,0,20220117,MIA,TOR,2210066211,|1627783|1627832|1628384|1630173|1630567,0,REG,,,2022,1630173,0.0,C,Mobile Big,0.24,MISS Butler 25' 3PT Pullup Jump Shot,,,,MIA,1610612748.0,
Shot Chart Detail,22100662,15,0,Opponent,1610612761,Toronto Raptors,1,10,41,Missed Shot,Driving Hook Shot,,In The Paint (Non-RA),Center(C),Less Than 8 ft.,5,-26,50,1,0,20220117,MIA,TOR,2210066215,|1627783|1627832|1628384|1630173|1630567,0,REG,,,2022,1630173,0.0,C,Mobile Big,0.24,MISS Adebayo 6' Driving Hook Shot,,,,MIA,1610612748.0,
Shot Chart Detail,22100662,17,0,Opponent,1610612761,Toronto Raptors,1,10,37,Made Shot,Putback Layup Shot,,Restricted Area,Center(C),Less Than 8 ft.,1,12,9,1,1,20220117,MIA,TOR,2210066217,|1627783|1627832|1628384|1630173|1630567,0,REG,,,2022,1627832,2.0,PG,Point of Attack,0.9,Butler 2' Putback Layup (2 PTS),,,,MIA,1610612748.0,
Shot Chart Detail,22100662,19,0,Opponent,1610612761,Toronto Raptors,1,10,2,Missed Shot,Driving Layup Shot,,In The Paint (Non-RA),Center(C),Less Than 8 ft.,5,-37,40,1,0,20220117,MIA,TOR,2210066219,|1627783|1627832|1628384|1630173|1630567,0,REG,,,2022,1630173,0.0,C,Mobile Big,0.24,MISS Adebayo 5' Driving Layup,,,,MIA,1610612748.0,
Shot Chart Detail,22100662,32,0,Opponent,1610612761,Toronto Raptors,1,9,5,Made Shot,Pullup Jump shot,,Above the Break 3,Center(C),24+ ft.,25,15,256,1,1,20220117,MIA,TOR,2210066232,|1627783|1627832|1628384|1630173|1630567,1,REG,,,2022,1627832|1630567,0.0,,,,,,,,MIA,1610612748.0,1628389.0
Shot Chart Detail,22100662,37,0,Opponent,1610612761,Toronto Raptors,1,8,34,Made Shot,Cutting Layup Shot,,Restricted Area,Center(C),Less Than 8 ft.,1,10,1,1,1,20220117,MIA,TOR,2210066237,|1627783|1627832|1628384|1630173|1630567,1,REG,,,2022,1630567,2.0,PF,Helper,0.63,Robinson 1' Cutting Layup Shot (5 PTS) (Butler 1 AST),,,,MIA,1610612748.0,202710.0
Shot Chart Detail,22100662,50,0,Opponent,1610612761,Toronto Raptors,1,7,14,Made Shot,Pullup Jump shot,,Above the Break 3,Left Side Center(LC),24+ ft.,26,-163,203,1,1,20220117,MIA,TOR,2210066250,|1627783|1627832|1628384|1630173|1630567,1,REG,,,2022,1627832,5.0,PG,Point of Attack,0.9,Vincent 26' 3PT Pullup Jump Shot (3 PTS) (Butler 2 AST),,,,MIA,1610612748.0,202710.0
Shot Chart Detail,22100662,57,0,Opponent,1610612761,Toronto Raptors,1,6,47,Made Shot,Driving Layup Shot,,In The Paint (Non-RA),Center(C),Less Than 8 ft.,6,32,59,1,1,20220117,MIA,TOR,2210066257,|1627783|1627832|1628384|1630173|1630567,0,REG,,,2022,1630173,7.0,C,Mobile Big,0.24,Butler 7' Driving Layup (4 PTS),,,,MIA,1610612748.0,
Shot Chart Detail,22100662,75,0,Opponent,1610612761,Toronto Raptors,1,6,3,Missed Shot,Jump Shot,,Right Corner 3,Right Side(R),24+ ft.,23,229,68,1,0,20220117,MIA,TOR,2210066275,|1627783|1627832|1628384|1628449|1630567,0,REG,,,2022,1627832|1627783,5.0,,,,,,,,MIA,1610612748.0,
Shot Chart Detail,22100662,89,0,Opponent,1610612761,Toronto Raptors,1,5,27,Made Shot,Driving Layup Shot,,Restricted Area,Center(C),Less Than 8 ft.,2,22,14,1,1,20220117,MIA,TOR,2210066289,|1627783|1627832|1628449|1630173|1630567,1,REG,,,2022,1628449|1630567,5.0,,,,,,,,MIA,1610612748.0,1629639.0
Shot Chart Detail,22100662,105,0,Opponent,1610612761,Toronto Raptors,1,4,42,Missed Shot,Layup Shot,,Restricted Area,Center(C),Less Than 8 ft.,2,20,6,1,0,20220117,MIA,TOR,22100662105,|1627783|1627832|1628384|1628449|1630173,0,REG,,,2022,1628384|1627783,4.0,,,,,,,,MIA,1610612748.0,
Shot Chart Detail,22100662,107,0,Opponent,1610612761,Toronto Raptors,1,4,39,Made Shot,Turnaround Fadeaway Bank Jump Shot,,In The Paint (Non-RA),Center(C),Less Than 8 ft.,6,58,30,1,1,20220117,MIA,TOR,22100662107,|1627783|1627832|1628384|1628449|1630173,0,REG,,,2022,1628384|1627783,6.0,,,,,,,,MIA,1610612748.0,
Shot Chart Detail,22100662,110,0,Opponent,1610612761,Toronto Raptors,1,4,0,Made Shot,Jump Shot,,Mid-Range,Left Side(L),16-24 ft.,20,-165,117,1,1,20220117,MIA,TOR,22100662110,|1627783|1627832|1628384|1628449|1630173,1,REG,,,2022,1628449,6.0,SF,Helper,0.4,Martin 20' Jump Shot (2 PTS) (Herro 2 AST),,,,MIA,1610612748.0,1629639.0
Shot Chart Detail,22100662,114,0,Opponent,1610612761,Toronto Raptors,1,3,27,Missed Shot,Jump Shot,,Above the Break 3,Left Side Center(LC),24+ ft.,25,-233,111,1,0,20220117,MIA,TOR,22100662114,|1627783|1627832|1628384|1628449|1630173,0,REG,,,2022,1627783,4.0,PF,Helper,0.72,MISS Robinson 26' 3PT Jump Shot,,,,MIA,1610612748.0,
Shot Chart Detail,22100662,121,0,Opponent,1610612761,Toronto Raptors,1,3,6,Missed Shot,Alley Oop Dunk Shot,,Restricted Area,Center(C),Less Than 8 ft.,1,18,-1,1,0,20220117,MIA,TOR,22100662121,|1627783|1627832|1628384|1628449|1630173,0,REG,,,2022,1630173,4.0,C,Mobile Big,0.24,MISS Butler 2' Alley Oop Dunk,,,,MIA,1610612748.0,
Shot Chart Detail,22100662,134,0,Opponent,1610612761,Toronto Raptors,1,2,52,Made Shot,Cutting Dunk Shot,,Restricted Area,Center(C),Less Than 8 ft.,1,13,-1,1,1,20220117,MIA,TOR,22100662134,|1627832|1628384|1628449|1630173|1630567,1,REG,,,2022,1627832|1630173,3.0,,,,,,,,MIA,1610612748.0,202710.0
Shot Chart Detail,22100662,138,0,Opponent,1610612761,Toronto Raptors,1,2,30,Missed Shot,Driving Layup Shot,,Restricted Area,Center(C),Less Than 8 ft.,2,17,14,1,0,20220117,MIA,TOR,22100662138,|1627832|1628384|1628449|1630173|1630567,0,REG,,,2022,1627832|1628384,3.0,,,,,,,,MIA,1610612748.0,
Shot Chart Detail,22100662,147,0,Opponent,1610612761,Toronto Raptors,1,2,15,Missed Shot,Pullup Jump shot,,Mid-Range,Left Side Center(LC),16-24 ft.,17,-82,159,1,0,20220117,MIA,TOR,22100662147,|1627832|1628384|1628449|1630173|1630567,0,REG,,,2022,1630567,1.0,PF,Helper,0.63,MISS Vincent 18' Pullup Jump Shot,,,,MIA,1610612748.0,
Shot Chart Detail,22100662,155,0,Opponent,1610612761,Toronto Raptors,1,1,51,Missed Shot,Fadeaway Jump Shot,,Mid-Range,Left Side(L),8-16 ft.,14,-143,-7,1,0,20220117,MIA,TOR,22100662155,|1627832|1628449|1630173|1630551|1630567,0,REG,,,2022,1630173,-1.0,C,Mobile Big,0.24,MISS Herro 14' Fadeaway Jumper,,,,MIA,1610612748.0,
Shot Chart Detail,22100662,164,0,Opponent,1610612761,Toronto Raptors,1,0,46,Missed Shot,Jump Shot,,Above the Break 3,Left Side Center(LC),24+ ft.,25,-201,159,1,0,20220117,MIA,TOR,22100662164,|1627832|1628449|1630173|1630551|1630567,0,REG,,,2022,1630173,-4.0,C,Mobile Big,0.24,MISS Vincent 26' 3PT Jump Shot,,,,MIA,1610612748.0,
Shot Chart Detail,22100662,166,0,Opponent,1610612761,Toronto Raptors,1,0,43,Made Shot,Putback Dunk Shot,,Restricted Area,Center(C),Less Than 8 ft.,1,16,6,1,1,20220117,MIA,TOR,22100662166,|1627832|1628449|1630173|1630551|1630567,0,REG,,,2022,1627832|1630567,-2.0,,,,,,,,MIA,1610612748.0,
Shot Chart Detail,22100662,168,0,Opponent,1610612761,Toronto Raptors,1,0,15,Made Shot,Driving Layup Shot,,Restricted Area,Center(C),Less Than 8 ft.,1,-12,6,1,1,20220117,MIA,TOR,22100662168,|1627832|1628449|1630173|1630551|1630567,0,REG,,,2022,1630173,-3.0,C,Mobile Big,0.24,Vincent 1' Driving Layup (5 PTS),,,,MIA,1610612748.0,
Shot Chart Detail,22100662,183,0,Opponent,1610612761,Toronto Raptors,2,11,10,Made Shot,Turnaround Fadeaway Bank Jump Shot,,In The Paint (Non-RA),Center(C),Less Than 8 ft.,4,40,21,1,1,20220117,MIA,TOR,22100662183,|1627783|1628384|1628449|1630173|1630567,1,REG,,,2022,1628449|1630567,-1.0,,,,,,,,MIA,1610612748.0,1629622.0
Shot Chart Detail,22100662,198,0,Opponent,1610612761,Toronto Raptors,2,9,47,Missed Shot,Step Back Jump shot,,Left Corner 3,Left Side(L),24+ ft.,22,-228,20,1,0,20220117,MIA,TOR,22100662198,|1627783|1628384|1628449|1630173|1630567,0,REG,,,2022,1627783,-2.0,PF,Helper,0.72,MISS Vincent 3PT Step Back Jump Shot,,,,MIA,1610612748.0,
Shot Chart Detail,22100662,200,0,Opponent,1610612761,Toronto Raptors,2,9,39,Missed Shot,Hook Shot,,In The Paint (Non-RA),Center(C),Less Than 8 ft.,6,-27,58,1,0,20220117,MIA,TOR,22100662200,|1627783|1628384|1628449|1630173|1630567,0,REG,,,2022,1630173|1630567,-2.0,,,,,,,,MIA,1610612748.0,
Shot Chart Detail,22100662,206,0,Opponent,1610612761,Toronto Raptors,2,9,8,Missed Shot,Jump Shot,,Right Corner 3,Right Side(R),24+ ft.,23,229,46,1,0,20220117,MIA,TOR,22100662206,|1627783|1628384|1628449|1630173|1630567,0,REG,,,2022,1630173,-2.0,C,Mobile Big,0.24,MISS Martin 3PT Jump Shot,,,,MIA,1610612748.0,
Shot Chart Detail,22100662,209,0,Opponent,1610612761,Toronto Raptors,2,9,3,Missed Shot,Hook Shot,,In The Paint (Non-RA),Center(C),Less Than 8 ft.,6,56,29,1,0,20220117,MIA,TOR,22100662209,|1627783|1628384|1628449|1630173|1630567,0,REG,,,2022,1628384,-2.0,SF,Wing Stopper,1.03,MISS Dedmon 6' Hook Shot,,,,MIA,1610612748.0,
Shot Chart Detail,22100662,213,0,Opponent,1610612761,Toronto Raptors,2,8,38,Made Shot,Driving Layup Shot,,Restricted Area,Center(C),Less Than 8 ft.,1,-16,8,1,1,20220117,MIA,TOR,22100662213,|1627783|1628384|1628449|1630173|1630567,0,REG,,,2022,1630567,-2.0,PF,Helper,0.63,Herro 2' Driving Layup (8 PTS),,,,MIA,1610612748.0,
Shot Chart Detail,22100662,223,0,Opponent,1610612761,Toronto Raptors,2,8,4,Made Shot,Driving Layup Shot,,Restricted Area,Center(C),Less Than 8 ft.,2,18,16,1,1,20220117,MIA,TOR,22100662223,|1627783|1628449|1630173|1630551|1630567,0,REG,,,2022,1627783,-2.0,PF,Helper,0.72,Herro 2' Driving Layup (10 PTS),,,,MIA,1610612748.0,
Shot Chart Detail,22100662,235,0,Opponent,1610612761,Toronto Raptors,2,7,0,Missed Shot,Pullup Jump shot,,In The Paint (Non-RA),Center(C),8-16 ft.,11,-16,109,1,0,20220117,MIA,TOR,22100662235,|1627783|1627832|1628449|1630173|1630551,0,REG,,,2022,1630173,-2.0,C,Mobile Big,0.24,MISS Herro 11' Pullup Jump Shot,,,,MIA,1610612748.0,
Shot Chart Detail,22100662,248,0,Opponent,1610612761,Toronto Raptors,2,6,8,Made Shot,Driving Layup Shot,,Restricted Area,Center(C),Less Than 8 ft.,2,29,5,1,1,20220117,MIA,TOR,22100662248,|1627783|1627832|1628449|1630173|1630551,0,REG,,,2022,1627783,0.0,PF,Helper,0.72,Butler 3' Driving Layup (11 PTS),,,,MIA,1610612748.0,
Shot Chart Detail,22100662,251,0,Opponent,1610612761,Toronto Raptors,2,5,33,Made Shot,Jump Shot,,Above the Break 3,Right Side Center(RC),24+ ft.,27,154,231,1,1,20220117,MIA,TOR,22100662251,|1627783|1627832|1628449|1630173|1630551,1,REG,,,2022,1627832,1.0,PG,Point of Attack,0.9,Strus 28' 3PT Jump Shot (3 PTS) (Butler 4 AST),,,,MIA,1610612748.0,202710.0
Shot Chart Detail,22100662,267,0,Opponent,1610612761,Toronto Raptors,2,4,12,Made Shot,Driving Layup Shot,,Restricted Area,Center(C),Less Than 8 ft.,1,-10,11,1,1,20220117,MIA,TOR,22100662267,|1627783|1627832|1628449|1630551|1630567,0,REG,,,2022,1630551,1.0,SF,Helper,-0.61,Adebayo 1' Driving Layup (2 PTS),,,,MIA,1610612748.0,
Shot Chart Detail,22100662,278,0,Opponent,1610612761,Toronto Raptors,2,3,41,Made Shot,Jump Shot,,Above the Break 3,Left Side Center(LC),24+ ft.,24,-217,121,1,1,20220117,MIA,TOR,22100662278,|1627783|1627832|1628449|1630173|1630567,1,REG,,,2022,1628449,3.0,SF,Helper,0.4,Robinson 25' 3PT Jump Shot (8 PTS) (Adebayo 2 AST),,,,MIA,1610612748.0,1628389.0
Shot Chart Detail,22100662,283,0,Opponent,1610612761,Toronto Raptors,2,3,7,Missed Shot,Driving Reverse Layup Shot,,Restricted Area,Center(C),Less Than 8 ft.,1,-18,0,1,0,20220117,MIA,TOR,22100662283,|1627783|1627832|1628449|1630173|1630567,0,REG,,,2022,1628449,3.0,SF,Helper,0.4,MISS Butler 2' Driving Reverse Layup,,,,MIA,1610612748.0,
Shot Chart Detail,22100662,296,0,Opponent,1610612761,Toronto Raptors,2,2,5,Made Shot,Running Layup Shot,,Restricted Area,Center(C),Less Than 8 ft.,1,2,10,1,1,20220117,MIA,TOR,22100662296,|1627783|1627832|1628449|1630173|1630567,0,REG,,,2022,1627783|1630567,7.0,,,,,,,,MIA,1610612748.0,
Shot Chart Detail,22100662,299,0,Opponent,1610612761,Toronto Raptors,2,1,40,Missed Shot,Hook Shot,,In The Paint (Non-RA),Center(C),Less Than 8 ft.,5,-13,56,1,0,20220117,MIA,TOR,22100662299,|1627783|1627832|1628449|1630173|1630567,0,REG,,,2022,1630567,7.0,PF,Helper,0.63,MISS Adebayo 6' Hook Shot,,,,MIA,1610612748.0,
Shot Chart Detail,22100662,313,0,Opponent,1610612761,Toronto Raptors,2,0,57,Made Shot,Floating Jump shot,,In The Paint (Non-RA),Center(C),8-16 ft.,13,6,131,1,1,20220117,MIA,TOR,22100662313,|1627783|1627832|1628449|1630173|1630567,0,REG,,,2022,1627832,9.0,PG,Point of Attack,0.9,Herro 13' Floating Jump Shot (14 PTS),,,,MIA,1610612748.0,
Shot Chart Detail,22100662,316,0,Opponent,1610612761,Toronto Raptors,2,0,23,Missed Shot,Step Back Jump shot,,Mid-Range,Left Side(L),8-16 ft.,12,-118,50,1,0,20220117,MIA,TOR,22100662316,|1627783|1627832|1628449|1630173|1630567,0,REG,,,2022,1628449,7.0,SF,Helper,0.4,MISS Adebayo 13' Step Back Jump Shot,,,,MIA,1610612748.0,
Shot Chart Detail,22100662,334,0,Opponent,1610612761,Toronto Raptors,3,11,34,Missed Shot,Jump Shot,,Left Corner 3,Left Side(L),24+ ft.,23,-234,20,1,0,20220117,MIA,TOR,22100662334,|1627783|1627832|1628384|1630173|1630567,0,REG,,,2022,1627783,7.0,PF,Helper,0.72,MISS Tucker 3PT Jump Shot,,,,MIA,1610612748.0,
Shot Chart Detail,22100662,341,0,Opponent,1610612761,Toronto Raptors,3,11,8,Missed Shot,Jump Shot,,Above the Break 3,Left Side Center(LC),24+ ft.,25,-129,221,1,0,20220117,MIA,TOR,22100662341,|1627783|1627832|1628384|1630173|1630567,0,REG,,,2022,,,,,,,,,,MIA,1610612748.0,
Shot Chart Detail,22100662,347,0,Opponent,1610612761,Toronto Raptors,3,10,34,Missed Shot,Turnaround Bank Hook Shot,,In The Paint (Non-RA),Left Side(L),8-16 ft.,8,-71,47,1,0,20220117,MIA,TOR,22100662347,|1627783|1627832|1628384|1630173|1630567,0,REG,,,2022,1630173,4.0,C,Mobile Big,0.24,MISS Adebayo 9' Turnaround Bank Hook Shot,,,,MIA,1610612748.0,
Shot Chart Detail,22100662,352,0,Opponent,1610612761,Toronto Raptors,3,9,44,Missed Shot,Step Back Jump shot,,Mid-Range,Right Side(R),16-24 ft.,16,150,75,1,0,20220117,MIA,TOR,22100662352,|1627783|1627832|1628384|1630173|1630567,0,REG,,,2022,1628384,1.0,SF,Wing Stopper,1.03,MISS Butler 17' Step Back Jump Shot,,,,MIA,1610612748.0,
Shot Chart Detail,22100662,359,0,Opponent,1610612761,Toronto Raptors,3,9,21,Missed Shot,Hook Shot,,In The Paint (Non-RA),Center(C),Less Than 8 ft.,5,17,48,1,0,20220117,MIA,TOR,22100662359,|1627783|1627832|1628384|1630173|1630567,0,REG,,,2022,1630173,-1.0,C,Mobile Big,0.24,MISS Adebayo 5' Hook Shot,,,,MIA,1610612748.0,
Shot Chart Detail,22100662,364,0,Opponent,1610612761,Toronto Raptors,3,9,5,Missed Shot,Running Layup Shot,,Restricted Area,Center(C),Less Than 8 ft.,3,-10,34,1,0,20220117,MIA,TOR,22100662364,|1627783|1627832|1628384|1630173|1630567,0,REG,,,2022,1627783,-1.0,PF,Helper,0.72,MISS Adebayo 4' Running Layup,,,,MIA,1610612748.0,
Shot Chart Detail,22100662,371,0,Opponent,1610612761,Toronto Raptors,3,8,27,Made Shot,Dunk Shot,,Restricted Area,Center(C),Less Than 8 ft.,1,-15,12,1,1,20220117,MIA,TOR,22100662371,|1627783|1627832|1628384|1630173|1630567,1,REG,,,2022,1630567,1.0,PF,Helper,0.63,Adebayo 2' Dunk (9 PTS) (Robinson 1 AST),,,,MIA,1610612748.0,1629130.0
Shot Chart Detail,22100662,379,0,Opponent,1610612761,Toronto Raptors,3,7,37,Made Shot,Cutting Dunk Shot,,Restricted Area,Center(C),Less Than 8 ft.,1,10,16,1,1,20220117,MIA,TOR,22100662379,|1627783|1627832|1628384|1628449|1630173,1,REG,,,2022,1627832|1630173,1.0,,,,,,,,MIA,1610612748.0,200782.0
Shot Chart Detail,22100662,383,0,Opponent,1610612761,Toronto Raptors,3,7,2,Made Shot,Jump Shot,,Above the Break 3,Right Side Center(RC),24+ ft.,25,159,200,1,1,20220117,MIA,TOR,22100662383,|1627783|1627832|1628384|1628449|1630173,1,REG,,,2022,1628449,1.0,SF,Helper,0.4,Vincent 26' 3PT Jump Shot (8 PTS) (Butler 5 AST),,,,MIA,1610612748.0,202710.0
Shot Chart Detail,22100662,386,0,Opponent,1610612761,Toronto Raptors,3,6,37,Missed Shot,Jump Shot,,Above the Break 3,Right Side Center(RC),24+ ft.,26,98,243,1,0,20220117,MIA,TOR,22100662386,|1627783|1627832|1628384|1628449|1630173,0,REG,,,2022,1628449,-1.0,SF,Helper,0.4,MISS Robinson 26' 3PT Jump Shot,,,,MIA,1610612748.0,
Shot Chart Detail,22100662,389,0,Opponent,1610612761,Toronto Raptors,3,6,22,Made Shot,Alley Oop Layup shot,,Restricted Area,Center(C),Less Than 8 ft.,2,-21,17,1,1,20220117,MIA,TOR,22100662389,|1627783|1627832|1628384|1628449|1630173,1,REG,,,2022,1627832,1.0,PG,Point of Attack,0.9,Tucker 3' Alley Oop Layup (2 PTS) (Butler 6 AST),,,,MIA,1610612748.0,202710.0
Shot Chart Detail,22100662,405,0,Opponent,1610612761,Toronto Raptors,3,4,58,Made Shot,Pullup Jump shot,,In The Paint (Non-RA),Center(C),8-16 ft.,12,43,115,1,1,20220117,MIA,TOR,22100662405,|1627783|1627832|1628384|1628449|1630173,0,REG,,,2022,1627832|1630173,1.0,,,,,,,,MIA,1610612748.0,
Shot Chart Detail,22100662,422,0,Opponent,1610612761,Toronto Raptors,3,3,30,Missed Shot,Jump Shot,,In The Paint (Non-RA),Center(C),Less Than 8 ft.,5,-49,33,1,0,20220117,MIA,TOR,22100662422,|1627783|1627832|1628449|1630173|1630567,0,REG,,,2022,1627832|1630173,1.0,,,,,,,,MIA,1610612748.0,
Shot Chart Detail,22100662,440,0,Opponent,1610612761,Toronto Raptors,3,2,23,Missed Shot,Fadeaway Jump Shot,,Mid-Range,Right Side Center(RC),16-24 ft.,18,66,174,1,0,20220117,MIA,TOR,22100662440,|1627832|1628384|1628449|1630551|1630567,0,REG,,,2022,1628384,0.0,SF,Wing Stopper,1.03,MISS Herro 19' Fadeaway Jumper,,,,MIA,1610612748.0,
Shot Chart Detail,22100662,442,0,Opponent,1610612761,Toronto Raptors,3,2,18,Made Shot,Putback Layup Shot,,Restricted Area,Center(C),Less Than 8 ft.,1,6,11,1,1,20220117,MIA,TOR,22100662442,|1627832|1628384|1628449|1630551|1630567,0,REG,,,2022,1630551,2.0,SF,Helper,-0.61,Dedmon 1' Putback Layup (6 PTS),,,,MIA,1610612748.0,
Shot Chart Detail,22100662,447,0,Opponent,1610612761,Toronto Raptors,3,1,58,Missed Shot,Jump Bank Shot,,In The Paint (Non-RA),Center(C),Less Than 8 ft.,7,-72,28,1,0,20220117,MIA,TOR,22100662447,|1627832|1628384|1628449|1630551|1630567,0,REG,,,2022,1628449|1627832,0.0,,,,,,,,MIA,1610612748.0,
Shot Chart Detail,22100662,451,0,Opponent,1610612761,Toronto Raptors,3,1,21,Made Shot,Driving Layup Shot,,In The Paint (Non-RA),Center(C),Less Than 8 ft.,6,54,38,1,1,20220117,MIA,TOR,22100662451,|1627832|1628384|1628449|1630551|1630567,1,REG,,,2022,1628384,2.0,SF,Wing Stopper,1.03,Herro 7' Driving Layup (16 PTS) (Butler 7 AST),,,,MIA,1610612748.0,202710.0
Shot Chart Detail,22100662,461,0,Opponent,1610612761,Toronto Raptors,3,0,55,Made Shot,Driving Floating Jump Shot,,In The Paint (Non-RA),Center(C),8-16 ft.,10,2,109,1,1,20220117,MIA,TOR,22100662461,|1627832|1628449|1630173|1630551|1630567,0,REG,,,2022,1627832,2.0,PG,Point of Attack,0.9,Herro 11' Driving Floating Jump Shot (18 PTS),,,,MIA,1610612748.0,
Shot Chart Detail,22100662,464,0,Opponent,1610612761,Toronto Raptors,3,0,32,Missed Shot,Driving Floating Jump Shot,,In The Paint (Non-RA),Center(C),Less Than 8 ft.,7,12,76,1,0,20220117,MIA,TOR,22100662464,|1627832|1628449|1630173|1630551|1630567,0,REG,,,2022,1627832,2.0,PG,Point of Attack,0.9,MISS Martin 8' Driving Floating Jump Shot,,,,MIA,1610612748.0,
Shot Chart Detail,22100662,466,0,Opponent,1610612761,Toronto Raptors,3,0,28,Made Shot,Jump Shot,,Right Corner 3,Right Side(R),24+ ft.,22,222,-1,1,1,20220117,MIA,TOR,22100662466,|1627832|1628449|1630173|1630551|1630567,1,REG,,,2022,1630173,5.0,C,Mobile Big,0.24,Herro 3PT Jump Shot (21 PTS) (Butler 8 AST),,,,MIA,1610612748.0,202710.0
Shot Chart Detail,22100662,470,0,Opponent,1610612761,Toronto Raptors,3,0,4,Missed Shot,Jump Shot,,Above the Break 3,Center(C),24+ ft.,28,-40,280,1,0,20220117,MIA,TOR,22100662470,|1627832|1628449|1630173|1630551|1630567,0,REG,,,2022,1630567,5.0,PF,Helper,0.63,MISS Herro 28' 3PT Jump Shot,,,,MIA,1610612748.0,
Shot Chart Detail,22100662,472,0,Opponent,1610612761,Toronto Raptors,3,0,1,Missed Shot,Step Back Jump shot,,Right Corner 3,Right Side(R),24+ ft.,22,229,-10,1,0,20220117,MIA,TOR,22100662472,|1627832|1628449|1630173|1630551|1630567,0,REG,,,2022,1630551|1630173,5.0,,,,,,,,MIA,1610612748.0,
Shot Chart Detail,22100662,482,0,Opponent,1610612761,Toronto Raptors,4,11,36,Made Shot,Pullup Jump shot,,Mid-Range,Left Side Center(LC),16-24 ft.,21,-75,197,1,1,20220117,MIA,TOR,22100662482,|1627783|1628384|1628449|1630173|1630567,0,REG,,,2022,1630173|1630567,7.0,,,,,,,,MIA,1610612748.0,
Shot Chart Detail,22100662,489,0,Opponent,1610612761,Toronto Raptors,4,10,46,Missed Shot,Driving Layup Shot,,Restricted Area,Center(C),Less Than 8 ft.,3,11,31,1,0,20220117,MIA,TOR,22100662489,|1627783|1628384|1628449|1630173|1630567,0,REG,,,2022,1627783,7.0,PF,Helper,0.72,MISS Martin 3' Driving Layup,,,,MIA,1610612748.0,
Shot Chart Detail,22100662,498,0,Opponent,1610612761,Toronto Raptors,4,10,7,Made Shot,Step Back Jump shot,,In The Paint (Non-RA),Center(C),8-16 ft.,13,-16,131,1,1,20220117,MIA,TOR,22100662498,|1627783|1628384|1628449|1630173|1630567,0,REG,,,2022,1630173,9.0,C,Mobile Big,0.24,Vincent 13' Step Back Jump Shot (12 PTS),,,,MIA,1610612748.0,
Shot Chart Detail,22100662,500,0,Opponent,1610612761,Toronto Raptors,4,9,40,Made Shot,Hook Shot,,Restricted Area,Center(C),Less Than 8 ft.,3,0,34,1,1,20220117,MIA,TOR,22100662500,|1627783|1628384|1628449|1630173|1630567,1,REG,,,2022,1628449,8.0,SF,Helper,0.4,Dedmon 3' Hook Shot (8 PTS) (Strus 2 AST),,,,MIA,1610612748.0,1629622.0
Shot Chart Detail,22100662,504,0,Opponent,1610612761,Toronto Raptors,4,9,13,Missed Shot,Pullup Jump shot,,Mid-Range,Right Side Center(RC),16-24 ft.,17,110,136,1,0,20220117,MIA,TOR,22100662504,|1627783|1628384|1628449|1630173|1630567,0,REG,,,2022,1627783,8.0,PF,Helper,0.72,MISS Herro 17' Pullup Jump Shot,,,,MIA,1610612748.0,
Shot Chart Detail,22100662,515,0,Opponent,1610612761,Toronto Raptors,4,8,53,Missed Shot,Jump Shot,,Above the Break 3,Left Side Center(LC),24+ ft.,27,-181,206,1,0,20220117,MIA,TOR,22100662515,|1627783|1627832|1628384|1628449|1630567,0,REG,,,2022,1628384,6.0,SF,Wing Stopper,1.03,MISS Strus 27' 3PT Jump Shot,,,,MIA,1610612748.0,
Shot Chart Detail,22100662,519,0,Opponent,1610612761,Toronto Raptors,4,8,21,Made Shot,Pullup Jump shot,,Above the Break 3,Center(C),24+ ft.,26,-23,269,1,1,20220117,MIA,TOR,22100662519,|1627783|1627832|1628384|1628449|1630567,0,REG,,,2022,1627783,6.0,PF,Helper,0.72,Vincent 27' 3PT Pullup Jump Shot (15 PTS),,,,MIA,1610612748.0,
Shot Chart Detail,22100662,522,0,Opponent,1610612761,Toronto Raptors,4,7,32,Missed Shot,Pullup Jump shot,,In The Paint (Non-RA),Center(C),8-16 ft.,13,-18,136,1,0,20220117,MIA,TOR,22100662522,|1627783|1627832|1628384|1628449|1630567,0,REG,,,2022,1627832,3.0,PG,Point of Attack,0.9,MISS Vincent 14' Pullup Jump Shot,,,,MIA,1610612748.0,
Shot Chart Detail,22100662,530,0,Opponent,1610612761,Toronto Raptors,4,7,18,Made Shot,Running Dunk Shot,,Restricted Area,Center(C),Less Than 8 ft.,1,-9,15,1,1,20220117,MIA,TOR,22100662530,|1627783|1627832|1628384|1628449|1630567,0,REG,,,2022,,,,,,,,,,MIA,1610612748.0,
Shot Chart Detail,22100662,543,0,Opponent,1610612761,Toronto Raptors,4,6,32,Made Shot,Turnaround Jump Shot,,In The Paint (Non-RA),Center(C),8-16 ft.,11,1,117,1,1,20220117,MIA,TOR,22100662543,|1627783|1627832|1628384|1628449|1630567,1,REG,,,2022,1628384|1627783,4.0,,,,,,,,MIA,1610612748.0,202710.0
Shot Chart Detail,22100662,547,0,Opponent,1610612761,Toronto Raptors,4,6,0,Made Shot,Jump Shot,,Left Corner 3,Left Side(L),24+ ft.,22,-228,-3,1,1,20220117,MIA,TOR,22100662547,|1627783|1627832|1628384|1628449|1630567,1,REG,,,2022,1627783,7.0,PF,Helper,0.72,Strus 3PT Jump Shot (6 PTS) (Martin 1 AST),,,,MIA,1610612748.0,1628997.0
Shot Chart Detail,22100662,551,0,Opponent,1610612761,Toronto Raptors,4,5,33,Made Shot,Cutting Layup Shot,,Restricted Area,Center(C),Less Than 8 ft.,2,10,20,1,1,20220117,MIA,TOR,22100662551,|1627783|1627832|1628384|1628449|1630567,1,REG,,,2022,,,,,,,,,,MIA,1610612748.0,1629639.0
Shot Chart Detail,22100662,567,0,Opponent,1610612761,Toronto Raptors,4,4,56,Missed Shot,Pullup Jump shot,,Mid-Range,Right Side(R),8-16 ft.,15,100,120,1,0,20220117,MIA,TOR,22100662567,|1627783|1627832|1628384|1628449|1630173,0,REG,,,2022,1627832|1630173,8.0,,,,,,,,MIA,1610612748.0,
Shot Chart Detail,22100662,572,0,Opponent,1610612761,Toronto Raptors,4,4,25,Missed Shot,Jump Shot,,Above the Break 3,Left Side Center(LC),24+ ft.,28,-88,269,1,0,20220117,MIA,TOR,22100662572,|1627783|1627832|1628384|1628449|1630173,0,REG,,,2022,1628449|1628384,6.0,,,,,,,,MIA,1610612748.0,
Shot Chart Detail,22100662,574,0,Opponent,1610612761,Toronto Raptors,4,4,17,Missed Shot,Driving Floating Jump Shot,,In The Paint (Non-RA),Center(C),Less Than 8 ft.,7,-2,71,1,0,20220117,MIA,TOR,22100662574,|1627783|1627832|1628384|1628449|1630173,0,REG,,,2022,1627783,6.0,PF,Helper,0.72,MISS Butler 7' Driving Floating Jump Shot,,,,MIA,1610612748.0,
Shot Chart Detail,22100662,588,0,Opponent,1610612761,Toronto Raptors,4,3,47,Missed Shot,Jump Shot,,Mid-Range,Center(C),8-16 ft.,14,-7,149,1,0,20220117,MIA,TOR,22100662588,|1627783|1627832|1628384|1628449|1630567,0,REG,,,2022,1627783,7.0,PF,Helper,0.72,MISS Adebayo 15' Jump Shot,,,,MIA,1610612748.0,
Shot Chart Detail,22100662,593,0,Opponent,1610612761,Toronto Raptors,4,3,6,Missed Shot,Pullup Jump shot,,Above the Break 3,Center(C),24+ ft.,25,50,253,1,0,20220117,MIA,TOR,22100662593,|1627783|1627832|1628384|1628449|1630567,0,REG,,,2022,1627783,7.0,PF,Helper,0.72,MISS Strus 26' 3PT Pullup Jump Shot,,,,MIA,1610612748.0,
Shot Chart Detail,22100662,598,0,Opponent,1610612761,Toronto Raptors,4,2,18,Missed Shot,Jump Shot,,Above the Break 3,Center(C),24+ ft.,27,-56,265,1,0,20220117,MIA,TOR,22100662598,|1627783|1627832|1628384|1628449|1630567,0,REG,,,2022,1628384,5.0,SF,Wing Stopper,1.03,MISS Strus 27' 3PT Jump Shot,,,,MIA,1610612748.0,
Shot Chart Detail,22100662,614,0,Opponent,1610612761,Toronto Raptors,4,1,12,Missed Shot,Turnaround Fadeaway shot,,Mid-Range,Center(C),8-16 ft.,15,-28,155,1,0,20220117,MIA,TOR,22100662614,|1627783|1627832|1628384|1628449|1630567,0,REG,,,2022,1630567,3.0,PF,Helper,0.63,MISS Butler 16' Turnaround Fadeaway Shot,,,,MIA,1610612748.0,
Shot Chart Detail,22100662,616,0,Opponent,1610612761,Toronto Raptors,4,0,58,Missed Shot,Jump Bank Shot,,Mid-Range,Right Side(R),8-16 ft.,9,86,43,1,0,20220117,MIA,TOR,22100662616,|1627783|1627832|1628384|1628449|1630567,0,REG,,,2022,1628384,3.0,SF,Wing Stopper,1.03,MISS Herro 10' Jump Bank Shot,,,,MIA,1610612748.0,
Shot Chart Detail,22100662,627,0,Opponent,1610612761,Toronto Raptors,4,0,20,Made Shot,Jump Shot,,Right Corner 3,Right Side(R),24+ ft.,22,229,-1,1,1,20220117,MIA,TOR,22100662627,|1627783|1627832|1628384|1628449|1630567,1,REG,,,2022,,,,,,,,,,MIA,1610612748.0,202710.0
Shot Chart Detail,22100675,7,0,Opponent,1610612761,Toronto Raptors,1,11,35,Made Shot,Turnaround Fadeaway shot,,In The Paint (Non-RA),Center(C),8-16 ft.,8,10,89,1,1,20220119,DAL,TOR,221006757,|1627783|1627832|1628384|1630173|1630567,0,REG,,,2022,1628384,2.0,SF,Wing Stopper,1.03,Porzingis 9' Turnaround Fadeaway (2 PTS),,,,DAL,1610612742.0,
Shot Chart Detail,22100675,10,0,Opponent,1610612761,Toronto Raptors,1,10,51,Made Shot,Driving Floating Bank Jump Shot,,In The Paint (Non-RA),Center(C),Less Than 8 ft.,6,54,27,1,1,20220119,DAL,TOR,2210067510,|1627783|1627832|1628384|1630173|1630567,1,REG,,,2022,1627783,1.0,PF,Helper,0.72,Brunson 6' Driving Floating Bank Jump Shot (2 PTS) (Porzingis 1 AST),,,,DAL,1610612742.0,204001.0
Shot Chart Detail,22100675,17,0,Opponent,1610612761,Toronto Raptors,1,10,20,Made Shot,Driving Layup Shot,,Restricted Area,Center(C),Less Than 8 ft.,0,5,1,1,1,20220119,DAL,TOR,2210067517,|1627783|1627832|1628384|1630173|1630567,1,REG,,,2022,1630567,1.0,PF,Helper,0.63,Doncic 1' Driving Layup (2 PTS) (Porzingis 2 AST),,,,DAL,1610612742.0,204001.0
Shot Chart Detail,22100675,21,0,Opponent,1610612761,Toronto Raptors,1,9,54,Missed Shot,Jump Shot,,Right Corner 3,Right Side(R),24+ ft.,22,228,28,1,0,20220119,DAL,TOR,2210067521,|1627783|1627832|1628384|1630173|1630567,0,REG,,,2022,1630567,1.0,PF,Helper,0.63,MISS Kleber 3PT Jump Shot,,,,DAL,1610612742.0,
Shot Chart Detail,22100675,28,0,Opponent,1610612761,Toronto Raptors,1,9,7,Made Shot,Cutting Dunk Shot,,Restricted Area,Center(C),Less Than 8 ft.,1,11,7,1,1,20220119,DAL,TOR,2210067528,|1627783|1627832|1628384|1630173|1630567,1,REG,,,2022,1630567,1.0,PF,Helper,0.63,Porzingis 1' Cutting Dunk Shot (4 PTS) (Finney-Smith 1 AST),,,,DAL,1610612742.0,1627827.0
Shot Chart Detail,22100675,34,0,Opponent,1610612761,Toronto Raptors,1,8,44,Made Shot,Step Back Jump shot,,Above the Break 3,Left Side Center(LC),24+ ft.,26,-83,249,1,1,20220119,DAL,TOR,2210067534,|1627783|1627832|1628384|1630173|1630567,0,REG,,,2022,1630173,1.0,C,Mobile Big,0.24,Doncic 26' 3PT Step Back Jump Shot (5 PTS),,,,DAL,1610612742.0,
Shot Chart Detail,22100675,37,0,Opponent,1610612761,Toronto Raptors,1,8,11,Made Shot,Alley Oop Dunk Shot,,Restricted Area,Center(C),Less Than 8 ft.,0,2,4,1,1,20220119,DAL,TOR,2210067537,|1627783|1627832|1628384|1630173|1630567,1,REG,,,2022,1630567,3.0,PF,Helper,0.63,Finney-Smith Alley Oop Dunk (2 PTS) (Doncic 1 AST),,,,DAL,1610612742.0,1629029.0
Shot Chart Detail,22100675,40,0,Opponent,1610612761,Toronto Raptors,1,7,35,Missed Shot,Pullup Jump shot,,In The Paint (Non-RA),Center(C),8-16 ft.,12,0,120,1,0,20220119,DAL,TOR,2210067540,|1627783|1627832|1628384|1630173|1630567,0,REG,,,2022,1630173,1.0,C,Mobile Big,0.24,MISS Brunson 12' Pullup Jump Shot,,,,DAL,1610612742.0,
Shot Chart Detail,22100675,48,0,Opponent,1610612761,Toronto Raptors,1,6,45,Missed Shot,Pullup Jump shot,,Above the Break 3,Left Side Center(LC),24+ ft.,24,-218,117,1,0,20220119,DAL,TOR,2210067548,|1627783|1627832|1628384|1630173|1630567,0,REG,,,2022,1627783,-1.0,PF,Helper,0.72,MISS Doncic 25' 3PT Pullup Jump Shot,,,,DAL,1610612742.0,
Shot Chart Detail,22100675,55,0,Opponent,1610612761,Toronto Raptors,1,6,3,Missed Shot,Driving Floating Jump Shot,,In The Paint (Non-RA),Center(C),Less Than 8 ft.,7,7,70,1,0,20220119,DAL,TOR,2210067555,|1627783|1627832|1628384|1630173|1630567,0,REG,,,2022,1630173,-1.0,C,Mobile Big,0.24,MISS Doncic 7' Driving Floating Jump Shot,,,,DAL,1610612742.0,
Shot Chart Detail,22100675,59,0,Opponent,1610612761,Toronto Raptors,1,5,50,Missed Shot,Layup Shot,,In The Paint (Non-RA),Center(C),Less Than 8 ft.,4,-13,42,1,0,20220119,DAL,TOR,2210067559,|1627783|1627832|1628384|1630173|1630567,0,REG,,,2022,1627783,-1.0,PF,Helper,0.72,MISS Doncic 4' Layup,,,,DAL,1610612742.0,
Shot Chart Detail,22100675,73,0,Opponent,1610612761,Toronto Raptors,1,4,59,Missed Shot,Jump Shot,,Above the Break 3,Right Side Center(RC),24+ ft.,24,206,136,1,0,20220119,DAL,TOR,2210067573,|1627783|1627832|1628384|1628449|1630567,0,REG,,,2022,1627783,-3.0,PF,Helper,0.72,MISS Hardaway Jr. 25' 3PT Jump Shot,,,,DAL,1610612742.0,
Shot Chart Detail,22100675,77,0,Opponent,1610612761,Toronto Raptors,1,4,31,Made Shot,Driving Floating Jump Shot,,In The Paint (Non-RA),Center(C),8-16 ft.,10,-31,102,1,1,20220119,DAL,TOR,2210067577,|1627783|1627832|1628384|1628449|1630567,0,REG,,,2022,1630567,-1.0,PF,Helper,0.63,Doncic 11' Driving Floating Jump Shot (7 PTS),,,,DAL,1610612742.0,
Shot Chart Detail,22100675,87,0,Opponent,1610612761,Toronto Raptors,1,3,48,Missed Shot,Step Back Jump shot,,Above the Break 3,Left Side Center(LC),24+ ft.,25,-164,200,1,0,20220119,DAL,TOR,2210067587,|1627783|1627832|1628449|1630173|1630551,0,REG,,,2022,1630173,-3.0,C,Mobile Big,0.24,MISS Doncic 26' 3PT Step Back Jump Shot,,,,DAL,1610612742.0,
Shot Chart Detail,22100675,95,0,Opponent,1610612761,Toronto Raptors,1,3,23,Missed Shot,Jump Shot,,Right Corner 3,Right Side(R),24+ ft.,23,230,15,1,0,20220119,DAL,TOR,2210067595,|1627783|1627832|1628449|1630173|1630551,0,REG,,,2022,1630551,-5.0,SF,Helper,-0.61,MISS Finney-Smith 3PT Jump Shot,,,,DAL,1610612742.0,
Shot Chart Detail,22100675,97,0,Opponent,1610612761,Toronto Raptors,1,3,16,Made Shot,Driving Floating Bank Jump Shot,,In The Paint (Non-RA),Center(C),Less Than 8 ft.,6,-55,37,1,1,20220119,DAL,TOR,2210067597,|1627783|1627832|1628449|1630173|1630551,1,REG,,,2022,1630551|1627783|1630173,-3.0,,,,,,,,DAL,1610612742.0,203493.0
Shot Chart Detail,22100675,101,0,Opponent,1610612761,Toronto Raptors,1,2,57,Made Shot,Jump Shot,,Above the Break 3,Right Side Center(RC),24+ ft.,24,210,123,1,1,20220119,DAL,TOR,22100675101,|1627783|1627832|1628449|1630173|1630551,1,REG,,,2022,1628449,-2.0,SF,Helper,0.4,Hardaway Jr. 24' 3PT Jump Shot (5 PTS) (Brunson 1 AST),,,,DAL,1610612742.0,1628973.0
Shot Chart Detail,22100675,105,0,Opponent,1610612761,Toronto Raptors,1,2,20,Made Shot,Fadeaway Jump Shot,,Mid-Range,Right Side(R),8-16 ft.,12,118,22,1,1,20220119,DAL,TOR,22100675105,|1627783|1627832|1628449|1630173|1630551,1,REG,,,2022,1627783,-2.0,PF,Helper,0.72,Hardaway Jr. 12' Fadeaway Jumper (7 PTS) (Powell 1 AST),,,,DAL,1610612742.0,203939.0
Shot Chart Detail,22100675,136,0,Opponent,1610612761,Toronto Raptors,1,0,33,Made Shot,Running Reverse Layup Shot,,Restricted Area,Center(C),Less Than 8 ft.,1,11,0,1,1,20220119,DAL,TOR,22100675136,|1627832|1628384|1628449|1630173|1630551,0,REG,,,2022,1628449,-2.0,SF,Helper,0.4,Hardaway Jr. 1' Running Reverse Layup (9 PTS),,,,DAL,1610612742.0,
Shot Chart Detail,22100675,153,0,Opponent,1610612761,Toronto Raptors,2,11,24,Missed Shot,Jump Shot,,Left Corner 3,Left Side(L),24+ ft.,22,-225,36,1,0,20220119,DAL,TOR,22100675153,|1627783|1628384|1628449|1630173|1630551,0,REG,,,2022,1630173,-6.0,C,Mobile Big,0.24,MISS Porzingis 3PT Jump Shot,,,,DAL,1610612742.0,
Shot Chart Detail,22100675,157,0,Opponent,1610612761,Toronto Raptors,2,11,1,Made Shot,Driving Reverse Layup Shot,,Restricted Area,Center(C),Less Than 8 ft.,2,-17,11,1,1,20220119,DAL,TOR,22100675157,|1627783|1628384|1628449|1630173|1630551,1,REG,,,2022,1627783,-4.0,PF,Helper,0.72,Hardaway Jr. 2' Driving Reverse Layup (11 PTS) (Green 1 AST),,,,DAL,1610612742.0,1630182.0
Shot Chart Detail,22100675,165,0,Opponent,1610612761,Toronto Raptors,2,10,42,Made Shot,Step Back Jump shot,,Mid-Range,Left Side Center(LC),16-24 ft.,21,-100,185,1,1,20220119,DAL,TOR,22100675165,|1627783|1628384|1628449|1630173|1630551,0,REG,,,2022,1628384,-4.0,SF,Wing Stopper,1.03,Doncic 21' Step Back Jump Shot (10 PTS),,,,DAL,1610612742.0,
Shot Chart Detail,22100675,167,0,Opponent,1610612761,Toronto Raptors,2,10,11,Missed Shot,Step Back Jump shot,,Above the Break 3,Right Side Center(RC),24+ ft.,25,180,174,1,0,20220119,DAL,TOR,22100675167,|1627783|1628384|1628449|1630173|1630551,0,REG,,,2022,1630173,-6.0,C,Mobile Big,0.24,MISS Doncic 25' 3PT Step Back Jump Shot,,,,DAL,1610612742.0,
Shot Chart Detail,22100675,183,0,Opponent,1610612761,Toronto Raptors,2,9,8,Made Shot,Turnaround Fadeaway shot,,In The Paint (Non-RA),Left Side(L),8-16 ft.,13,-77,107,1,1,20220119,DAL,TOR,22100675183,|1627783|1628384|1628449|1630173|1630551,0,REG,,,2022,1630551,-4.0,SF,Helper,-0.61,Doncic 13' Turnaround Fadeaway (14 PTS),,,,DAL,1610612742.0,
Shot Chart Detail,22100675,187,0,Opponent,1610612761,Toronto Raptors,2,8,30,Made Shot,Driving Floating Jump Shot,,In The Paint (Non-RA),Center(C),8-16 ft.,10,-48,92,1,1,20220119,DAL,TOR,22100675187,|1627783|1628449|1630173|1630551|1630567,0,REG,,,2022,1630551,-2.0,SF,Helper,-0.61,Doncic 10' Driving Floating Jump Shot (16 PTS),,,,DAL,1610612742.0,
Shot Chart Detail,22100675,197,0,Opponent,1610612761,Toronto Raptors,2,7,59,Missed Shot,Jump Shot,,Left Corner 3,Left Side(L),24+ ft.,23,-227,38,1,0,20220119,DAL,TOR,22100675197,|1627783|1627832|1628449|1630173|1630567,0,REG,,,2022,1628449,-2.0,SF,Helper,0.4,MISS Kleber 3PT Jump Shot,,,,DAL,1610612742.0,
Shot Chart Detail,22100675,208,0,Opponent,1610612761,Toronto Raptors,2,7,26,Missed Shot,Driving Layup Shot,,Restricted Area,Center(C),Less Than 8 ft.,2,9,25,1,0,20220119,DAL,TOR,22100675208,|1627783|1627832|1628449|1630173|1630567,0,REG,,,2022,1627832,-4.0,PG,Point of Attack,0.9,MISS Doncic 3' Driving Layup,,,,DAL,1610612742.0,
Shot Chart Detail,22100675,213,0,Opponent,1610612761,Toronto Raptors,2,7,19,Missed Shot,Pullup Jump shot,,Above the Break 3,Right Side Center(RC),24+ ft.,25,130,225,1,0,20220119,DAL,TOR,22100675213,|1627783|1627832|1628449|1630173|1630567,0,REG,,,2022,1630567,-4.0,PF,Helper,0.63,MISS Doncic 26' 3PT Pullup Jump Shot,,,,DAL,1610612742.0,
Shot Chart Detail,22100675,215,0,Opponent,1610612761,Toronto Raptors,2,7,12,Missed Shot,Jump Shot,,Above the Break 3,Center(C),24+ ft.,26,-54,259,1,0,20220119,DAL,TOR,22100675215,|1627783|1627832|1628449|1630173|1630567,0,REG,,,2022,1630567,-4.0,PF,Helper,0.63,MISS Kleber 26' 3PT Jump Shot,,,,DAL,1610612742.0,
Shot Chart Detail,22100675,227,0,Opponent,1610612761,Toronto Raptors,2,6,25,Made Shot,Driving Reverse Layup Shot,,Restricted Area,Center(C),Less Than 8 ft.,0,4,4,1,1,20220119,DAL,TOR,22100675227,|1627783|1627832|1628384|1628449|1630173,1,REG,,,2022,1627832,0.0,PG,Point of Attack,0.9,Finney-Smith 1' Driving Reverse Layup (4 PTS) (Doncic 2 AST),,,,DAL,1610612742.0,1629029.0
Shot Chart Detail,22100675,231,0,Opponent,1610612761,Toronto Raptors,2,6,0,Missed Shot,Driving Floating Jump Shot,,In The Paint (Non-RA),Left Side(L),8-16 ft.,10,-67,86,1,0,20220119,DAL,TOR,22100675231,|1627783|1627832|1628384|1628449|1630173,0,REG,,,2022,1627832,-3.0,PG,Point of Attack,0.9,MISS Brunson 11' Driving Floating Jump Shot,,,,DAL,1610612742.0,
Shot Chart Detail,22100675,235,0,Opponent,1610612761,Toronto Raptors,2,5,27,Made Shot,Alley Oop Layup shot,,Restricted Area,Center(C),Less Than 8 ft.,0,-7,6,1,1,20220119,DAL,TOR,22100675235,|1627783|1627832|1628384|1628449|1630173,1,REG,,,2022,1627783,-1.0,PF,Helper,0.72,Powell 1' Alley Oop Layup (2 PTS) (Brunson 2 AST),,,,DAL,1610612742.0,1628973.0
Shot Chart Detail,22100675,243,0,Opponent,1610612761,Toronto Raptors,2,4,50,Made Shot,Layup Shot,,Restricted Area,Center(C),Less Than 8 ft.,0,1,-1,1,1,20220119,DAL,TOR,22100675243,|1627783|1627832|1628384|1628449|1630173,1,REG,,,2022,1627783,1.0,PF,Helper,0.72,Doncic Layup (20 PTS) (Brunson 3 AST),,,,DAL,1610612742.0,1628973.0
Shot Chart Detail,22100675,259,0,Opponent,1610612761,Toronto Raptors,2,4,19,Made Shot,Turnaround Fadeaway Bank Jump Shot,,Mid-Range,Left Side(L),8-16 ft.,11,-92,69,1,1,20220119,DAL,TOR,22100675259,|1627783|1627832|1628384|1628449|1630551,0,REG,,,2022,1627783,1.0,PF,Helper,0.72,Porzingis 12' Turnaround Fadeaway Bank Jump Shot (8 PTS),,,,DAL,1610612742.0,
Shot Chart Detail,22100675,281,0,Opponent,1610612761,Toronto Raptors,2,2,56,Made Shot,Turnaround Fadeaway shot,,In The Paint (Non-RA),Center(C),8-16 ft.,11,39,112,1,1,20220119,DAL,TOR,22100675281,|1627783|1627832|1628384|1630173|1630551,1,REG,,,2022,1628384,0.0,SF,Wing Stopper,1.03,Porzingis 12' Turnaround Fadeaway (12 PTS) (Doncic 3 AST),,,,DAL,1610612742.0,1629029.0
Shot Chart Detail,22100675,290,0,Opponent,1610612761,Toronto Raptors,2,2,22,Made Shot,Step Back Jump shot,,In The Paint (Non-RA),Center(C),8-16 ft.,13,-43,125,1,1,20220119,DAL,TOR,22100675290,|1627783|1627832|1628384|1630173|1630551,1,REG,,,2022,1630173,1.0,C,Mobile Big,0.24,Porzingis 13' Step Back Jump Shot (14 PTS) (Doncic 4 AST),,,,DAL,1610612742.0,1629029.0
Shot Chart Detail,22100675,293,0,Opponent,1610612761,Toronto Raptors,2,1,50,Missed Shot,Cutting Dunk Shot,,Restricted Area,Center(C),Less Than 8 ft.,0,4,4,1,0,20220119,DAL,TOR,22100675293,|1627783|1627832|1628384|1630173|1630551,0,REG,,,2022,1630551,1.0,SF,Helper,-0.61,MISS Finney-Smith 1' Cutting Dunk Shot,,,,DAL,1610612742.0,
Shot Chart Detail,22100675,306,0,Opponent,1610612761,Toronto Raptors,2,0,50,Made Shot,Driving Floating Jump Shot,,In The Paint (Non-RA),Center(C),8-16 ft.,12,10,120,1,1,20220119,DAL,TOR,22100675306,|1627783|1627832|1628384|1628449|1630173,0,REG,,,2022,1627832,1.0,PG,Point of Attack,0.9,Doncic 12' Driving Floating Jump Shot (22 PTS),,,,DAL,1610612742.0,
Shot Chart Detail,22100675,326,0,Opponent,1610612761,Toronto Raptors,3,11,8,Made Shot,Driving Floating Bank Jump Shot,,In The Paint (Non-RA),Center(C),8-16 ft.,11,-43,111,1,1,20220119,DAL,TOR,22100675326,|1627783|1627832|1628384|1630173|1630567,1,REG,,,2022,1627832,1.0,PG,Point of Attack,0.9,Brunson 12' Driving Floating Bank Jump Shot (4 PTS) (Kleber 1 AST),,,,DAL,1610612742.0,1628467.0
Shot Chart Detail,22100675,330,0,Opponent,1610612761,Toronto Raptors,3,10,36,Made Shot,Driving Floating Jump Shot,,In The Paint (Non-RA),Center(C),Less Than 8 ft.,7,11,71,1,1,20220119,DAL,TOR,22100675330,|1627783|1627832|1628384|1630173|1630567,0,REG,,,2022,1627832|1627783,0.0,,,,,,,,DAL,1610612742.0,
Shot Chart Detail,22100675,333,0,Opponent,1610612761,Toronto Raptors,3,10,2,Missed Shot,Jump Shot,,Above the Break 3,Left Side Center(LC),24+ ft.,26,-120,235,1,0,20220119,DAL,TOR,22100675333,|1627783|1627832|1628384|1630173|1630567,0,REG,,,2022,1630173,-2.0,C,Mobile Big,0.24,MISS Porzingis 26' 3PT Jump Shot,,,,DAL,1610612742.0,
Shot Chart Detail,22100675,337,0,Opponent,1610612761,Toronto Raptors,3,9,42,Made Shot,Jump Shot,,Left Corner 3,Left Side(L),24+ ft.,22,-228,22,1,1,20220119,DAL,TOR,22100675337,|1627783|1627832|1628384|1630173|1630567,1,REG,,,2022,1627783,1.0,PF,Helper,0.72,Finney-Smith 3PT Jump Shot (7 PTS) (Kleber 2 AST),,,,DAL,1610612742.0,1628467.0
Shot Chart Detail,22100675,341,0,Opponent,1610612761,Toronto Raptors,3,9,12,Missed Shot,Alley Oop Dunk Shot,,Restricted Area,Center(C),Less Than 8 ft.,1,1,13,1,0,20220119,DAL,TOR,22100675341,|1627783|1627832|1628384|1630173|1630567,0,REG,,,2022,1628384,1.0,SF,Wing Stopper,1.03,MISS Finney-Smith 1' Alley Oop Dunk,,,,DAL,1610612742.0,
Shot Chart Detail,22100675,343,0,Opponent,1610612761,Toronto Raptors,3,9,9,Missed Shot,Jump Shot,,Left Corner 3,Left Side(L),24+ ft.,22,-223,8,1,0,20220119,DAL,TOR,22100675343,|1627783|1627832|1628384|1630173|1630567,0,REG,,,2022,1630173,1.0,C,Mobile Big,0.24,MISS Finney-Smith 3PT Jump Shot,,,,DAL,1610612742.0,
Shot Chart Detail,22100675,351,0,Opponent,1610612761,Toronto Raptors,3,8,31,Made Shot,Pullup Jump shot,,Above the Break 3,Center(C),24+ ft.,25,31,250,1,1,20220119,DAL,TOR,22100675351,|1627783|1627832|1628384|1630173|1630567,0,REG,,,2022,1630173,4.0,C,Mobile Big,0.24,Doncic 25' 3PT Pullup Jump Shot (25 PTS),,,,DAL,1610612742.0,
Shot Chart Detail,22100675,353,0,Opponent,1610612761,Toronto Raptors,3,8,11,Missed Shot,Jump Shot,,Right Corner 3,Right Side(R),24+ ft.,22,225,35,1,0,20220119,DAL,TOR,22100675353,|1627783|1627832|1628384|1630173|1630567,0,REG,,,2022,1627783,4.0,PF,Helper,0.72,MISS Finney-Smith 3PT Jump Shot,,,,DAL,1610612742.0,
Shot Chart Detail,22100675,357,0,Opponent,1610612761,Toronto Raptors,3,7,54,Missed Shot,Pullup Jump shot,,Mid-Range,Right Side(R),8-16 ft.,12,123,32,1,0,20220119,DAL,TOR,22100675357,|1627783|1627832|1628384|1630173|1630567,0,REG,,,2022,1627832,4.0,PG,Point of Attack,0.9,MISS Brunson 13' Pullup Jump Shot,,,,DAL,1610612742.0,
Shot Chart Detail,22100675,359,0,Opponent,1610612761,Toronto Raptors,3,7,49,Missed Shot,Tip Layup Shot,,Restricted Area,Center(C),Less Than 8 ft.,0,0,0,1,0,20220119,DAL,TOR,22100675359,|1627783|1627832|1628384|1630173|1630567,0,REG,,,2022,1630567,4.0,PF,Helper,0.63,MISS Porzingis Tip Layup Shot,,,,DAL,1610612742.0,
Shot Chart Detail,22100675,367,0,Opponent,1610612761,Toronto Raptors,3,6,55,Missed Shot,Jump Shot,,Right Corner 3,Right Side(R),24+ ft.,23,232,36,1,0,20220119,DAL,TOR,22100675367,|1627783|1627832|1628384|1630173|1630567,0,REG,,,2022,1628384,2.0,SF,Wing Stopper,1.03,MISS Finney-Smith 3PT Jump Shot,,,,DAL,1610612742.0,
Shot Chart Detail,22100675,380,0,Opponent,1610612761,Toronto Raptors,3,5,45,Missed Shot,Jump Shot,,Above the Break 3,Right Side Center(RC),24+ ft.,26,140,222,1,0,20220119,DAL,TOR,22100675380,|1627783|1627832|1628384|1630173|1630567,0,REG,,,2022,1630173,2.0,C,Mobile Big,0.24,MISS Brunson 26' 3PT Jump Shot,,,,DAL,1610612742.0,
Shot Chart Detail,22100675,392,0,Opponent,1610612761,Toronto Raptors,3,5,20,Made Shot,Turnaround Fadeaway shot,,In The Paint (Non-RA),Center(C),Less Than 8 ft.,6,33,52,1,1,20220119,DAL,TOR,22100675392,|1627783|1627832|1628449|1630173|1630567,0,REG,,,2022,1630567,2.0,PF,Helper,0.63,Doncic 6' Turnaround Fadeaway (27 PTS),,,,DAL,1610612742.0,
Shot Chart Detail,22100675,406,0,Opponent,1610612761,Toronto Raptors,3,4,24,Made Shot,Alley Oop Dunk Shot,,Restricted Area,Center(C),Less Than 8 ft.,0,2,8,1,1,20220119,DAL,TOR,22100675406,|1627783|1627832|1628384|1628449|1630173,1,REG,,,2022,1627832|1627783,7.0,,,,,,,,DAL,1610612742.0,1628973.0
Shot Chart Detail,22100675,413,0,Opponent,1610612761,Toronto Raptors,3,3,51,Made Shot,Driving Floating Jump Shot,,Restricted Area,Center(C),Less Than 8 ft.,3,1,35,1,1,20220119,DAL,TOR,22100675413,|1627783|1627832|1628384|1628449|1630173,0,REG,,,2022,1627832,9.0,PG,Point of Attack,0.9,Brunson 4' Driving Floating Jump Shot (8 PTS),,,,DAL,1610612742.0,
Shot Chart Detail,22100675,416,0,Opponent,1610612761,Toronto Raptors,3,3,15,Missed Shot,Fadeaway Jump Shot,,In The Paint (Non-RA),Right Side(R),8-16 ft.,9,72,56,1,0,20220119,DAL,TOR,22100675416,|1627783|1627832|1628384|1628449|1630173,0,REG,,,2022,1627832|1627783,9.0,,,,,,,,DAL,1610612742.0,
Shot Chart Detail,22100675,427,0,Opponent,1610612761,Toronto Raptors,3,2,31,Missed Shot,Jump Shot,,Above the Break 3,Right Side Center(RC),24+ ft.,26,190,183,1,0,20220119,DAL,TOR,22100675427,|1627783|1627832|1628384|1628449|1630173,0,REG,,,2022,1628384,7.0,SF,Wing Stopper,1.03,MISS Hardaway Jr. 26' 3PT Jump Shot,,,,DAL,1610612742.0,
Shot Chart Detail,22100675,444,0,Opponent,1610612761,Toronto Raptors,3,1,59,Missed Shot,Jump Shot,,Above the Break 3,Right Side Center(RC),24+ ft.,26,112,239,1,0,20220119,DAL,TOR,22100675444,|1627832|1628384|1628449|1630173|1630551,0,REG,,,2022,1628449,6.0,SF,Helper,0.4,MISS Doncic 26' 3PT Jump Shot,,,,DAL,1610612742.0,
Shot Chart Detail,22100675,447,0,Opponent,1610612761,Toronto Raptors,3,1,36,Made Shot,Alley Oop Layup shot,,Restricted Area,Center(C),Less Than 8 ft.,1,5,17,1,1,20220119,DAL,TOR,22100675447,|1627832|1628384|1628449|1630173|1630551,1,REG,,,2022,1630173,8.0,C,Mobile Big,0.24,Green 2' Alley Oop Layup (2 PTS) (Doncic 5 AST),,,,DAL,1610612742.0,1629029.0
Shot Chart Detail,22100675,451,0,Opponent,1610612761,Toronto Raptors,3,1,5,Made Shot,Driving Bank Hook Shot,,In The Paint (Non-RA),Center(C),Less Than 8 ft.,4,35,23,1,1,20220119,DAL,TOR,22100675451,|1627832|1628384|1628449|1630173|1630551,1,REG,,,2022,1628449|1627832,10.0,,,,,,,,DAL,1610612742.0,1629029.0
Shot Chart Detail,22100675,455,0,Opponent,1610612761,Toronto Raptors,3,0,34,Missed Shot,Driving Floating Jump Shot,,In The Paint (Non-RA),Center(C),Less Than 8 ft.,5,-27,46,1,0,20220119,DAL,TOR,22100675455,|1627832|1628384|1628449|1630173|1630551,0,REG,,,2022,1627832,7.0,PG,Point of Attack,0.9,MISS Doncic 5' Driving Floating Jump Shot,,,,DAL,1610612742.0,
Shot Chart Detail,22100675,457,0,Opponent,1610612761,Toronto Raptors,3,0,30,Missed Shot,Jump Shot,,Above the Break 3,Center(C),24+ ft.,33,26,330,1,0,20220119,DAL,TOR,22100675457,|1627832|1628384|1628449|1630173|1630551,0,REG,,,2022,1628384,7.0,SF,Wing Stopper,1.03,MISS Hardaway Jr. 33' 3PT Jump Shot,,,,DAL,1610612742.0,
Shot Chart Detail,22100675,460,0,Opponent,1610612761,Toronto Raptors,3,0,1,Made Shot,Jump Shot,,Right Corner 3,Right Side(R),24+ ft.,23,229,29,1,1,20220119,DAL,TOR,22100675460,|1627832|1628384|1628449|1630173|1630551,1,REG,,,2022,1628449,7.0,SF,Helper,0.4,Green 3PT Jump Shot (5 PTS) (Hardaway Jr. 1 AST),,,,DAL,1610612742.0,203501.0
Shot Chart Detail,22100675,476,0,Opponent,1610612761,Toronto Raptors,4,11,22,Missed Shot,Jump Shot,,Above the Break 3,Right Side Center(RC),24+ ft.,26,129,231,1,0,20220119,DAL,TOR,22100675476,|1627783|1628384|1628449|1630551|1630567,0,REG,,,2022,1627783,7.0,PF,Helper,0.72,MISS Bullock 26' 3PT Jump Shot,,,,DAL,1610612742.0,
Shot Chart Detail,22100675,489,0,Opponent,1610612761,Toronto Raptors,4,10,53,Made Shot,Jump Shot,,Left Corner 3,Left Side(L),24+ ft.,22,-223,8,1,1,20220119,DAL,TOR,22100675489,|1627783|1628384|1628449|1630551|1630567,1,REG,,,2022,1628449,9.0,SF,Helper,0.4,Hardaway Jr. 3PT Jump Shot (16 PTS) (Bullock 2 AST),,,,DAL,1610612742.0,203493.0
Shot Chart Detail,22100675,494,0,Opponent,1610612761,Toronto Raptors,4,10,16,Missed Shot,Turnaround Jump Shot,,Mid-Range,Right Side Center(RC),16-24 ft.,16,99,126,1,0,20220119,DAL,TOR,22100675494,|1627783|1628384|1628449|1630551|1630567,0,REG,,,2022,1628384,7.0,SF,Wing Stopper,1.03,MISS Porzingis 16' Turnaround Jump Shot,,,,DAL,1610612742.0,
Shot Chart Detail,22100675,518,0,Opponent,1610612761,Toronto Raptors,4,8,46,Missed Shot,Jump Shot,,Right Corner 3,Right Side(R),24+ ft.,23,227,50,1,0,20220119,DAL,TOR,22100675518,|1627783|1627832|1628384|1628449|1630567,0,REG,,,2022,1627832,6.0,PG,Point of Attack,0.9,MISS Brunson 3PT Jump Shot,,,,DAL,1610612742.0,
Shot Chart Detail,22100675,536,0,Opponent,1610612761,Toronto Raptors,4,7,18,Missed Shot,Layup Shot,,Restricted Area,Center(C),Less Than 8 ft.,2,-20,11,1,0,20220119,DAL,TOR,22100675536,|1627783|1627832|1628384|1628449|1630567,0,REG,,,2022,1628449,4.0,SF,Helper,0.4,MISS Porzingis 2' Layup,,,,DAL,1610612742.0,
Shot Chart Detail,22100675,554,0,Opponent,1610612761,Toronto Raptors,4,6,33,Missed Shot,Jump Shot,,Right Corner 3,Right Side(R),24+ ft.,22,222,19,1,0,20220119,DAL,TOR,22100675554,|1627783|1627832|1628384|1628449|1630567,0,REG,,,2022,1630567,2.0,PF,Helper,0.63,MISS Bullock 3PT Jump Shot,,,,DAL,1610612742.0,
Shot Chart Detail,22100675,556,0,Opponent,1610612761,Toronto Raptors,4,6,28,Made Shot,Jump Shot,,Above the Break 3,Center(C),24+ ft.,25,-69,241,1,1,20220119,DAL,TOR,22100675556,|1627783|1627832|1628384|1628449|1630567,1,REG,,,2022,,,,,,,,,,DAL,1610612742.0,203939.0
Shot Chart Detail,22100675,560,0,Opponent,1610612761,Toronto Raptors,4,5,53,Missed Shot,Jump Shot,,Left Corner 3,Left Side(L),24+ ft.,22,-224,6,1,0,20220119,DAL,TOR,22100675560,|1627783|1627832|1628384|1628449|1630567,0,REG,,,2022,1628384,5.0,SF,Wing Stopper,1.03,MISS Bullock 3PT Jump Shot,,,,DAL,1610612742.0,
Shot Chart Detail,22100675,564,0,Opponent,1610612761,Toronto Raptors,4,5,14,Missed Shot,Jump Shot,,Left Corner 3,Left Side(L),24+ ft.,22,-228,15,1,0,20220119,DAL,TOR,22100675564,|1627783|1627832|1628384|1628449|1630567,0,REG,,,2022,1627832,3.0,PG,Point of Attack,0.9,MISS Finney-Smith 3PT Jump Shot,,,,DAL,1610612742.0,
Shot Chart Detail,22100675,566,0,Opponent,1610612761,Toronto Raptors,4,5,2,Made Shot,Jump Shot,,Right Corner 3,Right Side(R),24+ ft.,23,228,46,1,1,20220119,DAL,TOR,22100675566,|1627783|1627832|1628384|1628449|1630567,1,REG,,,2022,1627832,6.0,PG,Point of Attack,0.9,Bullock 3PT Jump Shot (3 PTS) (Doncic 7 AST),,,,DAL,1610612742.0,1629029.0
Shot Chart Detail,22100675,574,0,Opponent,1610612761,Toronto Raptors,4,4,14,Missed Shot,Turnaround Fadeaway shot,,In The Paint (Non-RA),Center(C),8-16 ft.,10,-36,96,1,0,20220119,DAL,TOR,22100675574,|1627783|1627832|1628384|1628449|1630567,0,REG,,,2022,1630567,4.0,PF,Helper,0.63,MISS Doncic 10' Turnaround Fadeaway Shot,,,,DAL,1610612742.0,
Shot Chart Detail,22100675,598,0,Opponent,1610612761,Toronto Raptors,4,2,47,Missed Shot,Step Back Jump shot,,Above the Break 3,Center(C),24+ ft.,25,69,245,1,0,20220119,DAL,TOR,22100675598,|1627783|1627832|1628384|1628449|1630567,0,REG,,,2022,1630567,2.0,PF,Helper,0.63,MISS Doncic 25' 3PT Step Back Jump Shot,,,,DAL,1610612742.0,
Shot Chart Detail,22100675,602,0,Opponent,1610612761,Toronto Raptors,4,2,3,Missed Shot,Pullup Jump shot,,Mid-Range,Left Side(L),8-16 ft.,13,-113,82,1,0,20220119,DAL,TOR,22100675602,|1627783|1627832|1628384|1628449|1630567,0,REG,,,2022,1627832,2.0,PG,Point of Attack,0.9,MISS Brunson 14' Pullup Jump Shot,,,,DAL,1610612742.0,
Shot Chart Detail,22100675,605,0,Opponent,1610612761,Toronto Raptors,4,1,45,Made Shot,Driving Layup Shot,,Restricted Area,Center(C),Less Than 8 ft.,1,2,10,1,1,20220119,DAL,TOR,22100675605,|1627783|1627832|1628384|1628449|1630567,0,REG,,,2022,1630567,1.0,PF,Helper,0.63,Doncic 1' Driving Layup (38 PTS),,,,DAL,1610612742.0,
Shot Chart Detail,22100675,608,0,Opponent,1610612761,Toronto Raptors,4,1,1,Made Shot,Pullup Jump shot,,Above the Break 3,Left Side Center(LC),24+ ft.,27,-189,197,1,1,20220119,DAL,TOR,22100675608,|1627783|1627832|1628384|1628449|1630567,1,REG,,,2022,1630567,4.0,PF,Helper,0.63,Doncic 27' 3PT Pullup Jump Shot (41 PTS) (Finney-Smith 2 AST),,,,DAL,1610612742.0,1627827.0
Shot Chart Detail,22100689,8,0,Opponent,1610612761,Toronto Raptors,1,11,29,Made Shot,Jump Shot,,Left Corner 3,Left Side(L),24+ ft.,23,-230,7,1,1,20220121,WAS,TOR,221006898,|1627783|1627832|1628384|1629018|1630567,1,REG,,,2022,1629018,3.0,SG,Chaser,0.19,Caldwell-Pope 3PT Jump Shot (3 PTS) (Beal 1 AST),,,,WAS,1610612764.0,203078.0
Shot Chart Detail,22100689,12,0,Opponent,1610612761,Toronto Raptors,1,11,1,Made Shot,Cutting Dunk Shot,,Restricted Area,Center(C),Less Than 8 ft.,2,11,17,1,1,20220121,WAS,TOR,2210068912,|1627783|1627832|1628384|1629018|1630567,1,REG,,,2022,1627783,5.0,PF,Helper,0.72,Gafford 2' Cutting Dunk Shot (2 PTS) (Avdija 1 AST),,,,WAS,1610612764.0,1630166.0
Shot Chart Detail,22100689,15,0,Opponent,1610612761,Toronto Raptors,1,10,33,Made Shot,Jump Shot,,Above the Break 3,Left Side Center(LC),24+ ft.,27,-180,206,1,1,20220121,WAS,TOR,2210068915,|1627783|1627832|1628384|1629018|1630567,1,REG,,,2022,1627832,5.0,PG,Point of Attack,0.9,Dinwiddie 27' 3PT Jump Shot (3 PTS) (Avdija 2 AST),,,,WAS,1610612764.0,1630166.0
Shot Chart Detail,22100689,19,0,Opponent,1610612761,Toronto Raptors,1,10,12,Made Shot,Cutting Layup Shot,,Restricted Area,Center(C),Less Than 8 ft.,2,20,4,1,1,20220121,WAS,TOR,2210068919,|1627783|1627832|1628384|1629018|1630567,1,REG,,,2022,1630567,7.0,PF,Helper,0.63,Gafford 2' Cutting Layup Shot (4 PTS) (Beal 2 AST),,,,WAS,1610612764.0,203078.0
Shot Chart Detail,22100689,25,0,Opponent,1610612761,Toronto Raptors,1,9,28,Missed Shot,Jump Shot,,Above the Break 3,Center(C),24+ ft.,27,56,267,1,0,20220121,WAS,TOR,2210068925,|1627783|1627832|1628384|1628449|1629018,0,REG,,,2022,1627783,5.0,PF,Helper,0.72,MISS Dinwiddie 27' 3PT Jump Shot,,,,WAS,1610612764.0,
Shot Chart Detail,22100689,27,0,Opponent,1610612761,Toronto Raptors,1,9,22,Missed Shot,Jump Shot,,Right Corner 3,Right Side(R),24+ ft.,23,234,53,1,0,20220121,WAS,TOR,2210068927,|1627783|1627832|1628384|1628449|1629018,0,REG,,,2022,1628384,5.0,SF,Wing Stopper,1.03,MISS Beal 24' 3PT Jump Shot,,,,WAS,1610612764.0,
Shot Chart Detail,22100689,29,0,Opponent,1610612761,Toronto Raptors,1,9,17,Missed Shot,Jump Shot,,Above the Break 3,Left Side Center(LC),24+ ft.,26,-200,181,1,0,20220121,WAS,TOR,2210068929,|1627783|1627832|1628384|1628449|1629018,0,REG,,,2022,1629018,5.0,SG,Chaser,0.19,MISS Caldwell-Pope 27' 3PT Jump Shot,,,,WAS,1610612764.0,
Shot Chart Detail,22100689,40,0,Opponent,1610612761,Toronto Raptors,1,8,13,Missed Shot,Driving Layup Shot,,Restricted Area,Center(C),Less Than 8 ft.,2,17,21,1,0,20220121,WAS,TOR,2210068940,|1627783|1627832|1628384|1628449|1629018,0,REG,,,2022,1628449,5.0,SF,Helper,0.4,MISS Beal 3' Driving Layup,,,,WAS,1610612764.0,
Shot Chart Detail,22100689,44,0,Opponent,1610612761,Toronto Raptors,1,7,49,Missed Shot,Jump Shot,,Right Corner 3,Right Side(R),24+ ft.,23,232,47,1,0,20220121,WAS,TOR,2210068944,|1627783|1627832|1628384|1628449|1629018,0,REG,,,2022,1628449,5.0,SF,Helper,0.4,MISS Caldwell-Pope 24' 3PT Jump Shot,,,,WAS,1610612764.0,
Shot Chart Detail,22100689,50,0,Opponent,1610612761,Toronto Raptors,1,7,21,Made Shot,Dunk Shot,,Restricted Area,Center(C),Less Than 8 ft.,0,-6,2,1,1,20220121,WAS,TOR,2210068950,|1627783|1627832|1628384|1628449|1629018,1,REG,,,2022,,,,,,,,,,WAS,1610612764.0,1630166.0
Shot Chart Detail,22100689,54,0,Opponent,1610612761,Toronto Raptors,1,7,6,Made Shot,Reverse Layup Shot,,Restricted Area,Center(C),Less Than 8 ft.,1,-4,12,1,1,20220121,WAS,TOR,2210068954,|1627783|1627832|1628384|1628449|1629018,1,REG,,,2022,1627832,7.0,PG,Point of Attack,0.9,Beal 1' Reverse Layup (2 PTS) (Caldwell-Pope 1 AST),,,,WAS,1610612764.0,203484.0
Shot Chart Detail,22100689,58,0,Opponent,1610612761,Toronto Raptors,1,6,25,Made Shot,Layup Shot,,Restricted Area,Center(C),Less Than 8 ft.,2,-9,23,1,1,20220121,WAS,TOR,2210068958,|1627783|1627832|1628384|1628449|1629018,1,REG,,,2022,1627832,6.0,PG,Point of Attack,0.9,Beal 2' Layup (4 PTS) (Caldwell-Pope 2 AST),,,,WAS,1610612764.0,203484.0
Shot Chart Detail,22100689,62,0,Opponent,1610612761,Toronto Raptors,1,6,4,Missed Shot,Alley Oop Dunk Shot,,Restricted Area,Center(C),Less Than 8 ft.,2,18,12,1,0,20220121,WAS,TOR,2210068962,|1627783|1627832|1628384|1628449|1629018,0,REG,,,2022,1628449,6.0,SF,Helper,0.4,MISS Gafford 2' Alley Oop Dunk,,,,WAS,1610612764.0,
Shot Chart Detail,22100689,82,0,Opponent,1610612761,Toronto Raptors,1,4,59,Missed Shot,Layup Shot,,Restricted Area,Center(C),Less Than 8 ft.,1,17,10,1,0,20220121,WAS,TOR,2210068982,|1627783|1627832|1628449|1630173|1630567,0,REG,,,2022,1627832|1630173,8.0,,,,,,,,WAS,1610612764.0,
Shot Chart Detail,22100689,84,0,Opponent,1610612761,Toronto Raptors,1,4,51,Made Shot,Tip Dunk Shot,,Restricted Area,Center(C),Less Than 8 ft.,0,0,0,1,1,20220121,WAS,TOR,2210068984,|1627783|1627832|1628449|1630173|1630567,0,REG,,,2022,1627832,10.0,PG,Point of Attack,0.9,Bryant Tip Dunk Shot (2 PTS),,,,WAS,1610612764.0,
Shot Chart Detail,22100689,92,0,Opponent,1610612761,Toronto Raptors,1,4,12,Missed Shot,Pullup Jump shot,,Mid-Range,Right Side Center(RC),16-24 ft.,18,142,122,1,0,20220121,WAS,TOR,2210068992,|1627832|1628449|1629139|1630173|1630567,0,REG,,,2022,1629139,8.0,SF,Helper,0.1,MISS Hachimura 19' Pullup Jump Shot,,,,WAS,1610612764.0,
Shot Chart Detail,22100689,96,0,Opponent,1610612761,Toronto Raptors,1,3,48,Missed Shot,Layup Shot,,In The Paint (Non-RA),Center(C),Less Than 8 ft.,4,25,37,1,0,20220121,WAS,TOR,2210068996,|1627832|1628449|1629139|1630173|1630567,0,REG,,,2022,1627832|1630173|1630567,8.0,,,,,,,,WAS,1610612764.0,
Shot Chart Detail,22100689,98,0,Opponent,1610612761,Toronto Raptors,1,3,43,Made Shot,Tip Layup Shot,,Restricted Area,Center(C),Less Than 8 ft.,0,0,0,1,1,20220121,WAS,TOR,2210068998,|1627832|1628449|1629139|1630173|1630567,0,REG,,,2022,1627832|1630173|1630567,10.0,,,,,,,,WAS,1610612764.0,
Shot Chart Detail,22100689,101,0,Opponent,1610612761,Toronto Raptors,1,3,11,Made Shot,Hook Shot,,Restricted Area,Center(C),Less Than 8 ft.,1,0,10,1,1,20220121,WAS,TOR,22100689101,|1627832|1628449|1629139|1630173|1630567,0,REG,,,2022,1628449,12.0,SF,Helper,0.4,Bryant 1' Hook Shot (4 PTS),,,,WAS,1610612764.0,
Shot Chart Detail,22100689,103,0,Opponent,1610612761,Toronto Raptors,1,2,46,Missed Shot,Layup Shot,,Restricted Area,Center(C),Less Than 8 ft.,2,9,28,1,0,20220121,WAS,TOR,22100689103,|1627832|1628449|1629139|1630173|1630567,0,REG,,,2022,1628449,9.0,SF,Helper,0.4,MISS Bryant 3' Layup,,,,WAS,1610612764.0,
Shot Chart Detail,22100689,116,0,Opponent,1610612761,Toronto Raptors,1,2,44,Missed Shot,Jump Shot,,Right Corner 3,Right Side(R),24+ ft.,23,230,57,1,0,20220121,WAS,TOR,22100689116,|1627832|1628384|1629139|1630173|1630567,0,REG,,,2022,1630567,9.0,PF,Helper,0.63,MISS Bertans 24' 3PT Jump Shot,,,,WAS,1610612764.0,
Shot Chart Detail,22100689,125,0,Opponent,1610612761,Toronto Raptors,1,2,10,Made Shot,Floating Jump shot,,In The Paint (Non-RA),Center(C),Less Than 8 ft.,6,6,67,1,1,20220121,WAS,TOR,22100689125,|1627832|1628384|1629139|1630173|1630567,1,REG,,,2022,1627832,11.0,PG,Point of Attack,0.9,Kispert 7' Floating Jump Shot (2 PTS) (Dinwiddie 1 AST),,,,WAS,1610612764.0,203915.0
Shot Chart Detail,22100689,129,0,Opponent,1610612761,Toronto Raptors,1,1,38,Missed Shot,Step Back Jump shot,,Mid-Range,Right Side Center(RC),16-24 ft.,20,116,163,1,0,20220121,WAS,TOR,22100689129,|1627832|1628384|1629139|1630173|1630567,0,REG,,,2022,1629139,11.0,SF,Helper,0.1,MISS Dinwiddie 20' Step Back Jump Shot,,,,WAS,1610612764.0,
Shot Chart Detail,22100689,132,0,Opponent,1610612761,Toronto Raptors,1,1,12,Made Shot,Driving Layup Shot,,Restricted Area,Center(C),Less Than 8 ft.,3,28,23,1,1,20220121,WAS,TOR,22100689132,|1627832|1628384|1629139|1630173|1630567,0,REG,,,2022,1630173,11.0,C,Mobile Big,0.24,Hachimura 4' Driving Layup (2 PTS),,,,WAS,1610612764.0,
Shot Chart Detail,22100689,137,0,Opponent,1610612761,Toronto Raptors,1,0,42,Missed Shot,Step Back Jump shot,,In The Paint (Non-RA),Right Side(R),8-16 ft.,13,71,120,1,0,20220121,WAS,TOR,22100689137,|1627832|1628384|1629139|1630173|1630567,0,REG,,,2022,1630567,8.0,PF,Helper,0.63,MISS Hachimura 14' Step Back Jump Shot,,,,WAS,1610612764.0,
Shot Chart Detail,22100689,139,0,Opponent,1610612761,Toronto Raptors,1,0,31,Missed Shot,Step Back Jump shot,,Mid-Range,Right Side(R),16-24 ft.,19,197,17,1,0,20220121,WAS,TOR,22100689139,|1627832|1628384|1629139|1630173|1630567,0,REG,,,2022,1629139,8.0,SF,Helper,0.1,MISS Dinwiddie 20' Step Back Jump Shot,,,,WAS,1610612764.0,
Shot Chart Detail,22100689,140,0,Opponent,1610612761,Toronto Raptors,1,9,16,Missed Shot,Tip Layup Shot,,Restricted Area,Center(C),Less Than 8 ft.,2,13,20,1,0,20220121,WAS,TOR,22100689140,|1627783|1627832|1628384|1628449|1629018,0,REG,,,2022,1628449|1628384,5.0,,,,,,,,WAS,1610612764.0,
Shot Chart Detail,22100689,143,0,Opponent,1610612761,Toronto Raptors,1,0,24,Made Shot,Putback Layup Shot,,Restricted Area,Center(C),Less Than 8 ft.,0,0,0,1,1,20220121,WAS,TOR,22100689143,|1627832|1628384|1629139|1630173|1630567,0,REG,,,2022,1630173,10.0,C,Mobile Big,0.24,Kispert Putback Layup (4 PTS),,,,WAS,1610612764.0,
Shot Chart Detail,22100689,146,0,Opponent,1610612761,Toronto Raptors,1,0,0,Missed Shot,Jump Shot,,Above the Break 3,Center(C),24+ ft.,25,23,258,1,0,20220121,WAS,TOR,22100689146,|1627832|1628384|1629139|1630173|1630567,0,REG,,,2022,1630173,10.0,C,Mobile Big,0.24,MISS Bryant 26' 3PT Jump Shot,,,,WAS,1610612764.0,
Shot Chart Detail,22100689,152,0,Opponent,1610612761,Toronto Raptors,2,11,46,Missed Shot,Jump Shot,,Above the Break 3,Center(C),24+ ft.,25,-2,253,1,0,20220121,WAS,TOR,22100689152,|1627783|1628384|1629139|1630173|1630567,0,REG,,,2022,1630567,10.0,PF,Helper,0.63,MISS Hachimura 25' 3PT Jump Shot,,,,WAS,1610612764.0,
Shot Chart Detail,22100689,157,0,Opponent,1610612761,Toronto Raptors,2,11,15,Missed Shot,Jump Shot,,Above the Break 3,Right Side Center(RC),24+ ft.,26,157,211,1,0,20220121,WAS,TOR,22100689157,|1627783|1628384|1629139|1630173|1630567,0,REG,,,2022,1630567,10.0,PF,Helper,0.63,MISS Bryant 26' 3PT Jump Shot,,,,WAS,1610612764.0,
Shot Chart Detail,22100689,161,0,Opponent,1610612761,Toronto Raptors,2,10,44,Missed Shot,Jump Shot,,Above the Break 3,Left Side Center(LC),24+ ft.,29,-192,218,1,0,20220121,WAS,TOR,22100689161,|1627783|1628384|1629139|1630173|1630567,0,REG,,,2022,1627783,10.0,PF,Helper,0.72,MISS Kispert 29' 3PT Jump Shot,,,,WAS,1610612764.0,
Shot Chart Detail,22100689,172,0,Opponent,1610612761,Toronto Raptors,2,10,9,Made Shot,Turnaround Fadeaway shot,,Mid-Range,Left Side(L),8-16 ft.,14,-116,95,1,1,20220121,WAS,TOR,22100689172,|1627783|1628384|1629018|1630173|1630567,0,REG,,,2022,1630567,12.0,PF,Helper,0.63,Hachimura 15' Turnaround Fadeaway (4 PTS),,,,WAS,1610612764.0,
Shot Chart Detail,22100689,174,0,Opponent,1610612761,Toronto Raptors,2,9,37,Made Shot,Layup Shot,,Restricted Area,Center(C),Less Than 8 ft.,3,-1,31,1,1,20220121,WAS,TOR,22100689174,|1627783|1628384|1629018|1630173|1630567,1,REG,,,2022,1630173|1630567,12.0,,,,,,,,WAS,1610612764.0,203915.0
Shot Chart Detail,22100689,178,0,Opponent,1610612761,Toronto Raptors,2,8,58,Made Shot,Cutting Layup Shot,,Restricted Area,Center(C),Less Than 8 ft.,1,-5,11,1,1,20220121,WAS,TOR,22100689178,|1627783|1628384|1629018|1630173|1630567,1,REG,,,2022,1629018|1628384,11.0,,,,,,,,WAS,1610612764.0,1626149.0
Shot Chart Detail,22100689,188,0,Opponent,1610612761,Toronto Raptors,2,8,20,Made Shot,Cutting Layup Shot,,Restricted Area,Center(C),Less Than 8 ft.,1,0,13,1,1,20220121,WAS,TOR,22100689188,|1627783|1628384|1629018|1630173|1630551,1,REG,,,2022,1630551,13.0,SF,Helper,-0.61,Bertans 1' Cutting Layup Shot (2 PTS) (Beal 3 AST),,,,WAS,1610612764.0,203078.0
Shot Chart Detail,22100689,194,0,Opponent,1610612761,Toronto Raptors,2,7,48,Made Shot,Jump Shot,,In The Paint (Non-RA),Left Side(L),8-16 ft.,11,-60,95,1,1,20220121,WAS,TOR,22100689194,|1627783|1628384|1629018|1630173|1630551,1,REG,,,2022,1629018,13.0,SG,Chaser,0.19,Hachimura 11' Jump Shot (8 PTS) (Beal 4 AST),,,,WAS,1610612764.0,203078.0
Shot Chart Detail,22100689,206,0,Opponent,1610612761,Toronto Raptors,2,6,39,Missed Shot,Jump Shot,,Left Corner 3,Left Side(L),24+ ft.,23,-233,18,1,0,20220121,WAS,TOR,22100689206,|1627783|1627832|1629018|1630173|1630551,0,REG,,,2022,1630551,8.0,SF,Helper,-0.61,MISS Avdija 3PT Jump Shot,,,,WAS,1610612764.0,
Shot Chart Detail,22100689,225,0,Opponent,1610612761,Toronto Raptors,2,5,55,Made Shot,Jump Shot,,Left Corner 3,Left Side(L),24+ ft.,22,-228,16,1,1,20220121,WAS,TOR,22100689225,|1627783|1627832|1628384|1629018|1630567,1,REG,,,2022,1630567,7.0,PF,Helper,0.63,Caldwell-Pope 3PT Jump Shot (6 PTS) (Beal 5 AST),,,,WAS,1610612764.0,203078.0
Shot Chart Detail,22100689,229,0,Opponent,1610612761,Toronto Raptors,2,5,29,Made Shot,Layup Shot,,Restricted Area,Center(C),Less Than 8 ft.,3,28,20,1,1,20220121,WAS,TOR,22100689229,|1627783|1627832|1628384|1629018|1630567,1,REG,,,2022,1629018,9.0,SG,Chaser,0.19,Avdija 3' Layup (2 PTS) (Beal 6 AST),,,,WAS,1610612764.0,203078.0
Shot Chart Detail,22100689,233,0,Opponent,1610612761,Toronto Raptors,2,5,1,Made Shot,Cutting Layup Shot,,Restricted Area,Center(C),Less Than 8 ft.,1,15,11,1,1,20220121,WAS,TOR,22100689233,|1627783|1627832|1628384|1629018|1630567,1,REG,,,2022,1629018,9.0,SG,Chaser,0.19,Caldwell-Pope 2' Cutting Layup Shot (8 PTS) (Harrell 2 AST),,,,WAS,1610612764.0,1626149.0
Shot Chart Detail,22100689,260,0,Opponent,1610612761,Toronto Raptors,2,3,3,Made Shot,Driving Layup Shot,,Restricted Area,Center(C),Less Than 8 ft.,3,5,37,1,1,20220121,WAS,TOR,22100689260,|1627783|1627832|1628384|1629018|1630567,1,REG,,,2022,1629018,2.0,SG,Chaser,0.19,Avdija 4' Driving Layup (4 PTS) (Caldwell-Pope 3 AST),,,,WAS,1610612764.0,203484.0
Shot Chart Detail,22100689,268,0,Opponent,1610612761,Toronto Raptors,2,2,35,Made Shot,Turnaround Fadeaway shot,,Mid-Range,Left Side(L),8-16 ft.,14,-148,5,1,1,20220121,WAS,TOR,22100689268,|1627783|1627832|1628384|1628449|1630567,1,REG,,,2022,1627783,4.0,PF,Helper,0.72,Harrell 15' Turnaround Fadeaway (2 PTS) (Caldwell-Pope 4 AST),,,,WAS,1610612764.0,203484.0
Shot Chart Detail,22100689,289,0,Opponent,1610612761,Toronto Raptors,2,0,8,Made Shot,Step Back Jump shot,,Above the Break 3,Left Side Center(LC),24+ ft.,29,-121,274,1,1,20220121,WAS,TOR,22100689289,|1627783|1627832|1628384|1628449|1630567,1,REG,,,2022,1627783,-1.0,PF,Helper,0.72,Dinwiddie 30' 3PT Step Back Jump Shot (6 PTS) (Beal 7 AST),,,,WAS,1610612764.0,203078.0
Shot Chart Detail,22100689,297,0,Opponent,1610612761,Toronto Raptors,3,11,44,Made Shot,Pullup Jump shot,,Mid-Range,Right Side Center(RC),16-24 ft.,18,115,147,1,1,20220121,WAS,TOR,22100689297,|1627783|1627832|1628384|1629018|1630567,1,REG,,,2022,1629018,1.0,SG,Chaser,0.19,Caldwell-Pope 19' Pullup Jump Shot (10 PTS) (Dinwiddie 3 AST),,,,WAS,1610612764.0,203915.0
Shot Chart Detail,22100689,313,0,Opponent,1610612761,Toronto Raptors,3,10,13,Made Shot,Driving Layup Shot,,Restricted Area,Center(C),Less Than 8 ft.,3,-27,27,1,1,20220121,WAS,TOR,22100689313,|1627783|1627832|1628384|1629018|1630567,0,REG,,,2022,1628384|1630567,1.0,,,,,,,,WAS,1610612764.0,
Shot Chart Detail,22100689,315,0,Opponent,1610612761,Toronto Raptors,3,9,50,Made Shot,Jump Shot,,Above the Break 3,Left Side Center(LC),24+ ft.,28,-100,263,1,1,20220121,WAS,TOR,22100689315,|1627783|1627832|1628384|1629018|1630567,1,REG,,,2022,1627832,1.0,PG,Point of Attack,0.9,Dinwiddie 28' 3PT Jump Shot (9 PTS) (Avdija 4 AST),,,,WAS,1610612764.0,1630166.0
Shot Chart Detail,22100689,321,0,Opponent,1610612761,Toronto Raptors,3,9,27,Missed Shot,Pullup Jump shot,,In The Paint (Non-RA),Center(C),Less Than 8 ft.,7,61,41,1,0,20220121,WAS,TOR,22100689321,|1627783|1627832|1628384|1629018|1630567,0,REG,,,2022,1627832,1.0,PG,Point of Attack,0.9,MISS Beal 7' Pullup Jump Shot,,,,WAS,1610612764.0,
Shot Chart Detail,22100689,331,0,Opponent,1610612761,Toronto Raptors,3,8,42,Missed Shot,Jump Shot,,Left Corner 3,Left Side(L),24+ ft.,23,-239,16,1,0,20220121,WAS,TOR,22100689331,|1627783|1627832|1628384|1629018|1630567,0,REG,,,2022,1627783,-1.0,PF,Helper,0.72,MISS Avdija 24' 3PT Jump Shot,,,,WAS,1610612764.0,
Shot Chart Detail,22100689,334,0,Opponent,1610612761,Toronto Raptors,3,8,27,Made Shot,Jump Shot,,Right Corner 3,Right Side(R),24+ ft.,22,227,15,1,1,20220121,WAS,TOR,22100689334,|1627783|1627832|1628384|1629018|1630567,1,REG,,,2022,1627783,2.0,PF,Helper,0.72,Avdija 3PT Jump Shot (7 PTS) (Dinwiddie 4 AST),,,,WAS,1610612764.0,203915.0
Shot Chart Detail,22100689,337,0,Opponent,1610612761,Toronto Raptors,3,7,39,Missed Shot,Pullup Jump shot,,Mid-Range,Left Side(L),8-16 ft.,13,-98,89,1,0,20220121,WAS,TOR,22100689337,|1627783|1627832|1628384|1629018|1630567,0,REG,,,2022,1627783|1630567,0.0,,,,,,,,WAS,1610612764.0,
Shot Chart Detail,22100689,343,0,Opponent,1610612761,Toronto Raptors,3,7,4,Made Shot,Pullup Jump shot,,Above the Break 3,Left Side Center(LC),24+ ft.,28,-105,266,1,1,20220121,WAS,TOR,22100689343,|1627783|1627832|1628384|1629018|1630567,0,REG,,,2022,1627832,3.0,PG,Point of Attack,0.9,Dinwiddie 29' 3PT Pullup Jump Shot (12 PTS),,,,WAS,1610612764.0,
Shot Chart Detail,22100689,353,0,Opponent,1610612761,Toronto Raptors,3,6,33,Made Shot,Layup Shot,,Restricted Area,Center(C),Less Than 8 ft.,3,-33,14,1,1,20220121,WAS,TOR,22100689353,|1627783|1627832|1628384|1628449|1629018,1,REG,,,2022,1629018,2.0,SG,Chaser,0.19,Beal 4' Layup (12 PTS) (Avdija 5 AST),,,,WAS,1610612764.0,1630166.0
Shot Chart Detail,22100689,356,0,Opponent,1610612761,Toronto Raptors,3,6,6,Missed Shot,Jump Shot,,Above the Break 3,Right Side Center(RC),24+ ft.,25,164,201,1,0,20220121,WAS,TOR,22100689356,|1627783|1627832|1628384|1628449|1629018,0,REG,,,2022,1628449,0.0,SF,Helper,0.4,MISS Avdija 26' 3PT Jump Shot,,,,WAS,1610612764.0,
Shot Chart Detail,22100689,360,0,Opponent,1610612761,Toronto Raptors,3,5,38,Missed Shot,Jump Shot,,Left Corner 3,Left Side(L),24+ ft.,23,-230,24,1,0,20220121,WAS,TOR,22100689360,|1627783|1627832|1628384|1628449|1629018,0,REG,,,2022,1627783,0.0,PF,Helper,0.72,MISS Caldwell-Pope 3PT Jump Shot,,,,WAS,1610612764.0,
Shot Chart Detail,22100689,373,0,Opponent,1610612761,Toronto Raptors,3,5,7,Missed Shot,Pullup Jump shot,,Mid-Range,Right Side(R),8-16 ft.,15,91,124,1,0,20220121,WAS,TOR,22100689373,|1627783|1627832|1628449|1630173|1630567,0,REG,,,2022,1630173,-2.0,C,Mobile Big,0.24,MISS Beal 15' Pullup Jump Shot,,,,WAS,1610612764.0,
Shot Chart Detail,22100689,386,0,Opponent,1610612761,Toronto Raptors,3,4,3,Missed Shot,Cutting Layup Shot,,Restricted Area,Center(C),Less Than 8 ft.,1,11,11,1,0,20220121,WAS,TOR,22100689386,|1627783|1627832|1628449|1630173|1630567,0,REG,,,2022,1627783,-6.0,PF,Helper,0.72,MISS Hachimura 2' Cutting Layup Shot,,,,WAS,1610612764.0,
Shot Chart Detail,22100689,393,0,Opponent,1610612761,Toronto Raptors,3,3,35,Made Shot,Driving Floating Jump Shot,,In The Paint (Non-RA),Center(C),Less Than 8 ft.,7,33,64,1,1,20220121,WAS,TOR,22100689393,|1627783|1627832|1628449|1630173|1630567,0,REG,,,2022,1627832,-7.0,PG,Point of Attack,0.9,Neto 7' Driving Floating Jump Shot (2 PTS),,,,WAS,1610612764.0,
Shot Chart Detail,22100689,397,0,Opponent,1610612761,Toronto Raptors,3,3,8,Made Shot,Jump Shot,,Above the Break 3,Right Side Center(RC),24+ ft.,26,167,203,1,1,20220121,WAS,TOR,22100689397,|1627783|1627832|1628449|1630173|1630567,1,REG,,,2022,1627783,-4.0,PF,Helper,0.72,Hachimura 26' 3PT Jump Shot (11 PTS) (Beal 8 AST),,,,WAS,1610612764.0,203078.0
Shot Chart Detail,22100689,400,0,Opponent,1610612761,Toronto Raptors,3,2,40,Missed Shot,Jump Shot,,Above the Break 3,Right Side Center(RC),24+ ft.,26,137,225,1,0,20220121,WAS,TOR,22100689400,|1627783|1627832|1628449|1630173|1630567,0,REG,,,2022,1628449,-6.0,SF,Helper,0.4,MISS Hachimura 26' 3PT Jump Shot,,,,WAS,1610612764.0,
Shot Chart Detail,22100689,405,0,Opponent,1610612761,Toronto Raptors,3,2,27,Missed Shot,Jump Shot,,Above the Break 3,Left Side Center(LC),24+ ft.,26,-118,240,1,0,20220121,WAS,TOR,22100689405,|1627783|1627832|1628449|1630173|1630567,0,REG,,,2022,,,,,,,,,,WAS,1610612764.0,
Shot Chart Detail,22100689,417,0,Opponent,1610612761,Toronto Raptors,3,1,59,Missed Shot,Jump Shot,,Above the Break 3,Right Side Center(RC),24+ ft.,28,143,248,1,0,20220121,WAS,TOR,22100689417,|1627832|1628384|1628449|1630173|1630567,0,REG,,,2022,1630173,-9.0,C,Mobile Big,0.24,MISS Kispert 29' 3PT Jump Shot,,,,WAS,1610612764.0,
Shot Chart Detail,22100689,423,0,Opponent,1610612761,Toronto Raptors,3,1,17,Missed Shot,Pullup Jump shot,,In The Paint (Non-RA),Center(C),8-16 ft.,14,-71,124,1,0,20220121,WAS,TOR,22100689423,|1627832|1628384|1628449|1630173|1630567,0,REG,,,2022,1628449,-12.0,SF,Helper,0.4,MISS Hachimura 14' Pullup Jump Shot,,,,WAS,1610612764.0,
Shot Chart Detail,22100689,433,0,Opponent,1610612761,Toronto Raptors,3,0,47,Missed Shot,Driving Layup Shot,,Restricted Area,Center(C),Less Than 8 ft.,3,-31,22,1,0,20220121,WAS,TOR,22100689433,|1627832|1628384|1628449|1630173|1630567,0,REG,,,2022,1630173,-14.0,C,Mobile Big,0.24,MISS Bryant 4' Driving Layup,,,,WAS,1610612764.0,
Shot Chart Detail,22100689,438,0,Opponent,1610612761,Toronto Raptors,3,0,14,Missed Shot,Jump Shot,,Above the Break 3,Left Side Center(LC),24+ ft.,26,-208,162,1,0,20220121,WAS,TOR,22100689438,|1627832|1628384|1628449|1630173|1630567,0,REG,,,2022,1627832,-14.0,PG,Point of Attack,0.9,MISS Kispert 26' 3PT Jump Shot,,,,WAS,1610612764.0,
Shot Chart Detail,22100689,453,0,Opponent,1610612761,Toronto Raptors,4,11,20,Missed Shot,Jump Shot,,Above the Break 3,Right Side Center(RC),24+ ft.,31,115,292,1,0,20220121,WAS,TOR,22100689453,|1627783|1628384|1628449|1630173|1630567,0,REG,,,2022,1628449,-16.0,SF,Helper,0.4,MISS Bertans 31' 3PT Jump Shot,,,,WAS,1610612764.0,
Shot Chart Detail,22100689,457,0,Opponent,1610612761,Toronto Raptors,4,10,40,Made Shot,Step Back Jump shot,,Above the Break 3,Left Side Center(LC),24+ ft.,26,-137,229,1,1,20220121,WAS,TOR,22100689457,|1627783|1628384|1628449|1630173|1630567,0,REG,,,2022,1630173,-15.0,C,Mobile Big,0.24,Beal 27' 3PT Step Back Jump Shot (15 PTS),,,,WAS,1610612764.0,
Shot Chart Detail,22100689,462,0,Opponent,1610612761,Toronto Raptors,4,10,8,Missed Shot,Jump Shot,,Above the Break 3,Right Side Center(RC),24+ ft.,26,157,209,1,0,20220121,WAS,TOR,22100689462,|1627783|1628384|1628449|1630173|1630567,0,REG,,,2022,1628449,-15.0,SF,Helper,0.4,MISS Bertans 26' 3PT Jump Shot,,,,WAS,1610612764.0,
Shot Chart Detail,22100689,470,0,Opponent,1610612761,Toronto Raptors,4,9,37,Made Shot,Turnaround Fadeaway shot,,In The Paint (Non-RA),Center(C),Less Than 8 ft.,6,25,64,1,1,20220121,WAS,TOR,22100689470,|1627783|1628384|1628449|1630173|1630567,0,REG,,,2022,1628449|1627783,-13.0,,,,,,,,WAS,1610612764.0,
Shot Chart Detail,22100689,477,0,Opponent,1610612761,Toronto Raptors,4,9,9,Made Shot,Step Back Jump shot,,Mid-Range,Left Side(L),8-16 ft.,14,-145,11,1,1,20220121,WAS,TOR,22100689477,|1627783|1628384|1628449|1630173|1630567,1,REG,,,2022,1627783,-11.0,PF,Helper,0.72,Beal 15' Step Back Jump Shot (19 PTS) (Dinwiddie 5 AST),,,,WAS,1610612764.0,203915.0
Shot Chart Detail,22100689,483,0,Opponent,1610612761,Toronto Raptors,4,8,32,Made Shot,Driving Layup Shot,,Restricted Area,Center(C),Less Than 8 ft.,2,15,17,1,1,20220121,WAS,TOR,22100689483,|1627783|1628384|1628449|1629018|1630567,1,REG,,,2022,1629018,-11.0,SG,Chaser,0.19,Dinwiddie 2' Driving Layup (14 PTS) (Harrell 3 AST),,,,WAS,1610612764.0,1626149.0
Shot Chart Detail,22100689,486,0,Opponent,1610612761,Toronto Raptors,4,7,56,Missed Shot,Cutting Dunk Shot,,Restricted Area,Center(C),Less Than 8 ft.,2,-17,16,1,0,20220121,WAS,TOR,22100689486,|1627783|1628384|1628449|1629018|1630567,0,REG,,,2022,1629018,-11.0,SG,Chaser,0.19,MISS Hachimura 2' Cutting Dunk Shot,,,,WAS,1610612764.0,
Shot Chart Detail,22100689,510,0,Opponent,1610612761,Toronto Raptors,4,6,51,Made Shot,Pullup Jump shot,,Above the Break 3,Center(C),24+ ft.,26,-67,252,1,1,20220121,WAS,TOR,22100689510,|1627783|1627832|1628384|1629018|1630567,0,REG,,,2022,1629018,-10.0,SG,Chaser,0.19,Dinwiddie 26' 3PT Pullup Jump Shot (17 PTS),,,,WAS,1610612764.0,
Shot Chart Detail,22100689,513,0,Opponent,1610612761,Toronto Raptors,4,6,14,Made Shot,Driving Layup Shot,,Restricted Area,Center(C),Less Than 8 ft.,1,-6,14,1,1,20220121,WAS,TOR,22100689513,|1627783|1627832|1628384|1629018|1630567,0,REG,,,2022,1630567,-8.0,PF,Helper,0.63,Beal 2' Driving Layup (21 PTS),,,,WAS,1610612764.0,
Shot Chart Detail,22100689,517,0,Opponent,1610612761,Toronto Raptors,4,5,47,Made Shot,Driving Layup Shot,,Restricted Area,Center(C),Less Than 8 ft.,2,20,13,1,1,20220121,WAS,TOR,22100689517,|1627783|1627832|1628384|1629018|1630567,1,REG,,,2022,1627783,-6.0,PF,Helper,0.72,Avdija 2' Driving Layup (9 PTS) (Caldwell-Pope 5 AST),,,,WAS,1610612764.0,203484.0
Shot Chart Detail,22100689,521,0,Opponent,1610612761,Toronto Raptors,4,5,16,Made Shot,Cutting Layup Shot,,In The Paint (Non-RA),Center(C),Less Than 8 ft.,4,-1,48,1,1,20220121,WAS,TOR,22100689521,|1627783|1627832|1628384|1629018|1630567,1,REG,,,2022,1627783,-6.0,PF,Helper,0.72,Beal 5' Cutting Layup Shot (23 PTS) (Avdija 6 AST),,,,WAS,1610612764.0,1630166.0
Shot Chart Detail,22100689,535,0,Opponent,1610612761,Toronto Raptors,4,4,0,Missed Shot,Jump Shot,,Above the Break 3,Right Side Center(RC),24+ ft.,26,192,177,1,0,20220121,WAS,TOR,22100689535,|1627783|1627832|1628384|1629018|1630567,0,REG,,,2022,1630567,-5.0,PF,Helper,0.63,MISS Avdija 26' 3PT Jump Shot,,,,WAS,1610612764.0,
Shot Chart Detail,22100689,537,0,Opponent,1610612761,Toronto Raptors,4,3,56,Missed Shot,Layup Shot,,Restricted Area,Center(C),Less Than 8 ft.,1,5,14,1,0,20220121,WAS,TOR,22100689537,|1627783|1627832|1628384|1629018|1630567,0,REG,,,2022,1627832|1628384|1627783,-5.0,,,,,,,,WAS,1610612764.0,
Shot Chart Detail,22100689,545,0,Opponent,1610612761,Toronto Raptors,4,3,11,Missed Shot,Pullup Jump shot,,Left Corner 3,Left Side(L),24+ ft.,23,-233,20,1,0,20220121,WAS,TOR,22100689545,|1627783|1627832|1628384|1629018|1630567,0,REG,,,2022,1628384,-5.0,SF,Wing Stopper,1.03,MISS Beal 3PT Pullup Jump Shot,,,,WAS,1610612764.0,
Shot Chart Detail,22100689,553,0,Opponent,1610612761,Toronto Raptors,4,2,13,Missed Shot,Driving Layup Shot,,Mid-Range,Right Side(R),8-16 ft.,10,81,67,1,0,20220121,WAS,TOR,22100689553,|1627783|1627832|1628384|1629018|1630567,0,REG,,,2022,1628384,-5.0,SF,Wing Stopper,1.03,MISS Beal 11' Driving Layup,,,,WAS,1610612764.0,
Shot Chart Detail,22100689,561,0,Opponent,1610612761,Toronto Raptors,4,1,41,Missed Shot,Floating Jump shot,,In The Paint (Non-RA),Center(C),Less Than 8 ft.,7,-37,63,1,0,20220121,WAS,TOR,22100689561,|1627783|1627832|1628384|1628449|1630567,0,REG,,,2022,1628384|1627783,-5.0,,,,,,,,WAS,1610612764.0,
Shot Chart Detail,22100689,563,0,Opponent,1610612761,Toronto Raptors,4,1,39,Made Shot,Putback Layup Shot,,Restricted Area,Center(C),Less Than 8 ft.,2,-9,21,1,1,20220121,WAS,TOR,22100689563,|1627783|1627832|1628384|1628449|1630567,0,REG,,,2022,1628449|1628384,-3.0,,,,,,,,WAS,1610612764.0,
Shot Chart Detail,22100689,569,0,Opponent,1610612761,Toronto Raptors,4,1,10,Made Shot,Cutting Dunk Shot,,Restricted Area,Center(C),Less Than 8 ft.,2,-13,17,1,1,20220121,WAS,TOR,22100689569,|1627783|1627832|1628384|1628449|1630567,1,REG,,,2022,,,,,,,,,,WAS,1610612764.0,203915.0
Shot Chart Detail,22100689,575,0,Opponent,1610612761,Toronto Raptors,4,0,47,Missed Shot,Pullup Jump shot,,Above the Break 3,Right Side Center(RC),24+ ft.,26,173,200,1,0,20220121,WAS,TOR,22100689575,|1627783|1627832|1628384|1629018|1630567,0,REG,,,2022,1630567,-3.0,PF,Helper,0.63,MISS Dinwiddie 26' 3PT Pullup Jump Shot,,,,WAS,1610612764.0,
Shot Chart Detail,22100689,587,0,Opponent,1610612761,Toronto Raptors,4,0,4,Made Shot,Jump Shot,,Above the Break 3,Left Side Center(LC),24+ ft.,27,-195,194,1,1,20220121,WAS,TOR,22100689587,|1627783|1627832|1628384|1629018|1630567,1,REG,,,2022,1627783,-4.0,PF,Helper,0.72,Harrell 28' 3PT Jump Shot (10 PTS) (Dinwiddie 7 AST),,,,WAS,1610612764.0,203915.0
Shot Chart Detail,22100702,14,0,Opponent,1610612761,Toronto Raptors,1,11,26,Made Shot,Running Dunk Shot,,Restricted Area,Center(C),Less Than 8 ft.,1,9,14,1,1,20220123,TOR,POR,2210070214,|1627783|1627832|1628384|1629018|1630567,1,REG,,,2022,1630567,2.0,PF,Helper,0.63,Little 2' Running Dunk (2 PTS) (McCollum 1 AST),,,,POR,1610612757.0,203468.0
Shot Chart Detail,22100702,21,0,Opponent,1610612761,Toronto Raptors,1,10,49,Missed Shot,Driving Floating Jump Shot,,In The Paint (Non-RA),Center(C),8-16 ft.,8,-29,82,1,0,20220123,TOR,POR,2210070221,|1627783|1627832|1628384|1629018|1630567,0,REG,,,2022,1627783,2.0,PF,Helper,0.72,MISS Simons 9' Driving Floating Jump Shot,,,,POR,1610612757.0,
Shot Chart Detail,22100702,25,0,Opponent,1610612761,Toronto Raptors,1,10,34,Made Shot,Step Back Jump shot,,Mid-Range,Left Side(L),8-16 ft.,11,-116,17,1,1,20220123,TOR,POR,2210070225,|1627783|1627832|1628384|1629018|1630567,0,REG,,,2022,1629018,4.0,SG,Chaser,0.19,McCollum 12' Step Back Jump Shot (2 PTS),,,,POR,1610612757.0,
Shot Chart Detail,22100702,28,0,Opponent,1610612761,Toronto Raptors,1,9,59,Made Shot,Jump Shot,,Left Corner 3,Left Side(L),24+ ft.,23,-230,6,1,1,20220123,TOR,POR,2210070228,|1627783|1627832|1628384|1629018|1630567,1,REG,,,2022,1627783,7.0,PF,Helper,0.72,Little 3PT Jump Shot (5 PTS) (Simons 1 AST),,,,POR,1610612757.0,1629014.0
Shot Chart Detail,22100702,37,0,Opponent,1610612761,Toronto Raptors,1,9,7,Made Shot,Jump Shot,,Above the Break 3,Right Side Center(RC),24+ ft.,28,110,261,1,1,20220123,TOR,POR,2210070237,|1627783|1627832|1628384|1629018|1630567,1,REG,,,2022,1627832,8.0,PG,Point of Attack,0.9,McCollum 28' 3PT Jump Shot (5 PTS) (Simons 2 AST),,,,POR,1610612757.0,1629014.0
Shot Chart Detail,22100702,41,0,Opponent,1610612761,Toronto Raptors,1,8,39,Missed Shot,Turnaround Fadeaway Bank Jump Shot,,In The Paint (Non-RA),Center(C),Less Than 8 ft.,4,-33,24,1,0,20220123,TOR,POR,2210070241,|1627783|1627832|1628384|1629018|1630567,0,REG,,,2022,1627832|1630567,8.0,,,,,,,,POR,1610612757.0,
Shot Chart Detail,22100702,47,0,Opponent,1610612761,Toronto Raptors,1,8,25,Made Shot,Jump Shot,,Right Corner 3,Right Side(R),24+ ft.,23,232,22,1,1,20220123,TOR,POR,2210070247,|1627783|1627832|1628384|1629018|1630567,1,REG,,,2022,1627783,9.0,PF,Helper,0.72,Little 3PT Jump Shot (8 PTS) (Covington 1 AST),,,,POR,1610612757.0,203496.0
Shot Chart Detail,22100702,51,0,Opponent,1610612761,Toronto Raptors,1,8,0,Made Shot,Jump Shot,,Above the Break 3,Left Side Center(LC),24+ ft.,26,-112,239,1,1,20220123,TOR,POR,2210070251,|1627783|1627832|1628384|1629018|1630567,1,REG,,,2022,1629018|1630567,12.0,,,,,,,,POR,1610612757.0,203994.0
Shot Chart Detail,22100702,62,0,Opponent,1610612761,Toronto Raptors,1,7,2,Missed Shot,Driving Finger Roll Layup Shot,,In The Paint (Non-RA),Center(C),Less Than 8 ft.,4,29,40,1,0,20220123,TOR,POR,2210070262,|1627783|1627832|1628384|1629018|1630567,0,REG,,,2022,1627832,13.0,PG,Point of Attack,0.9,MISS McCollum 5' Driving Finger Roll Layup,,,,POR,1610612757.0,
Shot Chart Detail,22100702,76,0,Opponent,1610612761,Toronto Raptors,1,6,28,Missed Shot,Jump Shot,,Left Corner 3,Left Side(L),24+ ft.,22,-224,15,1,0,20220123,TOR,POR,2210070276,|1627783|1627832|1628384|1628449|1630173,0,REG,,,2022,1628384,14.0,SF,Wing Stopper,1.03,MISS McCollum 3PT Jump Shot,,,,POR,1610612757.0,
Shot Chart Detail,22100702,78,0,Opponent,1610612761,Toronto Raptors,1,6,23,Missed Shot,Jump Shot,,Above the Break 3,Right Side Center(RC),24+ ft.,26,203,164,1,0,20220123,TOR,POR,2210070278,|1627783|1627832|1628384|1628449|1630173,0,REG,,,2022,1630173,14.0,C,Mobile Big,0.24,MISS Simons 26' 3PT Jump Shot,,,,POR,1610612757.0,
Shot Chart Detail,22100702,84,0,Opponent,1610612761,Toronto Raptors,1,5,56,Made Shot,Cutting Dunk Shot,,Restricted Area,Center(C),Less Than 8 ft.,1,7,14,1,1,20220123,TOR,POR,2210070284,|1627783|1627832|1628384|1628449|1630173,1,REG,,,2022,1627783|1630173,16.0,,,,,,,,POR,1610612757.0,203496.0
Shot Chart Detail,22100702,88,0,Opponent,1610612761,Toronto Raptors,1,5,10,Made Shot,Cutting Layup Shot,,Restricted Area,Center(C),Less Than 8 ft.,3,5,31,1,1,20220123,TOR,POR,2210070288,|1627783|1627832|1628384|1628449|1630173,1,REG,,,2022,1630173,18.0,C,Mobile Big,0.24,Little 3' Cutting Layup Shot (10 PTS) (Simons 3 AST),,,,POR,1610612757.0,1629014.0
Shot Chart Detail,22100702,94,0,Opponent,1610612761,Toronto Raptors,1,4,48,Made Shot,Pullup Jump shot,,Above the Break 3,Left Side Center(LC),24+ ft.,26,-134,225,1,1,20220123,TOR,POR,2210070294,|1627783|1627832|1628384|1628449|1630173,0,REG,,,2022,1627783,21.0,PF,Helper,0.72,Simons 26' 3PT Pullup Jump Shot (7 PTS),,,,POR,1610612757.0,
Shot Chart Detail,22100702,97,0,Opponent,1610612761,Toronto Raptors,1,4,9,Missed Shot,Step Back Jump shot,,Mid-Range,Center(C),16-24 ft.,21,-2,215,1,0,20220123,TOR,POR,2210070297,|1627783|1627832|1628384|1628449|1630173,0,REG,,,2022,1630173,18.0,C,Mobile Big,0.24,MISS Little 22' Step Back Jump Shot,,,,POR,1610612757.0,
Shot Chart Detail,22100702,106,0,Opponent,1610612761,Toronto Raptors,1,3,44,Missed Shot,Jump Shot,,Right Corner 3,Right Side(R),24+ ft.,22,225,10,1,0,20220123,TOR,POR,22100702106,|1627832|1628449|1629018|1630173|1630567,0,REG,,,2022,1628449,18.0,SF,Helper,0.4,MISS Covington 3PT Jump Shot,,,,POR,1610612757.0,
Shot Chart Detail,22100702,114,0,Opponent,1610612761,Toronto Raptors,1,3,11,Made Shot,Running Pull-Up Jump Shot,,Mid-Range,Center(C),16-24 ft.,18,51,178,1,1,20220123,TOR,POR,22100702114,|1627832|1628449|1629018|1630173|1630567,0,REG,,,2022,1629018|1630173,20.0,,,,,,,,POR,1610612757.0,
Shot Chart Detail,22100702,117,0,Opponent,1610612761,Toronto Raptors,1,2,46,Missed Shot,Jump Shot,,Above the Break 3,Left Side Center(LC),24+ ft.,27,-163,216,1,0,20220123,TOR,POR,22100702117,|1627832|1628449|1629018|1630173|1630567,0,REG,,,2022,1630567,20.0,PF,Helper,0.63,MISS Covington 27' 3PT Jump Shot,,,,POR,1610612757.0,
Shot Chart Detail,22100702,121,0,Opponent,1610612761,Toronto Raptors,1,2,15,Missed Shot,Pullup Jump shot,,Mid-Range,Left Side(L),8-16 ft.,12,-118,46,1,0,20220123,TOR,POR,22100702121,|1627832|1628449|1629018|1630173|1630567,0,REG,,,2022,1630173,17.0,C,Mobile Big,0.24,MISS Simons 13' Pullup Jump Shot,,,,POR,1610612757.0,
Shot Chart Detail,22100702,142,0,Opponent,1610612761,Toronto Raptors,1,1,35,Missed Shot,Jump Shot,,Above the Break 3,Right Side Center(RC),24+ ft.,25,148,206,1,0,20220123,TOR,POR,22100702142,|1627832|1628449|1629018|1630173|1630567,0,REG,,,2022,1630173,18.0,C,Mobile Big,0.24,MISS Covington 25' 3PT Jump Shot,,,,POR,1610612757.0,
Shot Chart Detail,22100702,146,0,Opponent,1610612761,Toronto Raptors,1,1,3,Made Shot,Driving Floating Jump Shot,,In The Paint (Non-RA),Center(C),Less Than 8 ft.,7,29,64,1,1,20220123,TOR,POR,22100702146,|1627832|1628449|1629018|1630173|1630567,0,REG,,,2022,1630567,17.0,PF,Helper,0.63,Watford 7' Driving Floating Jump Shot (2 PTS),,,,POR,1610612757.0,
Shot Chart Detail,22100702,149,0,Opponent,1610612761,Toronto Raptors,1,0,30,Missed Shot,Driving Layup Shot,,Mid-Range,Right Side(R),8-16 ft.,11,114,-6,1,0,20220123,TOR,POR,22100702149,|1627832|1628449|1629018|1630173|1630567,0,REG,,,2022,1628449,17.0,SF,Helper,0.4,Boucher BLOCK (1 BLK),,,,POR,1610612757.0,
Shot Chart Detail,22100702,157,0,Opponent,1610612761,Toronto Raptors,1,0,0,Made Shot,Jump Shot,,Right Corner 3,Right Side(R),24+ ft.,23,234,5,1,1,20220123,TOR,POR,22100702157,|1627832|1628449|1629018|1630173|1630567,1,REG,,,2022,,,,,,,,,,POR,1610612757.0,1630570.0
Shot Chart Detail,22100702,172,0,Opponent,1610612761,Toronto Raptors,2,11,35,Made Shot,Jump Shot,,Above the Break 3,Right Side Center(RC),24+ ft.,25,211,150,1,1,20220123,TOR,POR,22100702172,|1627783|1628384|1628449|1629018|1630567,1,REG,,,2022,1627783,21.0,PF,Helper,0.72,McLemore 26' 3PT Jump Shot (6 PTS) (Smith Jr. 1 AST),,,,POR,1610612757.0,1628372.0
Shot Chart Detail,22100702,178,0,Opponent,1610612761,Toronto Raptors,2,11,7,Missed Shot,Jump Shot,,Above the Break 3,Center(C),24+ ft.,26,58,260,1,0,20220123,TOR,POR,22100702178,|1627783|1628384|1628449|1629018|1630567,0,REG,,,2022,1630567,21.0,PF,Helper,0.63,MISS McLemore 27' 3PT Jump Shot,,,,POR,1610612757.0,
Shot Chart Detail,22100702,180,0,Opponent,1610612761,Toronto Raptors,2,11,2,Missed Shot,Putback Layup Shot,,Restricted Area,Center(C),Less Than 8 ft.,2,-23,19,1,0,20220123,TOR,POR,22100702180,|1627783|1628384|1628449|1629018|1630567,0,REG,,,2022,1628384,21.0,SF,Wing Stopper,1.03,MISS Watford 3' Putback Layup,,,,POR,1610612757.0,
Shot Chart Detail,22100702,184,0,Opponent,1610612761,Toronto Raptors,2,10,37,Made Shot,Jump Shot,,Right Corner 3,Right Side(R),24+ ft.,23,230,26,1,1,20220123,TOR,POR,22100702184,|1627783|1628384|1628449|1629018|1630567,1,REG,,,2022,1628449,24.0,SF,Helper,0.4,McLemore 3PT Jump Shot (9 PTS) (Smith Jr. 2 AST),,,,POR,1610612757.0,1628372.0
Shot Chart Detail,22100702,191,0,Opponent,1610612761,Toronto Raptors,2,10,8,Made Shot,Pullup Jump shot,,Mid-Range,Left Side(L),8-16 ft.,15,-146,40,1,1,20220123,TOR,POR,22100702191,|1627783|1628384|1628449|1629018|1630567,1,REG,,,2022,1628449,26.0,SF,Helper,0.4,Elleby 15' Pullup Jump Shot (2 PTS) (Smith Jr. 3 AST),,,,POR,1610612757.0,1628372.0
Shot Chart Detail,22100702,204,0,Opponent,1610612761,Toronto Raptors,2,9,2,Missed Shot,Pullup Jump shot,,Mid-Range,Left Side Center(LC),16-24 ft.,21,-67,200,1,0,20220123,TOR,POR,22100702204,|1627783|1628384|1628449|1630567|1630625,0,REG,,,2022,1630567,26.0,PF,Helper,0.63,MISS Smith Jr. 21' Pullup Jump Shot,,,,POR,1610612757.0,
Shot Chart Detail,22100702,210,0,Opponent,1610612761,Toronto Raptors,2,8,23,Missed Shot,Running Finger Roll Layup Shot,,In The Paint (Non-RA),Center(C),Less Than 8 ft.,6,-29,61,1,0,20220123,TOR,POR,22100702210,|1627783|1628384|1628449|1630567|1630625,0,REG,,,2022,1630567,26.0,PF,Helper,0.63,Barnes BLOCK (1 BLK),,,,POR,1610612757.0,
Shot Chart Detail,22100702,218,0,Opponent,1610612761,Toronto Raptors,2,7,48,Made Shot,Driving Finger Roll Layup Shot,,In The Paint (Non-RA),Center(C),Less Than 8 ft.,4,-6,41,1,1,20220123,TOR,POR,22100702218,|1627832|1628384|1628449|1630567|1630625,0,REG,,,2022,1630625,28.0,PG,Chaser,0.27,Smith Jr. 4' Driving Finger Roll Layup (2 PTS),,,,POR,1610612757.0,
Shot Chart Detail,22100702,221,0,Opponent,1610612761,Toronto Raptors,2,7,16,Missed Shot,Pullup Jump shot,,Mid-Range,Center(C),16-24 ft.,18,-32,183,1,0,20220123,TOR,POR,22100702221,|1627832|1628384|1628449|1630567|1630625,0,REG,,,2022,1628384,26.0,SF,Wing Stopper,1.03,Anunoby BLOCK (1 BLK),,,,POR,1610612757.0,
Shot Chart Detail,22100702,224,0,Opponent,1610612761,Toronto Raptors,2,7,10,Made Shot,Driving Floating Bank Jump Shot,,Mid-Range,Left Side(L),8-16 ft.,14,-137,61,1,1,20220123,TOR,POR,22100702224,|1627832|1628384|1628449|1630567|1630625,1,REG,,,2022,1628384,28.0,SF,Wing Stopper,1.03,McLemore 15' Driving Floating Bank Jump Shot (11 PTS) (Watford 2 AST),,,,POR,1610612757.0,1630570.0
Shot Chart Detail,22100702,242,0,Opponent,1610612761,Toronto Raptors,2,6,7,Made Shot,Jump Shot,,Above the Break 3,Left Side Center(LC),24+ ft.,26,-146,222,1,1,20220123,TOR,POR,22100702242,|1627832|1628384|1628449|1630567|1630625,1,REG,,,2022,1628384,25.0,SF,Wing Stopper,1.03,Elleby 27' 3PT Jump Shot (5 PTS) (Little 1 AST),,,,POR,1610612757.0,1629642.0
Shot Chart Detail,22100702,254,0,Opponent,1610612761,Toronto Raptors,2,5,32,Missed Shot,Running Jump Shot,,Above the Break 3,Left Side Center(LC),24+ ft.,26,-192,178,1,0,20220123,TOR,POR,22100702254,|1627832|1628384|1628449|1630567|1630625,0,REG,,,2022,1630567,24.0,PF,Helper,0.63,MISS Covington 26' 3PT Running Jump Shot,,,,POR,1610612757.0,
Shot Chart Detail,22100702,261,0,Opponent,1610612761,Toronto Raptors,2,5,6,Made Shot,Turnaround Bank Hook Shot,,In The Paint (Non-RA),Center(C),Less Than 8 ft.,5,45,29,1,1,20220123,TOR,POR,22100702261,|1627832|1628384|1630173|1630567|1630625,0,REG,,,2022,1630173|1630567,26.0,,,,,,,,POR,1610612757.0,
Shot Chart Detail,22100702,276,0,Opponent,1610612761,Toronto Raptors,2,4,10,Made Shot,Driving Floating Bank Jump Shot,,Mid-Range,Right Side(R),8-16 ft.,11,104,41,1,1,20220123,TOR,POR,22100702276,|1627832|1628384|1629018|1630173|1630567,1,REG,,,2022,1630173,25.0,C,Mobile Big,0.24,Covington 11' Driving Floating Bank Jump Shot (2 PTS) (McCollum 2 AST),,,,POR,1610612757.0,203468.0
Shot Chart Detail,22100702,279,0,Opponent,1610612761,Toronto Raptors,2,3,46,Made Shot,Alley Oop Layup shot,,Restricted Area,Center(C),Less Than 8 ft.,1,-9,14,1,1,20220123,TOR,POR,22100702279,|1627832|1628384|1629018|1630173|1630567,1,REG,,,2022,1630173,25.0,C,Mobile Big,0.24,Elleby 2' Alley Oop Layup (7 PTS) (Simons 4 AST),,,,POR,1610612757.0,1629014.0
Shot Chart Detail,22100702,289,0,Opponent,1610612761,Toronto Raptors,2,3,13,Made Shot,Driving Hook Shot,,In The Paint (Non-RA),Center(C),Less Than 8 ft.,5,5,59,1,1,20220123,TOR,POR,22100702289,|1627832|1628384|1629018|1630173|1630567,0,REG,,,2022,1630173,26.0,C,Mobile Big,0.24,Nurkic 6' Driving Hook Shot (7 PTS),,,,POR,1610612757.0,
Shot Chart Detail,22100702,292,0,Opponent,1610612761,Toronto Raptors,2,2,27,Made Shot,Jump Shot,,Above the Break 3,Right Side Center(RC),24+ ft.,29,157,252,1,1,20220123,TOR,POR,22100702292,|1627832|1628384|1629018|1630173|1630567,1,REG,,,2022,1628384,29.0,SF,Wing Stopper,1.03,McCollum 30' 3PT Jump Shot (10 PTS) (Elleby 1 AST),,,,POR,1610612757.0,1629604.0
Shot Chart Detail,22100702,299,0,Opponent,1610612761,Toronto Raptors,2,2,0,Made Shot,Running Jump Shot,,Above the Break 3,Left Side Center(LC),24+ ft.,24,-163,189,1,1,20220123,TOR,POR,22100702299,|1627832|1628384|1629018|1630173|1630567,1,REG,,,2022,,,,,,,,,,POR,1610612757.0,203468.0
Shot Chart Detail,22100702,311,0,Opponent,1610612761,Toronto Raptors,2,1,3,Made Shot,Turnaround Fadeaway shot,,In The Paint (Non-RA),Right Side(R),8-16 ft.,9,50,79,1,1,20220123,TOR,POR,22100702311,|1627832|1628384|1629018|1629139|1630173,0,REG,,,2022,1629139,34.0,SF,Helper,0.1,McCollum 9' Turnaround Fadeaway (12 PTS),,,,POR,1610612757.0,
Shot Chart Detail,22100702,319,0,Opponent,1610612761,Toronto Raptors,2,0,32,Missed Shot,Driving Floating Jump Shot,,Mid-Range,Right Side(R),8-16 ft.,13,115,73,1,0,20220123,TOR,POR,22100702319,|1627832|1628384|1629018|1629139|1630173,0,REG,,,2022,1629018|1630173,33.0,,,,,,,,POR,1610612757.0,
Shot Chart Detail,22100702,328,0,Opponent,1610612761,Toronto Raptors,2,0,0,Missed Shot,Driving Floating Jump Shot,,Backcourt,Back Court(BC),Back Court Shot,62,207,592,1,0,20220123,TOR,POR,22100702328,|1627832|1628384|1629018|1629139|1630173,0,REG,,,2022,,,,,,,,,,POR,1610612757.0,
Shot Chart Detail,22100702,352,0,Opponent,1610612761,Toronto Raptors,3,10,52,Missed Shot,Jump Shot,,Above the Break 3,Right Side Center(RC),24+ ft.,24,186,162,1,0,20220123,TOR,POR,22100702352,|1627783|1627832|1628384|1629018|1630567,0,REG,,,2022,1627832,26.0,PG,Point of Attack,0.9,MISS Little 25' 3PT Jump Shot,,,,POR,1610612757.0,
Shot Chart Detail,22100702,356,0,Opponent,1610612761,Toronto Raptors,3,10,32,Missed Shot,Cutting Layup Shot,,In The Paint (Non-RA),Center(C),Less Than 8 ft.,4,38,20,1,0,20220123,TOR,POR,22100702356,|1627783|1627832|1628384|1629018|1630567,0,REG,,,2022,,,,,,,,,,POR,1610612757.0,
Shot Chart Detail,22100702,360,0,Opponent,1610612761,Toronto Raptors,3,10,13,Made Shot,Cutting Dunk Shot,,Restricted Area,Center(C),Less Than 8 ft.,0,-9,-1,1,1,20220123,TOR,POR,22100702360,|1627783|1627832|1628384|1629018|1630567,1,REG,,,2022,1628384,26.0,SF,Wing Stopper,1.03,Little 1' Cutting Dunk Shot (12 PTS) (Simons 5 AST),,,,POR,1610612757.0,1629014.0
Shot Chart Detail,22100702,364,0,Opponent,1610612761,Toronto Raptors,3,9,53,Made Shot,Driving Floating Jump Shot,,In The Paint (Non-RA),Center(C),8-16 ft.,8,-12,89,1,1,20220123,TOR,POR,22100702364,|1627783|1627832|1628384|1629018|1630567,1,REG,,,2022,1627832,26.0,PG,Point of Attack,0.9,McCollum 9' Driving Floating Jump Shot (14 PTS) (Covington 3 AST),,,,POR,1610612757.0,203496.0
Shot Chart Detail,22100702,369,0,Opponent,1610612761,Toronto Raptors,3,8,55,Missed Shot,Driving Reverse Layup Shot,,Restricted Area,Center(C),Less Than 8 ft.,2,21,6,1,0,20220123,TOR,POR,22100702369,|1627783|1627832|1628384|1629018|1630567,0,REG,,,2022,1630567,23.0,PF,Helper,0.63,MISS Simons 2' Driving Reverse Layup,,,,POR,1610612757.0,
Shot Chart Detail,22100702,371,0,Opponent,1610612761,Toronto Raptors,3,8,51,Missed Shot,Putback Layup Shot,,Restricted Area,Center(C),Less Than 8 ft.,1,-18,-1,1,0,20220123,TOR,POR,22100702371,|1627783|1627832|1628384|1629018|1630567,0,REG,,,2022,1629018|1627783,23.0,,,,,,,,POR,1610612757.0,
Shot Chart Detail,22100702,376,0,Opponent,1610612761,Toronto Raptors,3,8,40,Made Shot,Running Dunk Shot,,Restricted Area,Center(C),Less Than 8 ft.,0,4,-1,1,1,20220123,TOR,POR,22100702376,|1627783|1627832|1628384|1629018|1630567,1,REG,,,2022,1627832,25.0,PG,Point of Attack,0.9,Little Running Dunk (14 PTS) (McCollum 4 AST),,,,POR,1610612757.0,203468.0
Shot Chart Detail,22100702,391,0,Opponent,1610612761,Toronto Raptors,3,7,41,Made Shot,Jump Shot,,Above the Break 3,Left Side Center(LC),24+ ft.,25,-140,212,1,1,20220123,TOR,POR,22100702391,|1627783|1627832|1628384|1628449|1630567,1,REG,,,2022,1628449,28.0,SF,Helper,0.4,Covington 25' 3PT Jump Shot (5 PTS) (Nurkic 2 AST),,,,POR,1610612757.0,203994.0
Shot Chart Detail,22100702,399,0,Opponent,1610612761,Toronto Raptors,3,6,30,Missed Shot,Driving Hook Shot,,In The Paint (Non-RA),Center(C),8-16 ft.,9,-20,97,1,0,20220123,TOR,POR,22100702399,|1627783|1627832|1628384|1628449|1630567,0,REG,,,2022,1628449,25.0,SF,Helper,0.4,MISS Little 10' Driving Hook Shot,,,,POR,1610612757.0,
Shot Chart Detail,22100702,404,0,Opponent,1610612761,Toronto Raptors,3,5,56,Missed Shot,Jump Shot,,Above the Break 3,Right Side Center(RC),24+ ft.,25,134,221,1,0,20220123,TOR,POR,22100702404,|1627783|1627832|1628384|1628449|1630567,0,REG,,,2022,1627832,22.0,PG,Point of Attack,0.9,MISS McCollum 26' 3PT Jump Shot,,,,POR,1610612757.0,
Shot Chart Detail,22100702,406,0,Opponent,1610612761,Toronto Raptors,3,5,51,Missed Shot,Jump Shot,,Mid-Range,Left Side Center(LC),16-24 ft.,20,-119,163,1,0,20220123,TOR,POR,22100702406,|1627783|1627832|1628384|1628449|1630567,0,REG,,,2022,1628384,22.0,SF,Wing Stopper,1.03,MISS Simons 20' Jump Shot,,,,POR,1610612757.0,
Shot Chart Detail,22100702,408,0,Opponent,1610612761,Toronto Raptors,3,5,48,Missed Shot,Tip Layup Shot,,Restricted Area,Center(C),Less Than 8 ft.,0,0,0,1,0,20220123,TOR,POR,22100702408,|1627783|1627832|1628384|1628449|1630567,0,REG,,,2022,1628449,22.0,SF,Helper,0.4,MISS Nurkic Tip Layup Shot,,,,POR,1610612757.0,
Shot Chart Detail,22100702,410,0,Opponent,1610612761,Toronto Raptors,3,5,46,Made Shot,Turnaround Hook Shot,,Restricted Area,Center(C),Less Than 8 ft.,3,-6,32,1,1,20220123,TOR,POR,22100702410,|1627783|1627832|1628384|1628449|1630567,0,REG,,,2022,1628449|1627832|1627783,24.0,,,,,,,,POR,1610612757.0,
Shot Chart Detail,22100702,413,0,Opponent,1610612761,Toronto Raptors,3,5,13,Missed Shot,Driving Finger Roll Layup Shot,,In The Paint (Non-RA),Center(C),Less Than 8 ft.,5,-16,57,1,0,20220123,TOR,POR,22100702413,|1627783|1627832|1628384|1628449|1630567,0,REG,,,2022,1630567,24.0,PF,Helper,0.63,Barnes BLOCK (2 BLK),,,,POR,1610612757.0,
Shot Chart Detail,22100702,423,0,Opponent,1610612761,Toronto Raptors,3,5,11,Missed Shot,Jump Shot,,Above the Break 3,Center(C),24+ ft.,26,69,256,1,0,20220123,TOR,POR,22100702423,|1627783|1627832|1628384|1628449|1630551,0,REG,,,2022,,,,,,,,,,POR,1610612757.0,
Shot Chart Detail,22100702,426,0,Opponent,1610612761,Toronto Raptors,3,4,49,Missed Shot,Driving Finger Roll Layup Shot,,Restricted Area,Center(C),Less Than 8 ft.,2,-7,25,1,0,20220123,TOR,POR,22100702426,|1627783|1627832|1628384|1628449|1630551,0,REG,,,2022,1628449|1630551|1627783,22.0,,,,,,,,POR,1610612757.0,
Shot Chart Detail,22100702,430,0,Opponent,1610612761,Toronto Raptors,3,4,45,Missed Shot,Floating Jump shot,,In The Paint (Non-RA),Left Side(L),8-16 ft.,8,-74,38,1,0,20220123,TOR,POR,22100702430,|1627783|1627832|1628384|1628449|1630551,0,REG,,,2022,1630551,22.0,SF,Helper,-0.61,MISS Elleby 8' Floating Jump Shot,,,,POR,1610612757.0,
Shot Chart Detail,22100702,433,0,Opponent,1610612761,Toronto Raptors,3,4,14,Missed Shot,Floating Jump shot,,Above the Break 3,Left Side Center(LC),24+ ft.,30,-150,264,1,0,20220123,TOR,POR,22100702433,|1627783|1627832|1628384|1628449|1630551,0,REG,,,2022,1627832,20.0,PG,Point of Attack,0.9,MISS Simons 30' 3PT Floating Jump Shot,,,,POR,1610612757.0,
Shot Chart Detail,22100702,442,0,Opponent,1610612761,Toronto Raptors,3,3,36,Made Shot,Jump Shot,,Left Corner 3,Left Side(L),24+ ft.,22,-227,-5,1,1,20220123,TOR,POR,22100702442,|1627783|1627832|1628449|1630551|1630567,1,REG,,,2022,1628449,23.0,SF,Helper,0.4,McLemore 3PT Jump Shot (14 PTS) (Covington 4 AST),,,,POR,1610612757.0,203496.0
Shot Chart Detail,22100702,455,0,Opponent,1610612761,Toronto Raptors,3,2,30,Missed Shot,Driving Floating Jump Shot,,In The Paint (Non-RA),Center(C),8-16 ft.,12,44,118,1,0,20220123,TOR,POR,22100702455,|1627783|1627832|1628449|1630551|1630567,0,REG,,,2022,1627783,17.0,PF,Helper,0.72,MISS Simons 13' Driving Floating Jump Shot,,,,POR,1610612757.0,
Shot Chart Detail,22100702,459,0,Opponent,1610612761,Toronto Raptors,3,2,4,Made Shot,Driving Layup Shot,,Restricted Area,Center(C),Less Than 8 ft.,3,-34,4,1,1,20220123,TOR,POR,22100702459,|1627783|1627832|1628449|1630551|1630567,0,REG,,,2022,1627783,16.0,PF,Helper,0.72,Elleby 3' Driving Layup (9 PTS),,,,POR,1610612757.0,
Shot Chart Detail,22100702,472,0,Opponent,1610612761,Toronto Raptors,3,1,23,Made Shot,Reverse Layup Shot,,Restricted Area,Center(C),Less Than 8 ft.,1,13,-1,1,1,20220123,TOR,POR,22100702472,|1627832|1628384|1628449|1630551|1630567,1,REG,,,2022,1630551,18.0,SF,Helper,-0.61,Watford 1' Reverse Layup (4 PTS) (Smith Jr. 4 AST),,,,POR,1610612757.0,1628372.0
Shot Chart Detail,22100702,476,0,Opponent,1610612761,Toronto Raptors,3,0,47,Made Shot,Cutting Dunk Shot,,Restricted Area,Center(C),Less Than 8 ft.,0,1,5,1,1,20220123,TOR,POR,22100702476,|1627832|1628384|1628449|1630551|1630567,1,REG,,,2022,1627832|1630551,17.0,,,,,,,,POR,1610612757.0,1628372.0
Shot Chart Detail,22100702,480,0,Opponent,1610612761,Toronto Raptors,3,0,31,Made Shot,Fadeaway Jump Shot,,Mid-Range,Right Side(R),8-16 ft.,13,134,12,1,1,20220123,TOR,POR,22100702480,|1627832|1628384|1628449|1630551|1630567,0,REG,,,2022,1630551|1628384,19.0,,,,,,,,POR,1610612757.0,
Shot Chart Detail,22100702,494,0,Opponent,1610612761,Toronto Raptors,4,11,38,Missed Shot,Driving Hook Shot,,In The Paint (Non-RA),Center(C),8-16 ft.,8,-27,78,1,0,20220123,TOR,POR,22100702494,|1627783|1628384|1628449|1630173|1630551,0,REG,,,2022,1628449,19.0,SF,Helper,0.4,Boucher BLOCK (3 BLK),,,,POR,1610612757.0,
Shot Chart Detail,22100702,498,0,Opponent,1610612761,Toronto Raptors,4,11,1,Missed Shot,Floating Jump shot,,In The Paint (Non-RA),Center(C),8-16 ft.,10,-37,102,1,0,20220123,TOR,POR,22100702498,|1627783|1628384|1628449|1630173|1630551,0,REG,,,2022,1630173,19.0,C,Mobile Big,0.24,MISS Watford 11' Floating Jump Shot,,,,POR,1610612757.0,
Shot Chart Detail,22100702,500,0,Opponent,1610612761,Toronto Raptors,4,10,57,Made Shot,Jump Shot,,Above the Break 3,Right Side Center(RC),24+ ft.,25,218,132,1,1,20220123,TOR,POR,22100702500,|1627783|1628384|1628449|1630173|1630551,1,REG,,,2022,1628449,22.0,SF,Helper,0.4,McCollum 25' 3PT Jump Shot (19 PTS) (Watford 3 AST),,,,POR,1610612757.0,1630570.0
Shot Chart Detail,22100702,504,0,Opponent,1610612761,Toronto Raptors,4,10,35,Made Shot,Jump Shot,,Left Corner 3,Left Side(L),24+ ft.,22,-228,1,1,1,20220123,TOR,POR,22100702504,|1627783|1628384|1628449|1630173|1630551,1,REG,,,2022,1630551,22.0,SF,Helper,-0.61,McLemore 3PT Jump Shot (17 PTS) (McCollum 5 AST),,,,POR,1610612757.0,203468.0
Shot Chart Detail,22100702,513,0,Opponent,1610612761,Toronto Raptors,4,10,2,Made Shot,Floating Jump shot,,In The Paint (Non-RA),Center(C),8-16 ft.,12,-5,128,1,1,20220123,TOR,POR,22100702513,|1627783|1628384|1628449|1630173|1630551,1,REG,,,2022,1628449,23.0,SF,Helper,0.4,Watford 13' Floating Jump Shot (6 PTS) (Little 2 AST),,,,POR,1610612757.0,1629642.0
Shot Chart Detail,22100702,528,0,Opponent,1610612761,Toronto Raptors,4,9,18,Missed Shot,Driving Floating Bank Jump Shot,,Mid-Range,Right Side(R),8-16 ft.,10,102,26,1,0,20220123,TOR,POR,22100702528,|1627783|1627832|1628384|1630551|1630625,0,REG,,,2022,1630551,23.0,SF,Helper,-0.61,MISS McCollum 11' Driving Floating Bank Jump Shot,,,,POR,1610612757.0,
Shot Chart Detail,22100702,565,0,Opponent,1610612761,Toronto Raptors,4,7,24,Missed Shot,Jump Shot,,Above the Break 3,Left Side Center(LC),24+ ft.,27,-152,227,1,0,20220123,TOR,POR,22100702565,|1627783|1627832|1628384|1629018|1630625,0,REG,,,2022,,,,,,,,,,POR,1610612757.0,
Shot Chart Detail,22100702,573,0,Opponent,1610612761,Toronto Raptors,4,6,43,Missed Shot,Jump Shot,,Right Corner 3,Right Side(R),24+ ft.,23,232,2,1,0,20220123,TOR,POR,22100702573,|1627783|1627832|1628384|1629018|1630625,0,REG,,,2022,1629018,16.0,SG,Chaser,0.19,MISS McLemore 3PT Jump Shot,,,,POR,1610612757.0,
Shot Chart Detail,22100702,586,0,Opponent,1610612761,Toronto Raptors,4,5,45,Missed Shot,Pullup Jump shot,,Mid-Range,Left Side Center(LC),16-24 ft.,20,-86,181,1,0,20220123,TOR,POR,22100702586,|1627783|1627832|1628384|1629018|1630625,0,REG,,,2022,1629018,12.0,SG,Chaser,0.19,MISS Covington 20' Pullup Jump Shot,,,,POR,1610612757.0,
Shot Chart Detail,22100702,590,0,Opponent,1610612761,Toronto Raptors,4,5,18,Made Shot,Fadeaway Jump Shot,,Mid-Range,Right Side Center(RC),16-24 ft.,16,114,125,1,1,20220123,TOR,POR,22100702590,|1627783|1627832|1628384|1629018|1630625,0,REG,,,2022,1627832|1628384,14.0,,,,,,,,POR,1610612757.0,
Shot Chart Detail,22100702,592,0,Opponent,1610612761,Toronto Raptors,4,4,35,Made Shot,Jump Shot,,Above the Break 3,Left Side Center(LC),24+ ft.,28,-184,222,1,1,20220123,TOR,POR,22100702592,|1627783|1627832|1628384|1629018|1630625,1,REG,,,2022,1627783,14.0,PF,Helper,0.72,Covington 29' 3PT Jump Shot (8 PTS) (Little 3 AST),,,,POR,1610612757.0,1629642.0
Shot Chart Detail,22100702,619,0,Opponent,1610612761,Toronto Raptors,4,2,51,Made Shot,Turnaround Jump Shot,,Mid-Range,Right Side(R),8-16 ft.,13,121,67,1,1,20220123,TOR,POR,22100702619,|1627783|1627832|1628384|1629018|1630567,0,REG,,,2022,1628384,10.0,SF,Wing Stopper,1.03,Nurkic 14' Turnaround Jump Shot (11 PTS),,,,POR,1610612757.0,
Shot Chart Detail,22100702,635,0,Opponent,1610612761,Toronto Raptors,4,1,53,Missed Shot,Driving Layup Shot,,In The Paint (Non-RA),Center(C),Less Than 8 ft.,7,39,64,1,0,20220123,TOR,POR,22100702635,|1627783|1627832|1628384|1629018|1630567,0,REG,,,2022,1628384|1627783,8.0,,,,,,,,POR,1610612757.0,
Shot Chart Detail,22100702,640,0,Opponent,1610612761,Toronto Raptors,4,1,32,Made Shot,Driving Finger Roll Layup Shot,,Restricted Area,Center(C),Less Than 8 ft.,2,23,8,1,1,20220123,TOR,POR,22100702640,|1627783|1627832|1628384|1629018|1630567,0,REG,,,2022,1627832,7.0,PG,Point of Attack,0.9,Smith Jr. 2' Driving Finger Roll Layup (5 PTS),,,,POR,1610612757.0,
Shot Chart Detail,22100702,642,0,Opponent,1610612761,Toronto Raptors,4,1,13,Made Shot,Jump Shot,,Left Corner 3,Left Side(L),24+ ft.,22,-224,47,1,1,20220123,TOR,POR,22100702642,|1627783|1627832|1628384|1629018|1630567,1,REG,,,2022,1628384,7.0,SF,Wing Stopper,1.03,Simons 3PT Jump Shot (16 PTS) (Smith Jr. 6 AST),,,,POR,1610612757.0,1628372.0
Shot Chart Detail,22100702,650,0,Opponent,1610612761,Toronto Raptors,4,0,41,Made Shot,Jump Shot,,Above the Break 3,Left Side Center(LC),24+ ft.,31,-176,267,1,1,20220123,TOR,POR,22100702650,|1627783|1627832|1628384|1629018|1630567,1,REG,,,2022,1629018|1630567,10.0,,,,,,,,POR,1610612757.0,203496.0
Shot Chart Detail,22100702,667,0,Opponent,1610612761,Toronto Raptors,4,0,12,Made Shot,Cutting Dunk Shot,,Restricted Area,Center(C),Less Than 8 ft.,0,-1,0,1,1,20220123,TOR,POR,22100702667,|1627783|1627832|1628449|1629018|1630567,1,REG,,,2022,,,,,,,,,,POR,1610612757.0,203468.0
Shot Chart Detail,22100715,12,0,Opponent,1610612761,Toronto Raptors,1,11,12,Made Shot,Cutting Layup Shot,,Restricted Area,Center(C),Less Than 8 ft.,2,10,19,1,1,20220125,TOR,CHA,2210071512,|1627783|1628384|1628449|1629018|1630173,1,REG,,,2022,1628449,2.0,SF,Helper,0.4,Plumlee 2' Cutting Layup Shot (2 PTS) (Ball 1 AST),,,,CHA,1610612766.0,1630163.0
Shot Chart Detail,22100715,18,0,Opponent,1610612761,Toronto Raptors,1,10,19,Missed Shot,Jump Shot,,Right Corner 3,Right Side(R),24+ ft.,23,239,16,1,0,20220125,TOR,CHA,2210071518,|1627783|1628384|1628449|1629018|1630173,0,REG,,,2022,1628449,0.0,SF,Helper,0.4,Boucher BLOCK (1 BLK),,,,CHA,1610612766.0,
Shot Chart Detail,22100715,20,0,Opponent,1610612761,Toronto Raptors,1,10,14,Made Shot,Putback Layup Shot,,Restricted Area,Center(C),Less Than 8 ft.,1,13,14,1,1,20220125,TOR,CHA,2210071520,|1627783|1628384|1628449|1629018|1630173,0,REG,,,2022,1630173,2.0,C,Mobile Big,0.24,Rozier 2' Putback Layup (2 PTS),,,,CHA,1610612766.0,
Shot Chart Detail,22100715,26,0,Opponent,1610612761,Toronto Raptors,1,9,35,Missed Shot,Jump Shot,,Above the Break 3,Right Side Center(RC),24+ ft.,24,167,185,1,0,20220125,TOR,CHA,2210071526,|1627783|1628384|1628449|1629018|1630173,0,REG,,,2022,1627783,0.0,PF,Helper,0.72,MISS Martin 25' 3PT Jump Shot,,,,CHA,1610612766.0,
Shot Chart Detail,22100715,35,0,Opponent,1610612761,Toronto Raptors,1,9,0,Missed Shot,Jump Shot,,Above the Break 3,Left Side Center(LC),24+ ft.,25,-123,229,1,0,20220125,TOR,CHA,2210071535,|1627783|1628384|1628449|1629018|1630173,0,REG,,,2022,1627783,-3.0,PF,Helper,0.72,MISS Bridges 26' 3PT Jump Shot,,,,CHA,1610612766.0,
Shot Chart Detail,22100715,39,0,Opponent,1610612761,Toronto Raptors,1,8,33,Made Shot,Jump Shot,,Left Corner 3,Left Side(L),24+ ft.,23,-228,34,1,1,20220125,TOR,CHA,2210071539,|1627783|1628384|1628449|1629018|1630173,1,REG,,,2022,1630173,-2.0,C,Mobile Big,0.24,Rozier 3PT Jump Shot (5 PTS) (Ball 2 AST),,,,CHA,1610612766.0,1630163.0
Shot Chart Detail,22100715,43,0,Opponent,1610612761,Toronto Raptors,1,7,59,Made Shot,Driving Floating Jump Shot,,In The Paint (Non-RA),Center(C),8-16 ft.,9,7,93,1,1,20220125,TOR,CHA,2210071543,|1627783|1628384|1628449|1629018|1630173,1,REG,,,2022,1629018|1627783,-2.0,,,,,,,,CHA,1610612766.0,1626179.0
Shot Chart Detail,22100715,71,0,Opponent,1610612761,Toronto Raptors,1,6,10,Missed Shot,Jump Shot,,Right Corner 3,Right Side(R),24+ ft.,23,233,14,1,0,20220125,TOR,CHA,2210071571,|1627783|1628384|1629018|1630173|1630625,0,REG,,,2022,1630173,-9.0,C,Mobile Big,0.24,MISS Ball 3PT Jump Shot,,,,CHA,1610612766.0,
Shot Chart Detail,22100715,75,0,Opponent,1610612761,Toronto Raptors,1,5,47,Missed Shot,Jump Shot,,Above the Break 3,Left Side Center(LC),24+ ft.,26,-173,200,1,0,20220125,TOR,CHA,2210071575,|1627783|1628384|1629018|1630173|1630625,0,REG,,,2022,1630625,-11.0,PG,Chaser,0.27,MISS Rozier 26' 3PT Jump Shot,,,,CHA,1610612766.0,
Shot Chart Detail,22100715,92,0,Opponent,1610612761,Toronto Raptors,1,4,53,Missed Shot,Jump Shot,,Right Corner 3,Right Side(R),24+ ft.,23,235,9,1,0,20220125,TOR,CHA,2210071592,|1627783|1628384|1629018|1630551|1630625,0,REG,,,2022,1627783,-15.0,PF,Helper,0.72,MISS Oubre Jr. 24' 3PT Jump Shot,,,,CHA,1610612766.0,
Shot Chart Detail,22100715,97,0,Opponent,1610612761,Toronto Raptors,1,4,30,Missed Shot,Jump Shot,,Above the Break 3,Right Side Center(RC),24+ ft.,25,161,192,1,0,20220125,TOR,CHA,2210071597,|1627783|1628384|1629018|1630551|1630625,0,REG,,,2022,1630625,-15.0,PG,Chaser,0.27,MISS Ball 25' 3PT Jump Shot,,,,CHA,1610612766.0,
Shot Chart Detail,22100715,103,0,Opponent,1610612761,Toronto Raptors,1,4,6,Missed Shot,Driving Layup Shot,,Restricted Area,Center(C),Less Than 8 ft.,1,-6,16,1,0,20220125,TOR,CHA,22100715103,|1627783|1628384|1629018|1630551|1630625,0,REG,,,2022,1627783,-18.0,PF,Helper,0.72,Banton BLOCK (1 BLK),,,,CHA,1610612766.0,
Shot Chart Detail,22100715,106,0,Opponent,1610612761,Toronto Raptors,1,4,1,Missed Shot,Jump Shot,,Right Corner 3,Right Side(R),24+ ft.,23,237,17,1,0,20220125,TOR,CHA,22100715106,|1627783|1628384|1629018|1630551|1630625,0,REG,,,2022,1629018,-18.0,SG,Chaser,0.19,MISS Oubre Jr. 24' 3PT Jump Shot,,,,CHA,1610612766.0,
Shot Chart Detail,22100715,113,0,Opponent,1610612761,Toronto Raptors,1,3,38,Made Shot,Running Finger Roll Layup Shot,,In The Paint (Non-RA),Center(C),Less Than 8 ft.,5,33,40,1,1,20220125,TOR,CHA,22100715113,|1627783|1628449|1629018|1630551|1630625,0,REG,,,2022,,,,,,,,,,CHA,1610612766.0,
Shot Chart Detail,22100715,116,0,Opponent,1610612761,Toronto Raptors,1,3,17,Made Shot,Running Layup Shot,,Restricted Area,Center(C),Less Than 8 ft.,1,16,11,1,1,20220125,TOR,CHA,22100715116,|1627783|1628449|1629018|1630551|1630625,0,REG,,,2022,1629018,-14.0,SG,Chaser,0.19,Rozier 2' Running Layup (7 PTS),,,,CHA,1610612766.0,
Shot Chart Detail,22100715,122,0,Opponent,1610612761,Toronto Raptors,1,2,35,Made Shot,Jump Shot,,Above the Break 3,Center(C),24+ ft.,26,-50,262,1,1,20220125,TOR,CHA,22100715122,|1627783|1628449|1629018|1630551|1630625,1,REG,,,2022,1627783,-13.0,PF,Helper,0.72,Washington 27' 3PT Jump Shot (3 PTS) (Bouknight 1 AST),,,,CHA,1610612766.0,1630547.0
Shot Chart Detail,22100715,126,0,Opponent,1610612761,Toronto Raptors,1,2,1,Missed Shot,Driving Layup Shot,,In The Paint (Non-RA),Center(C),Less Than 8 ft.,5,43,40,1,0,20220125,TOR,CHA,22100715126,|1627783|1628449|1629018|1630551|1630625,0,REG,,,2022,1630625,-16.0,PG,Chaser,0.27,MISS Rozier 6' Driving Layup,,,,CHA,1610612766.0,
Shot Chart Detail,22100715,130,0,Opponent,1610612761,Toronto Raptors,1,1,45,Made Shot,Jump Shot,,Right Corner 3,Right Side(R),24+ ft.,23,237,11,1,1,20220125,TOR,CHA,22100715130,|1628384|1628449|1629018|1629139|1630625,1,REG,,,2022,1629018,-13.0,SG,Chaser,0.19,Oubre Jr. 24' 3PT Jump Shot (3 PTS) (Bridges 1 AST),,,,CHA,1610612766.0,1628970.0
Shot Chart Detail,22100715,151,0,Opponent,1610612761,Toronto Raptors,1,0,57,Made Shot,Driving Layup Shot,,Restricted Area,Center(C),Less Than 8 ft.,1,4,15,1,1,20220125,TOR,CHA,22100715151,|1628384|1628449|1629018|1629139|1630201,0,REG,,,2022,1629139,-12.0,SF,Helper,0.1,Rozier 2' Driving Layup (10 PTS),,,,CHA,1610612766.0,
Shot Chart Detail,22100715,159,0,Opponent,1610612761,Toronto Raptors,1,0,0,Missed Shot,Driving Floating Jump Shot,,Backcourt,Back Court(BC),Back Court Shot,65,91,644,1,0,20220125,TOR,CHA,22100715159,|1628384|1628449|1629018|1629139|1630201,0,REG,,,2022,,,,,,,,,,CHA,1610612766.0,
Shot Chart Detail,22100715,172,0,Opponent,1610612761,Toronto Raptors,2,11,42,Missed Shot,Driving Hook Shot,,In The Paint (Non-RA),Center(C),Less Than 8 ft.,4,-32,37,1,0,20220125,TOR,CHA,22100715172,|1628384|1628449|1629018|1629139|1630201,0,REG,,,2022,1630201,-12.0,PG,Point of Attack,-0.52,MISS Ball 5' Driving Hook Shot,,,,CHA,1610612766.0,
Shot Chart Detail,22100715,182,0,Opponent,1610612761,Toronto Raptors,2,11,14,Made Shot,Running Layup Shot,,Restricted Area,Center(C),Less Than 8 ft.,0,-1,4,1,1,20220125,TOR,CHA,22100715182,|1628384|1628449|1629018|1629139|1630201,1,REG,,,2022,,,,,,,,,,CHA,1610612766.0,1630163.0
Shot Chart Detail,22100715,185,0,Opponent,1610612761,Toronto Raptors,2,10,42,Missed Shot,Jump Shot,,Above the Break 3,Center(C),24+ ft.,26,-61,260,1,0,20220125,TOR,CHA,22100715185,|1628384|1628449|1629018|1629139|1630201,0,REG,,,2022,1628449,-10.0,SF,Helper,0.4,MISS Oubre Jr. 27' 3PT Jump Shot,,,,CHA,1610612766.0,
Shot Chart Detail,22100715,197,0,Opponent,1610612761,Toronto Raptors,2,10,13,Made Shot,Driving Layup Shot,,In The Paint (Non-RA),Center(C),Less Than 8 ft.,4,-27,32,1,1,20220125,TOR,CHA,22100715197,|1627783|1628384|1628449|1629139|1630201,1,REG,,,2022,1628449|1628384|1629139,-10.0,,,,,,,,CHA,1610612766.0,1630163.0
Shot Chart Detail,22100715,202,0,Opponent,1610612761,Toronto Raptors,2,9,40,Missed Shot,Driving Finger Roll Layup Shot,,In The Paint (Non-RA),Center(C),Less Than 8 ft.,5,-34,40,1,0,20220125,TOR,CHA,22100715202,|1627783|1628384|1628449|1629139|1630201,0,REG,,,2022,1629139,-10.0,SF,Helper,0.1,MISS Ball 5' Driving Finger Roll Layup,,,,CHA,1610612766.0,
Shot Chart Detail,22100715,206,0,Opponent,1610612761,Toronto Raptors,2,9,22,Missed Shot,Jump Shot,,Left Corner 3,Left Side(L),24+ ft.,23,-230,6,1,0,20220125,TOR,CHA,22100715206,|1627783|1628384|1628449|1629139|1630201,0,REG,,,2022,1628449,-13.0,SF,Helper,0.4,MISS Bouknight 3PT Jump Shot,,,,CHA,1610612766.0,
Shot Chart Detail,22100715,210,0,Opponent,1610612761,Toronto Raptors,2,8,58,Made Shot,Pullup Jump shot,,Mid-Range,Center(C),16-24 ft.,21,23,218,1,1,20220125,TOR,CHA,22100715210,|1627783|1628384|1628449|1629139|1630201,0,REG,,,2022,1627783,-13.0,PF,Helper,0.72,Ball 22' Pullup Jump Shot (9 PTS),,,,CHA,1610612766.0,
Shot Chart Detail,22100715,229,0,Opponent,1610612761,Toronto Raptors,2,7,34,Made Shot,Driving Finger Roll Layup Shot,,Restricted Area,Center(C),Less Than 8 ft.,2,27,13,1,1,20220125,TOR,CHA,22100715229,|1627783|1628384|1629139|1630173|1630201,0,REG,,,2022,1630173,-11.0,C,Mobile Big,0.24,Ball 3' Driving Finger Roll Layup (11 PTS),,,,CHA,1610612766.0,
Shot Chart Detail,22100715,234,0,Opponent,1610612761,Toronto Raptors,2,7,12,Missed Shot,Driving Layup Shot,,In The Paint (Non-RA),Center(C),Less Than 8 ft.,6,42,46,1,0,20220125,TOR,CHA,22100715234,|1627783|1628384|1629139|1630173|1630201,0,REG,,,2022,1630173,-11.0,C,Mobile Big,0.24,MISS Smith 6' Driving Layup,,,,CHA,1610612766.0,
Shot Chart Detail,22100715,238,0,Opponent,1610612761,Toronto Raptors,2,6,44,Missed Shot,Pullup Jump shot,,Above the Break 3,Left Side Center(LC),24+ ft.,25,-170,194,1,0,20220125,TOR,CHA,22100715238,|1627783|1628384|1629139|1630173|1630201,0,REG,,,2022,1627783,-13.0,PF,Helper,0.72,MISS Ball 26' 3PT Pullup Jump Shot,,,,CHA,1610612766.0,
Shot Chart Detail,22100715,256,0,Opponent,1610612761,Toronto Raptors,2,6,12,Missed Shot,Pullup Jump shot,,Mid-Range,Center(C),8-16 ft.,15,10,152,1,0,20220125,TOR,CHA,22100715256,|1627783|1628384|1629139|1630173|1630201,0,REG,,,2022,1630173,-16.0,C,Mobile Big,0.24,MISS Rozier 15' Pullup Jump Shot,,,,CHA,1610612766.0,
Shot Chart Detail,22100715,258,0,Opponent,1610612761,Toronto Raptors,2,6,5,Made Shot,Jump Shot,,Above the Break 3,Left Side Center(LC),24+ ft.,25,-163,194,1,1,20220125,TOR,CHA,22100715258,|1627783|1628384|1629139|1630173|1630201,1,REG,,,2022,1627783,-13.0,PF,Helper,0.72,Bridges 25' 3PT Jump Shot (5 PTS) (Rozier 2 AST),,,,CHA,1610612766.0,1626179.0
Shot Chart Detail,22100715,261,0,Opponent,1610612761,Toronto Raptors,2,5,24,Missed Shot,Floating Jump shot,,Mid-Range,Left Side(L),8-16 ft.,10,-93,37,1,0,20220125,TOR,CHA,22100715261,|1627783|1628384|1629139|1630173|1630201,0,REG,,,2022,1630173,-15.0,C,Mobile Big,0.24,MISS Oubre Jr. 10' Floating Jump Shot,,,,CHA,1610612766.0,
Shot Chart Detail,22100715,263,0,Opponent,1610612761,Toronto Raptors,2,5,20,Missed Shot,Tip Layup Shot,,Restricted Area,Center(C),Less Than 8 ft.,0,0,0,1,0,20220125,TOR,CHA,22100715263,|1627783|1628384|1629139|1630173|1630201,0,REG,,,2022,1627783,-15.0,PF,Helper,0.72,Siakam BLOCK (1 BLK),,,,CHA,1610612766.0,
Shot Chart Detail,22100715,267,0,Opponent,1610612761,Toronto Raptors,2,5,4,Made Shot,Driving Finger Roll Layup Shot,,Restricted Area,Center(C),Less Than 8 ft.,0,4,8,1,1,20220125,TOR,CHA,22100715267,|1627783|1628384|1629139|1630173|1630201,1,REG,,,2022,1627783,-15.0,PF,Helper,0.72,Martin 1' Driving Finger Roll Layup (2 PTS) (Rozier 3 AST),,,,CHA,1610612766.0,1626179.0
Shot Chart Detail,22100715,277,0,Opponent,1610612761,Toronto Raptors,2,4,22,Made Shot,Cutting Layup Shot,,Restricted Area,Center(C),Less Than 8 ft.,0,9,-1,1,1,20220125,TOR,CHA,22100715277,|1627783|1629018|1629139|1630173|1630201,1,REG,,,2022,1629018|1630173,-16.0,,,,,,,,CHA,1610612766.0,1626179.0
Shot Chart Detail,22100715,297,0,Opponent,1610612761,Toronto Raptors,2,3,33,Made Shot,Driving Finger Roll Layup Shot,,Restricted Area,Center(C),Less Than 8 ft.,2,-10,19,1,1,20220125,TOR,CHA,22100715297,|1627783|1629018|1629139|1630173|1630201,0,REG,,,2022,1627783,-15.0,PF,Helper,0.72,Bouknight 2' Driving Finger Roll Layup (13 PTS),,,,CHA,1610612766.0,
Shot Chart Detail,22100715,307,0,Opponent,1610612761,Toronto Raptors,2,3,0,Made Shot,Turnaround Fadeaway shot,,In The Paint (Non-RA),Center(C),8-16 ft.,12,26,122,1,1,20220125,TOR,CHA,22100715307,|1627783|1628384|1629018|1630173|1630201,0,REG,,,2022,1630173,-13.0,C,Mobile Big,0.24,Martin 12' Turnaround Fadeaway (4 PTS),,,,CHA,1610612766.0,
Shot Chart Detail,22100715,310,0,Opponent,1610612761,Toronto Raptors,2,2,18,Made Shot,Driving Reverse Layup Shot,,Restricted Area,Center(C),Less Than 8 ft.,3,-9,36,1,1,20220125,TOR,CHA,22100715310,|1627783|1628384|1629018|1630173|1630201,0,REG,,,2022,1629018,-13.0,SG,Chaser,0.19,Bridges 4' Driving Reverse Layup (9 PTS),,,,CHA,1610612766.0,
Shot Chart Detail,22100715,313,0,Opponent,1610612761,Toronto Raptors,2,1,52,Made Shot,Running Layup Shot,,Restricted Area,Center(C),Less Than 8 ft.,2,21,11,1,1,20220125,TOR,CHA,22100715313,|1627783|1628384|1629018|1630173|1630201,0,REG,,,2022,1627783,-11.0,PF,Helper,0.72,Bridges 2' Running Layup (11 PTS),,,,CHA,1610612766.0,
Shot Chart Detail,22100715,325,0,Opponent,1610612761,Toronto Raptors,2,1,7,Missed Shot,Jump Shot,,Right Corner 3,Right Side(R),24+ ft.,24,243,29,1,0,20220125,TOR,CHA,22100715325,|1627783|1628384|1629018|1630173|1630201,0,REG,,,2022,1630173,-13.0,C,Mobile Big,0.24,MISS Martin 24' 3PT Jump Shot,,,,CHA,1610612766.0,
Shot Chart Detail,22100715,328,0,Opponent,1610612761,Toronto Raptors,2,0,39,Made Shot,Driving Layup Shot,,Restricted Area,Center(C),Less Than 8 ft.,0,-1,0,1,1,20220125,TOR,CHA,22100715328,|1627783|1628384|1629018|1630173|1630201,0,REG,,,2022,1630201|1630173,-13.0,,,,,,,,CHA,1610612766.0,
Shot Chart Detail,22100715,330,0,Opponent,1610612761,Toronto Raptors,2,0,3,Missed Shot,Step Back Jump shot,,Above the Break 3,Left Side Center(LC),24+ ft.,25,-150,210,1,0,20220125,TOR,CHA,22100715330,|1627783|1628384|1629018|1630173|1630201,0,REG,,,2022,1629018,-15.0,SG,Chaser,0.19,MISS Bouknight 26' 3PT Step Back Jump Shot,,,,CHA,1610612766.0,
Shot Chart Detail,22100715,332,0,Opponent,1610612761,Toronto Raptors,2,0,1,Missed Shot,Tip Layup Shot,,Restricted Area,Center(C),Less Than 8 ft.,0,0,0,1,0,20220125,TOR,CHA,22100715332,|1627783|1628384|1629018|1630173|1630201,0,REG,,,2022,1630173,-15.0,C,Mobile Big,0.24,MISS Martin Tip Layup Shot,,,,CHA,1610612766.0,
Shot Chart Detail,22100715,347,0,Opponent,1610612761,Toronto Raptors,3,11,34,Made Shot,Running Dunk Shot,,Restricted Area,Center(C),Less Than 8 ft.,0,4,-3,1,1,20220125,TOR,CHA,22100715347,|1627783|1628384|1628449|1629018|1630173,1,REG,,,2022,1627783,-13.0,PF,Helper,0.72,Plumlee 1' Running Dunk (4 PTS) (Rozier 5 AST),,,,CHA,1610612766.0,1626179.0
Shot Chart Detail,22100715,351,0,Opponent,1610612761,Toronto Raptors,3,10,58,Missed Shot,Jump Shot,,Above the Break 3,Right Side Center(RC),24+ ft.,25,140,211,1,0,20220125,TOR,CHA,22100715351,|1627783|1628384|1628449|1629018|1630173,0,REG,,,2022,1627783,-13.0,PF,Helper,0.72,MISS Rozier 25' 3PT Jump Shot,,,,CHA,1610612766.0,
Shot Chart Detail,22100715,361,0,Opponent,1610612761,Toronto Raptors,3,9,57,Made Shot,Cutting Dunk Shot,,Restricted Area,Center(C),Less Than 8 ft.,1,-10,0,1,1,20220125,TOR,CHA,22100715361,|1627783|1628384|1628449|1629018|1630173,1,REG,,,2022,1628384,-11.0,SF,Wing Stopper,1.03,Plumlee 1' Cutting Dunk Shot (6 PTS) (Martin 1 AST),,,,CHA,1610612766.0,1628998.0
Shot Chart Detail,22100715,367,0,Opponent,1610612761,Toronto Raptors,3,9,26,Made Shot,Jump Shot,,Above the Break 3,Left Side Center(LC),24+ ft.,26,-173,196,1,1,20220125,TOR,CHA,22100715367,|1627783|1628384|1628449|1629018|1630173,1,REG,,,2022,1627783,-10.0,PF,Helper,0.72,Bridges 26' 3PT Jump Shot (18 PTS) (Plumlee 1 AST),,,,CHA,1610612766.0,203486.0
Shot Chart Detail,22100715,371,0,Opponent,1610612761,Toronto Raptors,3,9,16,Made Shot,Layup Shot,,Restricted Area,Center(C),Less Than 8 ft.,0,0,1,1,1,20220125,TOR,CHA,22100715371,|1627783|1628384|1628449|1629018|1630173,0,REG,,,2022,1630173,-8.0,C,Mobile Big,0.24,Rozier Layup (12 PTS),,,,CHA,1610612766.0,
Shot Chart Detail,22100715,374,0,Opponent,1610612761,Toronto Raptors,3,8,54,Made Shot,Running Dunk Shot,,Restricted Area,Center(C),Less Than 8 ft.,0,-9,-1,1,1,20220125,TOR,CHA,22100715374,|1627783|1628384|1628449|1629018|1630173,1,REG,,,2022,1629018,-6.0,SG,Chaser,0.19,Ball 1' Running Dunk (13 PTS) (Rozier 6 AST),,,,CHA,1610612766.0,1626179.0
Shot Chart Detail,22100715,390,0,Opponent,1610612761,Toronto Raptors,3,7,29,Made Shot,Jump Shot,,Left Corner 3,Left Side(L),24+ ft.,22,-229,17,1,1,20220125,TOR,CHA,22100715390,|1627783|1628384|1629018|1630173|1630625,1,REG,,,2022,1629018,-3.0,SG,Chaser,0.19,Ball 3PT Jump Shot (16 PTS) (Plumlee 2 AST),,,,CHA,1610612766.0,203486.0
Shot Chart Detail,22100715,393,0,Opponent,1610612761,Toronto Raptors,3,6,56,Missed Shot,Jump Shot,,Right Corner 3,Right Side(R),24+ ft.,22,229,10,1,0,20220125,TOR,CHA,22100715393,|1627783|1628384|1629018|1630173|1630625,0,REG,,,2022,1629018,-5.0,SG,Chaser,0.19,MISS Rozier 3PT Jump Shot,,,,CHA,1610612766.0,
Shot Chart Detail,22100715,402,0,Opponent,1610612761,Toronto Raptors,3,5,59,Made Shot,Reverse Dunk Shot,,Restricted Area,Center(C),Less Than 8 ft.,1,-9,5,1,1,20220125,TOR,CHA,22100715402,|1627783|1628384|1628449|1629018|1630625,1,REG,,,2022,1628384,-6.0,SF,Wing Stopper,1.03,Plumlee 1' Reverse Dunk (8 PTS) (Bridges 2 AST),,,,CHA,1610612766.0,1628970.0
Shot Chart Detail,22100715,421,0,Opponent,1610612761,Toronto Raptors,3,4,52,Made Shot,Cutting Dunk Shot,,Restricted Area,Center(C),Less Than 8 ft.,0,-1,7,1,1,20220125,TOR,CHA,22100715421,|1627783|1628384|1628449|1629018|1630625,1,REG,,,2022,1627783,-7.0,PF,Helper,0.72,Bridges 1' Cutting Dunk Shot (20 PTS) (Ball 5 AST),,,,CHA,1610612766.0,1630163.0
Shot Chart Detail,22100715,440,0,Opponent,1610612761,Toronto Raptors,3,3,32,Missed Shot,Driving Layup Shot,,In The Paint (Non-RA),Center(C),Less Than 8 ft.,7,-27,73,1,0,20220125,TOR,CHA,22100715440,|1627783|1628449|1629018|1629139|1630625,0,REG,,,2022,1629139,-11.0,SF,Helper,0.1,Banton BLOCK (2 BLK),,,,CHA,1610612766.0,
Shot Chart Detail,22100715,463,0,Opponent,1610612761,Toronto Raptors,3,2,7,Missed Shot,Alley Oop Dunk Shot,,Restricted Area,Center(C),Less Than 8 ft.,1,-12,4,1,0,20220125,TOR,CHA,22100715463,|1628384|1628449|1629018|1629139|1630625,0,REG,,,2022,1628449,-12.0,SF,Helper,0.4,MISS Plumlee 1' Alley Oop Dunk,,,,CHA,1610612766.0,
Shot Chart Detail,22100715,468,0,Opponent,1610612761,Toronto Raptors,3,1,45,Missed Shot,Jump Shot,,Above the Break 3,Center(C),24+ ft.,26,-56,259,1,0,20220125,TOR,CHA,22100715468,|1628384|1628449|1629018|1629139|1630625,0,REG,,,2022,1628384,-12.0,SF,Wing Stopper,1.03,MISS Oubre Jr. 26' 3PT Jump Shot,,,,CHA,1610612766.0,
Shot Chart Detail,22100715,472,0,Opponent,1610612761,Toronto Raptors,3,1,29,Missed Shot,Running Layup Shot,,Restricted Area,Center(C),Less Than 8 ft.,3,-10,31,1,0,20220125,TOR,CHA,22100715472,|1628384|1628449|1629018|1629139|1630625,0,REG,,,2022,1630625,-12.0,PG,Chaser,0.27,MISS Bouknight 3' Running Layup,,,,CHA,1610612766.0,
Shot Chart Detail,22100715,484,0,Opponent,1610612761,Toronto Raptors,3,0,39,Missed Shot,Driving Finger Roll Layup Shot,,In The Paint (Non-RA),Center(C),Less Than 8 ft.,6,17,59,1,0,20220125,TOR,CHA,22100715484,|1628384|1628449|1629018|1629139|1630625,0,REG,,,2022,1629139,-16.0,SF,Helper,0.1,Banton BLOCK (3 BLK),,,,CHA,1610612766.0,
Shot Chart Detail,22100715,496,0,Opponent,1610612761,Toronto Raptors,3,0,21,Missed Shot,Jump Shot,,Left Corner 3,Left Side(L),24+ ft.,23,-234,8,1,0,20220125,TOR,CHA,22100715496,|1628384|1628449|1629018|1629139|1630201,0,REG,,,2022,1629139,-17.0,SF,Helper,0.1,MISS Oubre Jr. 3PT Jump Shot,,,,CHA,1610612766.0,
Shot Chart Detail,22100715,505,0,Opponent,1610612761,Toronto Raptors,3,0,0,Made Shot,Fadeaway Jump Shot,,Mid-Range,Left Side(L),16-24 ft.,16,-147,69,1,1,20220125,TOR,CHA,22100715505,|1628384|1628449|1629018|1629139|1630201,1,REG,,,2022,1630201,-19.0,PG,Point of Attack,-0.52,Ball 16' Fadeaway Jumper (20 PTS) (Bridges 3 AST),,,,CHA,1610612766.0,1628970.0
Shot Chart Detail,22100715,514,0,Opponent,1610612761,Toronto Raptors,4,11,42,Missed Shot,Cutting Layup Shot,,In The Paint (Non-RA),Center(C),Less Than 8 ft.,6,40,54,1,0,20220125,TOR,CHA,22100715514,|1627783|1628384|1628449|1629139|1630201,0,REG,,,2022,1628384|1627783,-19.0,,,,,,,,CHA,1610612766.0,
Shot Chart Detail,22100715,519,0,Opponent,1610612761,Toronto Raptors,4,11,21,Made Shot,Jump Shot,,Above the Break 3,Left Side Center(LC),24+ ft.,26,-184,184,1,1,20220125,TOR,CHA,22100715519,|1627783|1628384|1628449|1629139|1630201,1,REG,,,2022,1628384,-19.0,SF,Wing Stopper,1.03,Bouknight 26' 3PT Jump Shot (16 PTS) (Ball 6 AST),,,,CHA,1610612766.0,1630163.0
Shot Chart Detail,22100715,529,0,Opponent,1610612761,Toronto Raptors,4,10,34,Made Shot,Cutting Finger Roll Layup Shot,,Restricted Area,Center(C),Less Than 8 ft.,0,0,1,1,1,20220125,TOR,CHA,22100715529,|1627783|1628384|1628449|1629139|1630201,1,REG,,,2022,1629139,-20.0,SF,Helper,0.1,Plumlee Cutting Finger Roll Layup Shot (10 PTS) (Martin 2 AST),,,,CHA,1610612766.0,1628998.0
Shot Chart Detail,22100715,533,0,Opponent,1610612761,Toronto Raptors,4,10,6,Missed Shot,Cutting Layup Shot,,Restricted Area,Center(C),Less Than 8 ft.,3,-22,22,1,0,20220125,TOR,CHA,22100715533,|1627783|1628384|1628449|1629139|1630201,0,REG,,,2022,1630201,-20.0,PG,Point of Attack,-0.52,Boucher BLOCK (2 BLK),,,,CHA,1610612766.0,
Shot Chart Detail,22100715,548,0,Opponent,1610612761,Toronto Raptors,4,9,34,Missed Shot,Driving Floating Jump Shot,,In The Paint (Non-RA),Center(C),8-16 ft.,12,-31,117,1,0,20220125,TOR,CHA,22100715548,|1627783|1628384|1628449|1629139|1630201,0,REG,,,2022,1630201,-22.0,PG,Point of Attack,-0.52,MISS Ball 12' Driving Floating Jump Shot,,,,CHA,1610612766.0,
Shot Chart Detail,22100715,550,0,Opponent,1610612761,Toronto Raptors,4,9,30,Missed Shot,Tip Layup Shot,,Restricted Area,Center(C),Less Than 8 ft.,0,0,0,1,0,20220125,TOR,CHA,22100715550,|1627783|1628384|1628449|1629139|1630201,0,REG,,,2022,1628449,-22.0,SF,Helper,0.4,MISS Plumlee Tip Layup Shot,,,,CHA,1610612766.0,
Shot Chart Detail,22100715,560,0,Opponent,1610612761,Toronto Raptors,4,9,21,Made Shot,Running Dunk Shot,,Restricted Area,Center(C),Less Than 8 ft.,1,-7,-10,1,1,20220125,TOR,CHA,22100715560,|1627783|1628384|1628449|1629139|1630201,0,REG,,,2022,,,,,,,,,,CHA,1610612766.0,
Shot Chart Detail,22100715,563,0,Opponent,1610612761,Toronto Raptors,4,8,59,Missed Shot,Running Jump Shot,,Left Corner 3,Left Side(L),24+ ft.,22,-227,2,1,0,20220125,TOR,CHA,22100715563,|1627783|1628384|1628449|1629139|1630201,0,REG,,,2022,1628449,-19.0,SF,Helper,0.4,MISS Ball 3PT Running Jump Shot,,,,CHA,1610612766.0,
Shot Chart Detail,22100715,565,0,Opponent,1610612761,Toronto Raptors,4,8,55,Missed Shot,Jump Shot,,Above the Break 3,Left Side Center(LC),24+ ft.,26,-185,190,1,0,20220125,TOR,CHA,22100715565,|1627783|1628384|1628449|1629139|1630201,0,REG,,,2022,1629139,-19.0,SF,Helper,0.1,MISS Bouknight 27' 3PT Jump Shot,,,,CHA,1610612766.0,
Shot Chart Detail,22100715,578,0,Opponent,1610612761,Toronto Raptors,4,7,48,Made Shot,Jump Shot,,Above the Break 3,Right Side Center(RC),24+ ft.,28,89,267,1,1,20220125,TOR,CHA,22100715578,|1627783|1628384|1628449|1629018|1630201,1,REG,,,2022,1627783,-18.0,PF,Helper,0.72,Oubre Jr. 28' 3PT Jump Shot (9 PTS) (Plumlee 3 AST),,,,CHA,1610612766.0,203486.0
Shot Chart Detail,22100715,590,0,Opponent,1610612761,Toronto Raptors,4,6,47,Missed Shot,Pullup Jump shot,,Above the Break 3,Center(C),24+ ft.,26,-18,265,1,0,20220125,TOR,CHA,22100715590,|1627783|1628449|1629018|1630173|1630201,0,REG,,,2022,1630173,-16.0,C,Mobile Big,0.24,MISS Oubre Jr. 27' 3PT Pullup Jump Shot,,,,CHA,1610612766.0,
Shot Chart Detail,22100715,594,0,Opponent,1610612761,Toronto Raptors,4,6,13,Missed Shot,Running Layup Shot,,Restricted Area,Center(C),Less Than 8 ft.,3,31,15,1,0,20220125,TOR,CHA,22100715594,|1627783|1628449|1629018|1630173|1630201,0,REG,,,2022,1627783|1630173,-16.0,,,,,,,,CHA,1610612766.0,
Shot Chart Detail,22100715,599,0,Opponent,1610612761,Toronto Raptors,4,5,40,Made Shot,Alley Oop Dunk Shot,,Restricted Area,Center(C),Less Than 8 ft.,1,4,13,1,1,20220125,TOR,CHA,22100715599,|1627783|1628449|1629018|1630173|1630201,1,REG,,,2022,1630201|1630173,-16.0,,,,,,,,CHA,1610612766.0,1630163.0
Shot Chart Detail,22100715,604,0,Opponent,1610612761,Toronto Raptors,4,5,9,Made Shot,Driving Finger Roll Layup Shot,,In The Paint (Non-RA),Center(C),Less Than 8 ft.,4,33,29,1,1,20220125,TOR,CHA,22100715604,|1627783|1628449|1629018|1630173|1630201,0,REG,,,2022,1629018,-16.0,SG,Chaser,0.19,Ball 4' Driving Finger Roll Layup (25 PTS),,,,CHA,1610612766.0,
Shot Chart Detail,22100715,607,0,Opponent,1610612761,Toronto Raptors,4,4,41,Missed Shot,Driving Finger Roll Layup Shot,,Restricted Area,Center(C),Less Than 8 ft.,3,-13,34,1,0,20220125,TOR,CHA,22100715607,|1627783|1628449|1629018|1630173|1630201,0,REG,,,2022,1628449,-16.0,SF,Helper,0.4,MISS Ball 4' Driving Finger Roll Layup,,,,CHA,1610612766.0,
Shot Chart Detail,22100715,611,0,Opponent,1610612761,Toronto Raptors,4,4,11,Missed Shot,Pullup Jump shot,,Mid-Range,Center(C),8-16 ft.,14,1,142,1,0,20220125,TOR,CHA,22100715611,|1627783|1628449|1629018|1630173|1630201,0,REG,,,2022,1627783|1630173,-16.0,,,,,,,,CHA,1610612766.0,
Shot Chart Detail,22100715,626,0,Opponent,1610612761,Toronto Raptors,4,3,45,Made Shot,Floating Jump shot,,In The Paint (Non-RA),Center(C),Less Than 8 ft.,7,0,78,1,1,20220125,TOR,CHA,22100715626,|1627783|1628384|1629018|1630173|1630201,0,REG,,,2022,1629018,-17.0,SG,Chaser,0.19,Bouknight 8' Floating Jump Shot (18 PTS),,,,CHA,1610612766.0,
Shot Chart Detail,22100715,644,0,Opponent,1610612761,Toronto Raptors,4,2,40,Made Shot,Jump Shot,,Right Corner 3,Right Side(R),24+ ft.,23,235,11,1,1,20220125,TOR,CHA,22100715644,|1629004|1629067|1629139|1630201|1630625,1,REG,,,2022,1629004,-17.0,SF,Chaser,-0.31,Thor 24' 3PT Jump Shot (3 PTS) (Jones 1 AST),,,,CHA,1610612766.0,1630539.0
Shot Chart Detail,22100715,648,0,Opponent,1610612761,Toronto Raptors,4,1,56,Made Shot,Cutting Dunk Shot,,Restricted Area,Center(C),Less Than 8 ft.,0,0,6,1,1,20220125,TOR,CHA,22100715648,|1629004|1629067|1629139|1630201|1630625,1,REG,,,2022,,,,,,,,,,CHA,1610612766.0,1630550.0
Shot Chart Detail,22100715,652,0,Opponent,1610612761,Toronto Raptors,4,1,28,Made Shot,Jump Shot,,Left Corner 3,Left Side(L),24+ ft.,23,-232,10,1,1,20220125,TOR,CHA,22100715652,|1629004|1629067|1629139|1630201|1630625,1,REG,,,2022,1629139,-12.0,SF,Helper,0.1,Thor 3PT Jump Shot (6 PTS) (Richards 1 AST),,,,CHA,1610612766.0,1630208.0
Shot Chart Detail,22100715,655,0,Opponent,1610612761,Toronto Raptors,4,0,56,Missed Shot,Turnaround Hook Shot,,In The Paint (Non-RA),Center(C),Less Than 8 ft.,7,-7,78,1,0,20220125,TOR,CHA,22100715655,|1629004|1629067|1629139|1630201|1630625,0,REG,,,2022,1630625,-12.0,PG,Chaser,0.27,MISS Richards 8' Turnaround Hook Shot,,,,CHA,1610612766.0,
Shot Chart Detail,22100472,7,0,Opponent,1610612761,Toronto Raptors,1,11,42,Made Shot,Pullup Jump shot,,Mid-Range,Center(C),8-16 ft.,15,1,153,1,1,20220126,CHI,TOR,221004727,|1627783|1628384|1629018|1630173|1630567,1,REG,,,2022,1630173,2.0,C,Mobile Big,0.24,DeRozan 15' Pullup Jump Shot (2 PTS) (Vucevic 1 AST),,,,CHI,1610612741.0,202696.0
Shot Chart Detail,22100472,11,0,Opponent,1610612761,Toronto Raptors,1,11,3,Made Shot,Pullup Jump shot,,Above the Break 3,Left Side Center(LC),24+ ft.,24,-140,203,1,1,20220126,CHI,TOR,2210047211,|1627783|1628384|1629018|1630173|1630567,1,REG,,,2022,1630173,5.0,C,Mobile Big,0.24,LaVine 25' 3PT Pullup Jump Shot (3 PTS) (Vucevic 2 AST),,,,CHI,1610612741.0,202696.0
Shot Chart Detail,22100472,15,0,Opponent,1610612761,Toronto Raptors,1,10,34,Made Shot,Cutting Layup Shot,,Restricted Area,Center(C),Less Than 8 ft.,1,13,3,1,1,20220126,CHI,TOR,2210047215,|1627783|1628384|1629018|1630173|1630567,1,REG,,,2022,1629018|1627783,7.0,,,,,,,,CHI,1610612741.0,202696.0
Shot Chart Detail,22100472,19,0,Opponent,1610612761,Toronto Raptors,1,10,0,Made Shot,Cutting Layup Shot,,Restricted Area,Center(C),Less Than 8 ft.,1,7,9,1,1,20220126,CHI,TOR,2210047219,|1627783|1628384|1629018|1630173|1630567,1,REG,,,2022,1630567,9.0,PF,Helper,0.63,Vucevic 1' Cutting Layup Shot (2 PTS) (DeRozan 1 AST),,,,CHI,1610612741.0,201942.0
Shot Chart Detail,22100472,26,0,Opponent,1610612761,Toronto Raptors,1,9,21,Made Shot,Turnaround Fadeaway shot,,In The Paint (Non-RA),Center(C),8-16 ft.,9,13,96,1,1,20220126,CHI,TOR,2210047226,|1627783|1628384|1629018|1630173|1630567,1,REG,,,2022,1628384|1630567,9.0,,,,,,,,CHI,1610612741.0,203897.0
Shot Chart Detail,22100472,35,0,Opponent,1610612761,Toronto Raptors,1,8,53,Made Shot,Layup Shot,,Restricted Area,Center(C),Less Than 8 ft.,0,-4,9,1,1,20220126,CHI,TOR,2210047235,|1627783|1628384|1629018|1630173|1630567,1,REG,,,2022,1628384,12.0,SF,Wing Stopper,1.03,LaVine 1' Layup (5 PTS) (Green 1 AST),,,,CHI,1610612741.0,1629750.0
Shot Chart Detail,22100472,52,0,Opponent,1610612761,Toronto Raptors,1,7,39,Made Shot,Pullup Jump shot,,Left Corner 3,Left Side(L),24+ ft.,22,-225,41,1,1,20220126,CHI,TOR,2210047252,|1627783|1628449|1629018|1630567|1630625,1,REG,,,2022,1630567,10.0,PF,Helper,0.63,Brown Jr. 3PT Pullup Jump Shot (3 PTS) (Vucevic 4 AST),,,,CHI,1610612741.0,202696.0
Shot Chart Detail,22100472,67,0,Opponent,1610612761,Toronto Raptors,1,6,27,Made Shot,Driving Floating Jump Shot,,In The Paint (Non-RA),Center(C),Less Than 8 ft.,7,42,68,1,1,20220126,CHI,TOR,2210047267,|1627783|1628449|1629018|1630567|1630625,1,REG,,,2022,1630625,10.0,PG,Chaser,0.27,Brown Jr. 8' Driving Floating Jump Shot (5 PTS) (Dosunmu 1 AST),,,,CHI,1610612741.0,1630245.0
Shot Chart Detail,22100472,71,0,Opponent,1610612761,Toronto Raptors,1,6,0,Missed Shot,Driving Layup Shot,,Restricted Area,Center(C),Less Than 8 ft.,1,16,8,1,0,20220126,CHI,TOR,2210047271,|1627783|1628449|1629018|1630567|1630625,0,REG,,,2022,1627783,10.0,PF,Helper,0.72,MISS Dosunmu 2' Driving Layup,,,,CHI,1610612741.0,
Shot Chart Detail,22100472,76,0,Opponent,1610612761,Toronto Raptors,1,5,43,Made Shot,Floating Jump shot,,In The Paint (Non-RA),Center(C),8-16 ft.,11,51,108,1,1,20220126,CHI,TOR,2210047276,|1627783|1628449|1629018|1630567|1630625,1,REG,,,2022,1628449,12.0,SF,Helper,0.4,Vucevic 12' Floating Jump Shot (4 PTS) (LaVine 2 AST),,,,CHI,1610612741.0,203897.0
Shot Chart Detail,22100472,79,0,Opponent,1610612761,Toronto Raptors,1,5,2,Missed Shot,Jump Shot,,Mid-Range,Center(C),16-24 ft.,23,13,234,1,0,20220126,CHI,TOR,2210047279,|1627783|1628449|1629018|1630567|1630625,0,REG,,,2022,1628449,10.0,SF,Helper,0.4,MISS White 23' Jump Shot,,,,CHI,1610612741.0,
Shot Chart Detail,22100472,93,0,Opponent,1610612761,Toronto Raptors,1,4,22,Missed Shot,Jump Shot,,Right Corner 3,Right Side(R),24+ ft.,22,228,22,1,0,20220126,CHI,TOR,2210047293,|1627783|1628449|1629018|1629139|1630625,0,REG,,,2022,1629139,10.0,SF,Helper,0.1,MISS Dosunmu 3PT Jump Shot,,,,CHI,1610612741.0,
Shot Chart Detail,22100472,95,0,Opponent,1610612761,Toronto Raptors,1,4,8,Made Shot,Cutting Layup Shot,,Restricted Area,Center(C),Less Than 8 ft.,0,2,0,1,1,20220126,CHI,TOR,2210047295,|1627783|1628449|1629018|1629139|1630625,1,REG,,,2022,1628449|1627783,12.0,,,,,,,,CHI,1610612741.0,1629632.0
Shot Chart Detail,22100472,99,0,Opponent,1610612761,Toronto Raptors,1,3,43,Missed Shot,Jump Shot,,Above the Break 3,Right Side Center(RC),24+ ft.,25,136,210,1,0,20220126,CHI,TOR,2210047299,|1627783|1628449|1629018|1629139|1630625,0,REG,,,2022,1627783,12.0,PF,Helper,0.72,MISS Dosunmu 25' 3PT Jump Shot,,,,CHI,1610612741.0,
Shot Chart Detail,22100472,113,0,Opponent,1610612761,Toronto Raptors,1,3,15,Made Shot,Cutting Dunk Shot,,Restricted Area,Center(C),Less Than 8 ft.,0,2,3,1,1,20220126,CHI,TOR,22100472113,|1628384|1629018|1629139|1630173|1630625,1,REG,,,2022,1628384,14.0,SF,Wing Stopper,1.03,Vucevic Cutting Dunk Shot (6 PTS) (DeRozan 2 AST),,,,CHI,1610612741.0,201942.0
Shot Chart Detail,22100472,133,0,Opponent,1610612761,Toronto Raptors,1,1,55,Missed Shot,Jump Bank Shot,,Above the Break 3,Right Side Center(RC),24+ ft.,31,190,246,1,0,20220126,CHI,TOR,22100472133,|1628384|1629018|1629139|1630173|1630625,0,REG,,,2022,1629018|1630173,11.0,,,,,,,,CHI,1610612741.0,
Shot Chart Detail,22100472,141,0,Opponent,1610612761,Toronto Raptors,1,0,53,Made Shot,Driving Layup Shot,,Restricted Area,Center(C),Less Than 8 ft.,2,5,24,1,1,20220126,CHI,TOR,22100472141,|1628384|1629018|1629139|1630173|1630625,0,REG,,,2022,1630173,8.0,C,Mobile Big,0.24,DeRozan 2' Driving Layup (10 PTS),,,,CHI,1610612741.0,
Shot Chart Detail,22100472,165,0,Opponent,1610612761,Toronto Raptors,1,0,0,Missed Shot,Turnaround Fadeaway shot,,Mid-Range,Left Side(L),8-16 ft.,15,-159,-1,1,0,20220126,CHI,TOR,22100472165,|1627783|1629018|1629139|1630173|1630625,0,REG,,,2022,1629018,4.0,SG,Chaser,0.19,MISS DeRozan 16' Turnaround Fadeaway Shot,,,,CHI,1610612741.0,
Shot Chart Detail,22100472,185,0,Opponent,1610612761,Toronto Raptors,2,11,24,Missed Shot,Jump Shot,,Mid-Range,Right Side Center(RC),16-24 ft.,18,102,158,1,0,20220126,CHI,TOR,22100472185,|1627783|1628449|1630173|1630201|1630567,0,REG,,,2022,1630173|1630567,4.0,,,,,,,,CHI,1610612741.0,
Shot Chart Detail,22100472,190,0,Opponent,1610612761,Toronto Raptors,2,10,58,Made Shot,Driving Finger Roll Layup Shot,,Restricted Area,Center(C),Less Than 8 ft.,1,2,16,1,1,20220126,CHI,TOR,22100472190,|1627783|1628449|1630173|1630201|1630567,1,REG,,,2022,1630567,6.0,PF,Helper,0.63,White 2' Driving Finger Roll Layup (2 PTS) (DeRozan 3 AST),,,,CHI,1610612741.0,201942.0
Shot Chart Detail,22100472,194,0,Opponent,1610612761,Toronto Raptors,2,10,24,Missed Shot,Jump Shot,,Left Corner 3,Left Side(L),24+ ft.,22,-229,-15,1,0,20220126,CHI,TOR,22100472194,|1627783|1628449|1630173|1630201|1630567,0,REG,,,2022,1630201,3.0,PG,Point of Attack,-0.52,MISS Thomas 3PT Jump Shot,,,,CHI,1610612741.0,
Shot Chart Detail,22100472,201,0,Opponent,1610612761,Toronto Raptors,2,9,58,Missed Shot,Driving Layup Shot,,Restricted Area,Center(C),Less Than 8 ft.,1,5,9,1,0,20220126,CHI,TOR,22100472201,|1627783|1628449|1630173|1630201|1630567,0,REG,,,2022,1630173,0.0,C,Mobile Big,0.24,MISS DeRozan 1' Driving Layup,,,,CHI,1610612741.0,
Shot Chart Detail,22100472,204,0,Opponent,1610612761,Toronto Raptors,2,9,56,Missed Shot,Jump Shot,,Right Corner 3,Right Side(R),24+ ft.,23,234,1,1,0,20220126,CHI,TOR,22100472204,|1627783|1628449|1630173|1630201|1630567,0,REG,,,2022,,,,,,,,,,CHI,1610612741.0,
Shot Chart Detail,22100472,209,0,Opponent,1610612761,Toronto Raptors,2,9,17,Made Shot,Driving Layup Shot,,Restricted Area,Center(C),Less Than 8 ft.,3,26,25,1,1,20220126,CHI,TOR,22100472209,|1627783|1628449|1630173|1630201|1630567,1,REG,,,2022,1630201|1627783,2.0,,,,,,,,CHI,1610612741.0,1630245.0
Shot Chart Detail,22100472,213,0,Opponent,1610612761,Toronto Raptors,2,8,59,Made Shot,Driving Layup Shot,,Restricted Area,Center(C),Less Than 8 ft.,0,-9,1,1,1,20220126,CHI,TOR,22100472213,|1627783|1628449|1630173|1630201|1630567,0,REG,,,2022,1630567,2.0,PF,Helper,0.63,DeRozan 1' Driving Layup (12 PTS),,,,CHI,1610612741.0,
Shot Chart Detail,22100472,221,0,Opponent,1610612761,Toronto Raptors,2,8,41,Missed Shot,Jump Shot,,Above the Break 3,Right Side Center(RC),24+ ft.,25,158,194,1,0,20220126,CHI,TOR,22100472221,|1627783|1628449|1630173|1630201|1630567,0,REG,,,2022,1630201,1.0,PG,Point of Attack,-0.52,MISS White 25' 3PT Jump Shot,,,,CHI,1610612741.0,
Shot Chart Detail,22100472,226,0,Opponent,1610612761,Toronto Raptors,2,8,21,Missed Shot,Driving Floating Jump Shot,,In The Paint (Non-RA),Center(C),Less Than 8 ft.,7,38,63,1,0,20220126,CHI,TOR,22100472226,|1627783|1628449|1630173|1630201|1630567,0,REG,,,2022,1630567,1.0,PF,Helper,0.63,MISS Green 7' Driving Floating Jump Shot,,,,CHI,1610612741.0,
Shot Chart Detail,22100472,233,0,Opponent,1610612761,Toronto Raptors,2,7,53,Missed Shot,Pullup Jump shot,,Above the Break 3,Center(C),24+ ft.,24,13,247,1,0,20220126,CHI,TOR,22100472233,|1627783|1628449|1630173|1630201|1630567,0,REG,,,2022,1630173,1.0,C,Mobile Big,0.24,MISS LaVine 25' 3PT Pullup Jump Shot,,,,CHI,1610612741.0,
Shot Chart Detail,22100472,246,0,Opponent,1610612761,Toronto Raptors,2,7,23,Made Shot,Turnaround Jump Shot,,In The Paint (Non-RA),Center(C),8-16 ft.,13,11,131,1,1,20220126,CHI,TOR,22100472246,|1627783|1628384|1628449|1629018|1630201,1,REG,,,2022,,,,,,,,,,CHI,1610612741.0,203897.0
Shot Chart Detail,22100472,249,0,Opponent,1610612761,Toronto Raptors,2,6,54,Made Shot,Turnaround Hook Shot,,Restricted Area,Center(C),Less Than 8 ft.,1,5,11,1,1,20220126,CHI,TOR,22100472249,|1627783|1628384|1628449|1629018|1630201,1,REG,,,2022,1628449,2.0,SF,Helper,0.4,LaVine 1' Turnaround Hook Shot (9 PTS) (Thomas 1 AST),,,,CHI,1610612741.0,1629744.0
Shot Chart Detail,22100472,253,0,Opponent,1610612761,Toronto Raptors,2,6,28,Made Shot,Jump Shot,,Right Corner 3,Right Side(R),24+ ft.,22,229,6,1,1,20220126,CHI,TOR,22100472253,|1627783|1628384|1628449|1629018|1630201,1,REG,,,2022,1630201,3.0,PG,Point of Attack,-0.52,Thomas 3PT Jump Shot (3 PTS) (Vucevic 5 AST),,,,CHI,1610612741.0,202696.0
Shot Chart Detail,22100472,258,0,Opponent,1610612761,Toronto Raptors,2,6,9,Made Shot,Driving Dunk Shot,,Restricted Area,Center(C),Less Than 8 ft.,0,2,3,1,1,20220126,CHI,TOR,22100472258,|1627783|1628384|1628449|1629018|1630201,0,REG,,,2022,1628384|1627783,5.0,,,,,,,,CHI,1610612741.0,
Shot Chart Detail,22100472,261,0,Opponent,1610612761,Toronto Raptors,2,5,32,Made Shot,Driving Hook Shot,,In The Paint (Non-RA),Center(C),Less Than 8 ft.,4,4,43,1,1,20220126,CHI,TOR,22100472261,|1627783|1628384|1628449|1629018|1630201,1,REG,,,2022,1628449,7.0,SF,Helper,0.4,Vucevic 4' Driving Hook Shot (10 PTS) (LaVine 4 AST),,,,CHI,1610612741.0,203897.0
Shot Chart Detail,22100472,269,0,Opponent,1610612761,Toronto Raptors,2,4,50,Made Shot,Pullup Jump shot,,In The Paint (Non-RA),Center(C),Less Than 8 ft.,5,-42,41,1,1,20220126,CHI,TOR,22100472269,|1627783|1628384|1629018|1630173|1630567,1,REG,,,2022,1627783,9.0,PF,Helper,0.72,Dosunmu 6' Pullup Jump Shot (2 PTS) (Vucevic 6 AST),,,,CHI,1610612741.0,202696.0
Shot Chart Detail,22100472,276,0,Opponent,1610612761,Toronto Raptors,2,4,16,Missed Shot,Jump Shot,,Mid-Range,Center(C),16-24 ft.,19,12,198,1,0,20220126,CHI,TOR,22100472276,|1627783|1628384|1629018|1630173|1630567,0,REG,,,2022,1630173,9.0,C,Mobile Big,0.24,MISS Vucevic 20' Jump Shot,,,,CHI,1610612741.0,
Shot Chart Detail,22100472,282,0,Opponent,1610612761,Toronto Raptors,2,3,52,Missed Shot,Jump Shot,,Mid-Range,Left Side(L),8-16 ft.,15,-142,63,1,0,20220126,CHI,TOR,22100472282,|1627783|1628384|1629018|1630173|1630567,0,REG,,,2022,1627783,9.0,PF,Helper,0.72,MISS DeRozan 16' Jump Shot,,,,CHI,1610612741.0,
Shot Chart Detail,22100472,284,0,Opponent,1610612761,Toronto Raptors,2,3,48,Made Shot,Tip Layup Shot,,Restricted Area,Center(C),Less Than 8 ft.,0,0,0,1,1,20220126,CHI,TOR,22100472284,|1627783|1628384|1629018|1630173|1630567,0,REG,,,2022,1628384|1630567,11.0,,,,,,,,CHI,1610612741.0,
Shot Chart Detail,22100472,291,0,Opponent,1610612761,Toronto Raptors,2,3,9,Missed Shot,Driving Layup Shot,,Restricted Area,Center(C),Less Than 8 ft.,0,1,6,1,0,20220126,CHI,TOR,22100472291,|1627783|1628384|1629018|1630173|1630567,0,REG,,,2022,1627783,8.0,PF,Helper,0.72,MISS DeRozan 1' Driving Layup,,,,CHI,1610612741.0,
Shot Chart Detail,22100472,293,0,Opponent,1610612761,Toronto Raptors,2,3,7,Made Shot,Tip Layup Shot,,Restricted Area,Center(C),Less Than 8 ft.,0,0,0,1,1,20220126,CHI,TOR,22100472293,|1627783|1628384|1629018|1630173|1630567,0,REG,,,2022,1630173,10.0,C,Mobile Big,0.24,DeRozan Tip Layup Shot (14 PTS),,,,CHI,1610612741.0,
Shot Chart Detail,22100472,301,0,Opponent,1610612761,Toronto Raptors,2,2,41,Made Shot,Jump Shot,,Above the Break 3,Right Side Center(RC),24+ ft.,25,135,216,1,1,20220126,CHI,TOR,22100472301,|1627783|1628384|1629018|1630173|1630567,1,REG,,,2022,1630567,12.0,PF,Helper,0.63,DeRozan 25' 3PT Jump Shot (17 PTS) (LaVine 5 AST),,,,CHI,1610612741.0,203897.0
Shot Chart Detail,22100472,309,0,Opponent,1610612761,Toronto Raptors,2,2,9,Made Shot,Pullup Jump shot,,In The Paint (Non-RA),Left Side(L),8-16 ft.,11,-58,99,1,1,20220126,CHI,TOR,22100472309,|1627783|1628384|1629018|1630173|1630567,1,REG,,,2022,1627783|1630173,12.0,,,,,,,,CHI,1610612741.0,201942.0
Shot Chart Detail,22100472,315,0,Opponent,1610612761,Toronto Raptors,2,1,40,Made Shot,Cutting Layup Shot,,Restricted Area,Center(C),Less Than 8 ft.,0,4,5,1,1,20220126,CHI,TOR,22100472315,|1627783|1628384|1629018|1630173|1630567,1,REG,,,2022,1629018,14.0,SG,Chaser,0.19,LaVine 1' Cutting Layup Shot (13 PTS) (Dosunmu 3 AST),,,,CHI,1610612741.0,1630245.0
Shot Chart Detail,22100472,339,0,Opponent,1610612761,Toronto Raptors,2,0,42,Made Shot,Pullup Jump shot,,Mid-Range,Left Side Center(LC),16-24 ft.,19,-71,183,1,1,20220126,CHI,TOR,22100472339,|1627783|1628384|1629018|1630201|1630567,0,REG,,,2022,1629018,15.0,SG,Chaser,0.19,DeRozan 20' Pullup Jump Shot (19 PTS),,,,CHI,1610612741.0,
Shot Chart Detail,22100472,346,0,Opponent,1610612761,Toronto Raptors,2,0,28,Made Shot,Cutting Finger Roll Layup Shot,,Restricted Area,Center(C),Less Than 8 ft.,0,6,4,1,1,20220126,CHI,TOR,22100472346,|1627783|1628384|1629018|1630201|1630567,1,REG,,,2022,1629018,17.0,SG,Chaser,0.19,DeRozan 1' Cutting Finger Roll Layup Shot (21 PTS) (LaVine 6 AST),,,,CHI,1610612741.0,203897.0
Shot Chart Detail,22100472,350,0,Opponent,1610612761,Toronto Raptors,2,0,0,Missed Shot,Jump Shot,,Backcourt,Back Court(BC),Back Court Shot,50,-75,495,1,0,20220126,CHI,TOR,22100472350,|1627783|1628384|1629018|1630201|1630567,0,REG,,,2022,,,,,,,,,,CHI,1610612741.0,
Shot Chart Detail,22100472,365,0,Opponent,1610612761,Toronto Raptors,3,11,22,Missed Shot,Step Back Jump shot,,Left Corner 3,Left Side(L),24+ ft.,22,-229,-19,1,0,20220126,CHI,TOR,22100472365,|1627783|1628384|1629018|1630173|1630567,0,REG,,,2022,1627783,17.0,PF,Helper,0.72,MISS LaVine 3PT Step Back Jump Shot,,,,CHI,1610612741.0,
Shot Chart Detail,22100472,367,0,Opponent,1610612761,Toronto Raptors,3,11,15,Missed Shot,Jump Shot,,Above the Break 3,Right Side Center(RC),24+ ft.,25,189,169,1,0,20220126,CHI,TOR,22100472367,|1627783|1628384|1629018|1630173|1630567,0,REG,,,2022,,,,,,,,,,CHI,1610612741.0,
Shot Chart Detail,22100472,371,0,Opponent,1610612761,Toronto Raptors,3,10,49,Made Shot,Fadeaway Jump Shot,,In The Paint (Non-RA),Center(C),8-16 ft.,11,0,115,1,1,20220126,CHI,TOR,22100472371,|1627783|1628384|1629018|1630173|1630567,0,REG,,,2022,1629018,17.0,SG,Chaser,0.19,LaVine 12' Fadeaway Jumper (17 PTS),,,,CHI,1610612741.0,
Shot Chart Detail,22100472,374,0,Opponent,1610612761,Toronto Raptors,3,10,10,Made Shot,Fadeaway Jump Shot,,Mid-Range,Center(C),16-24 ft.,21,-10,212,1,1,20220126,CHI,TOR,22100472374,|1627783|1628384|1629018|1630173|1630567,0,REG,,,2022,1627783,19.0,PF,Helper,0.72,DeRozan 21' Fadeaway Jumper (23 PTS),,,,CHI,1610612741.0,
Shot Chart Detail,22100472,377,0,Opponent,1610612761,Toronto Raptors,3,9,27,Missed Shot,Jump Shot,,Right Corner 3,Right Side(R),24+ ft.,22,223,2,1,0,20220126,CHI,TOR,22100472377,|1627783|1628384|1629018|1630173|1630567,0,REG,,,2022,1627783,17.0,PF,Helper,0.72,MISS Green 3PT Jump Shot,,,,CHI,1610612741.0,
Shot Chart Detail,22100472,381,0,Opponent,1610612761,Toronto Raptors,3,8,52,Made Shot,Turnaround Hook Shot,,In The Paint (Non-RA),Center(C),Less Than 8 ft.,6,-43,54,1,1,20220126,CHI,TOR,22100472381,|1627783|1628384|1629018|1630173|1630567,1,REG,,,2022,1628384,17.0,SF,Wing Stopper,1.03,Vucevic 7' Turnaround Hook Shot (12 PTS) (LaVine 7 AST),,,,CHI,1610612741.0,203897.0
Shot Chart Detail,22100472,393,0,Opponent,1610612761,Toronto Raptors,3,8,7,Made Shot,Driving Floating Jump Shot,,In The Paint (Non-RA),Center(C),Less Than 8 ft.,7,-45,62,1,1,20220126,CHI,TOR,22100472393,|1627783|1628384|1629018|1630567|1630625,1,REG,,,2022,1630625,17.0,PG,Chaser,0.27,Dosunmu 8' Driving Floating Jump Shot (7 PTS) (DeRozan 5 AST),,,,CHI,1610612741.0,201942.0
Shot Chart Detail,22100472,406,0,Opponent,1610612761,Toronto Raptors,3,7,31,Made Shot,Driving Layup Shot,,Restricted Area,Center(C),Less Than 8 ft.,3,0,39,1,1,20220126,CHI,TOR,22100472406,|1627783|1628384|1629018|1630567|1630625,0,REG,,,2022,1627783,16.0,PF,Helper,0.72,Vucevic 4' Driving Layup (14 PTS),,,,CHI,1610612741.0,
Shot Chart Detail,22100472,412,0,Opponent,1610612761,Toronto Raptors,3,7,5,Made Shot,Driving Reverse Layup Shot,,Restricted Area,Center(C),Less Than 8 ft.,1,-7,18,1,1,20220126,CHI,TOR,22100472412,|1627783|1628384|1629018|1630567|1630625,1,REG,,,2022,1630625|1627783,18.0,,,,,,,,CHI,1610612741.0,202696.0
Shot Chart Detail,22100472,415,0,Opponent,1610612761,Toronto Raptors,3,6,31,Missed Shot,Pullup Jump shot,,In The Paint (Non-RA),Center(C),8-16 ft.,13,62,121,1,0,20220126,CHI,TOR,22100472415,|1627783|1628384|1629018|1630567|1630625,0,REG,,,2022,1628384|1627783,18.0,,,,,,,,CHI,1610612741.0,
Shot Chart Detail,22100472,419,0,Opponent,1610612761,Toronto Raptors,3,5,54,Missed Shot,Jump Shot,,Above the Break 3,Left Side Center(LC),24+ ft.,24,-208,134,1,0,20220126,CHI,TOR,22100472419,|1627783|1628384|1629018|1630567|1630625,0,REG,,,2022,1627783,15.0,PF,Helper,0.72,MISS Dosunmu 25' 3PT Jump Shot,,,,CHI,1610612741.0,
Shot Chart Detail,22100472,442,0,Opponent,1610612761,Toronto Raptors,3,4,28,Missed Shot,Pullup Jump shot,,Mid-Range,Right Side(R),8-16 ft.,10,109,13,1,0,20220126,CHI,TOR,22100472442,|1627783|1628384|1628449|1629018|1630625,0,REG,,,2022,1627783,12.0,PF,Helper,0.72,MISS White 11' Pullup Jump Shot,,,,CHI,1610612741.0,
Shot Chart Detail,22100472,449,0,Opponent,1610612761,Toronto Raptors,3,3,18,Missed Shot,Step Back Jump shot,,Mid-Range,Right Side Center(RC),16-24 ft.,22,158,161,1,0,20220126,CHI,TOR,22100472449,|1627783|1628384|1628449|1629018|1630625,0,REG,,,2022,1628384,7.0,SF,Wing Stopper,1.03,MISS Vucevic 23' Step Back Jump Shot,,,,CHI,1610612741.0,
Shot Chart Detail,22100472,452,0,Opponent,1610612761,Toronto Raptors,3,2,48,Missed Shot,Jump Shot,,Left Corner 3,Left Side(L),24+ ft.,23,-233,-8,1,0,20220126,CHI,TOR,22100472452,|1627783|1628384|1628449|1629018|1630625,0,REG,,,2022,1627783,5.0,PF,Helper,0.72,MISS Brown Jr. 3PT Jump Shot,,,,CHI,1610612741.0,
Shot Chart Detail,22100472,454,0,Opponent,1610612761,Toronto Raptors,3,2,44,Made Shot,Jump Shot,,In The Paint (Non-RA),Center(C),8-16 ft.,13,54,125,1,1,20220126,CHI,TOR,22100472454,|1627783|1628384|1628449|1629018|1630625,1,REG,,,2022,1627783,7.0,PF,Helper,0.72,White 14' Jump Shot (6 PTS) (Brown Jr. 1 AST),,,,CHI,1610612741.0,1628972.0
Shot Chart Detail,22100472,461,0,Opponent,1610612761,Toronto Raptors,3,2,4,Made Shot,Jump Shot,,Right Corner 3,Right Side(R),24+ ft.,23,230,-19,1,1,20220126,CHI,TOR,22100472461,|1627783|1628384|1628449|1629018|1630625,1,REG,,,2022,1628449,10.0,SF,Helper,0.4,Brown Jr. 3PT Jump Shot (8 PTS) (Dosunmu 4 AST),,,,CHI,1610612741.0,1630245.0
Shot Chart Detail,22100472,479,0,Opponent,1610612761,Toronto Raptors,3,1,22,Made Shot,Driving Dunk Shot,,Restricted Area,Center(C),Less Than 8 ft.,0,-1,7,1,1,20220126,CHI,TOR,22100472479,|1628384|1628449|1629018|1630567|1630625,1,REG,,,2022,1628384,10.0,SF,Wing Stopper,1.03,Green 1' Driving Dunk (6 PTS) (Brown Jr. 2 AST),,,,CHI,1610612741.0,1628972.0
Shot Chart Detail,22100472,482,0,Opponent,1610612761,Toronto Raptors,3,0,55,Missed Shot,Pullup Jump shot,,Above the Break 3,Center(C),24+ ft.,26,-49,256,1,0,20220126,CHI,TOR,22100472482,|1628384|1628449|1629018|1630567|1630625,0,REG,,,2022,1628384,8.0,SF,Wing Stopper,1.03,MISS White 26' 3PT Pullup Jump Shot,,,,CHI,1610612741.0,
Shot Chart Detail,22100472,485,0,Opponent,1610612761,Toronto Raptors,3,0,55,Made Shot,Putback Layup Shot,,Restricted Area,Center(C),Less Than 8 ft.,0,5,8,1,1,20220126,CHI,TOR,22100472485,|1628384|1628449|1629018|1630567|1630625,0,REG,,,2022,1628449,10.0,SF,Helper,0.4,Green 1' Putback Layup (8 PTS),,,,CHI,1610612741.0,
Shot Chart Detail,22100472,493,0,Opponent,1610612761,Toronto Raptors,3,0,30,Made Shot,Pullup Jump shot,,Mid-Range,Left Side Center(LC),16-24 ft.,21,-124,172,1,1,20220126,CHI,TOR,22100472493,|1628384|1628449|1629018|1630567|1630625,0,REG,,,2022,1630625|1630567,10.0,,,,,,,,CHI,1610612741.0,
Shot Chart Detail,22100472,517,0,Opponent,1610612761,Toronto Raptors,4,11,42,Made Shot,Pullup Jump shot,,Mid-Range,Left Side Center(LC),16-24 ft.,17,-96,148,1,1,20220126,CHI,TOR,22100472517,|1627783|1628449|1630173|1630567|1630625,0,REG,,,2022,1630625,11.0,PG,Chaser,0.27,DeRozan 18' Pullup Jump Shot (27 PTS),,,,CHI,1610612741.0,
Shot Chart Detail,22100472,520,0,Opponent,1610612761,Toronto Raptors,4,11,13,Missed Shot,Jump Shot,,Above the Break 3,Right Side Center(RC),24+ ft.,25,105,236,1,0,20220126,CHI,TOR,22100472520,|1627783|1628449|1630173|1630567|1630625,0,REG,,,2022,1627783,9.0,PF,Helper,0.72,MISS LaVine 26' 3PT Jump Shot,,,,CHI,1610612741.0,
Shot Chart Detail,22100472,522,0,Opponent,1610612761,Toronto Raptors,4,11,4,Missed Shot,Layup Shot,,Restricted Area,Center(C),Less Than 8 ft.,2,21,8,1,0,20220126,CHI,TOR,22100472522,|1627783|1628449|1630173|1630567|1630625,0,REG,,,2022,1630173|1630567,9.0,,,,,,,,CHI,1610612741.0,
Shot Chart Detail,22100472,527,0,Opponent,1610612761,Toronto Raptors,4,10,36,Missed Shot,Jump Shot,,Above the Break 3,Right Side Center(RC),24+ ft.,25,118,230,1,0,20220126,CHI,TOR,22100472527,|1627783|1628449|1630173|1630567|1630625,0,REG,,,2022,1628449,9.0,SF,Helper,0.4,MISS DeRozan 26' 3PT Jump Shot,,,,CHI,1610612741.0,
Shot Chart Detail,22100472,529,0,Opponent,1610612761,Toronto Raptors,4,10,24,Missed Shot,Jump Shot,,Mid-Range,Center(C),16-24 ft.,18,-4,186,1,0,20220126,CHI,TOR,22100472529,|1627783|1628449|1630173|1630567|1630625,0,REG,,,2022,1628449,9.0,SF,Helper,0.4,MISS DeRozan 19' Jump Shot,,,,CHI,1610612741.0,
Shot Chart Detail,22100472,538,0,Opponent,1610612761,Toronto Raptors,4,10,2,Missed Shot,Jump Shot,,Above the Break 3,Right Side Center(RC),24+ ft.,25,136,216,1,0,20220126,CHI,TOR,22100472538,|1627783|1628449|1630173|1630567|1630625,0,REG,,,2022,,,,,,,,,,CHI,1610612741.0,
Shot Chart Detail,22100472,544,0,Opponent,1610612761,Toronto Raptors,4,9,20,Missed Shot,Pullup Jump shot,,Mid-Range,Center(C),8-16 ft.,15,36,149,1,0,20220126,CHI,TOR,22100472544,|1627783|1628449|1630173|1630567|1630625,0,REG,,,2022,1627783,5.0,PF,Helper,0.72,MISS White 15' Pullup Jump Shot,,,,CHI,1610612741.0,
Shot Chart Detail,22100472,547,0,Opponent,1610612761,Toronto Raptors,4,8,53,Made Shot,Driving Finger Roll Layup Shot,,Restricted Area,Center(C),Less Than 8 ft.,1,12,7,1,1,20220126,CHI,TOR,22100472547,|1627783|1628449|1630173|1630567|1630625,1,REG,,,2022,1627783,5.0,PF,Helper,0.72,Green 1' Driving Finger Roll Layup (10 PTS) (LaVine 8 AST),,,,CHI,1610612741.0,203897.0
Shot Chart Detail,22100472,550,0,Opponent,1610612761,Toronto Raptors,4,8,8,Missed Shot,Driving Finger Roll Layup Shot,,Restricted Area,Center(C),Less Than 8 ft.,1,9,16,1,0,20220126,CHI,TOR,22100472550,|1627783|1628449|1630173|1630567|1630625,0,REG,,,2022,1630173,3.0,C,Mobile Big,0.24,MISS LaVine 2' Driving Finger Roll Layup,,,,CHI,1610612741.0,
Shot Chart Detail,22100472,552,0,Opponent,1610612761,Toronto Raptors,4,8,6,Made Shot,Tip Layup Shot,,Restricted Area,Center(C),Less Than 8 ft.,0,0,0,1,1,20220126,CHI,TOR,22100472552,|1627783|1628449|1630173|1630567|1630625,0,REG,,,2022,1628449|1630625|1630173,5.0,,,,,,,,CHI,1610612741.0,
Shot Chart Detail,22100472,575,0,Opponent,1610612761,Toronto Raptors,4,7,6,Made Shot,Jump Shot,,Left Corner 3,Left Side(L),24+ ft.,23,-235,-9,1,1,20220126,CHI,TOR,22100472575,|1627783|1628384|1628449|1629018|1630567,1,REG,,,2022,1627783,7.0,PF,Helper,0.72,White 24' 3PT Jump Shot (9 PTS) (Vucevic 8 AST),,,,CHI,1610612741.0,202696.0
Shot Chart Detail,22100472,588,0,Opponent,1610612761,Toronto Raptors,4,6,22,Missed Shot,Jump Shot,,Above the Break 3,Left Side Center(LC),24+ ft.,27,-117,251,1,0,20220126,CHI,TOR,22100472588,|1627783|1628384|1628449|1629018|1630567,0,REG,,,2022,1628449,4.0,SF,Helper,0.4,MISS LaVine 28' 3PT Jump Shot,,,,CHI,1610612741.0,
Shot Chart Detail,22100472,594,0,Opponent,1610612761,Toronto Raptors,4,5,37,Missed Shot,Jump Shot,,Right Corner 3,Right Side(R),24+ ft.,22,224,-1,1,0,20220126,CHI,TOR,22100472594,|1627783|1628384|1628449|1629018|1630567,0,REG,,,2022,1629018,4.0,SG,Chaser,0.19,MISS Dosunmu 3PT Jump Shot,,,,CHI,1610612741.0,
Shot Chart Detail,22100472,618,0,Opponent,1610612761,Toronto Raptors,4,4,8,Made Shot,Cutting Dunk Shot,,Restricted Area,Center(C),Less Than 8 ft.,0,2,0,1,1,20220126,CHI,TOR,22100472618,|1627783|1628384|1628449|1629018|1630567,1,REG,,,2022,1630567,3.0,PF,Helper,0.63,Green Cutting Dunk Shot (12 PTS) (DeRozan 6 AST),,,,CHI,1610612741.0,201942.0
Shot Chart Detail,22100472,623,0,Opponent,1610612761,Toronto Raptors,4,3,20,Missed Shot,Pullup Jump shot,,Mid-Range,Right Side Center(RC),16-24 ft.,22,75,210,1,0,20220126,CHI,TOR,22100472623,|1627783|1628384|1628449|1629018|1630567,0,REG,,,2022,1628384,1.0,SF,Wing Stopper,1.03,MISS LaVine 22' Pullup Jump Shot,,,,CHI,1610612741.0,
Shot Chart Detail,22100472,627,0,Opponent,1610612761,Toronto Raptors,4,3,0,Made Shot,Driving Layup Shot,,Restricted Area,Center(C),Less Than 8 ft.,2,23,0,1,1,20220126,CHI,TOR,22100472627,|1627783|1628384|1628449|1629018|1630567,0,REG,,,2022,1628449|1629018,1.0,,,,,,,,CHI,1610612741.0,
Shot Chart Detail,22100472,643,0,Opponent,1610612761,Toronto Raptors,4,1,51,Missed Shot,Step Back Jump shot,,Mid-Range,Left Side Center(LC),16-24 ft.,18,-110,152,1,0,20220126,CHI,TOR,22100472643,|1627783|1628384|1628449|1630567|1630625,0,REG,,,2022,1628449,3.0,SF,Helper,0.4,MISS LaVine 19' Step Back Jump Shot,,,,CHI,1610612741.0,
Shot Chart Detail,22100472,647,0,Opponent,1610612761,Toronto Raptors,4,1,16,Missed Shot,Driving Floating Jump Shot,,Mid-Range,Right Side(R),8-16 ft.,9,99,-1,1,0,20220126,CHI,TOR,22100472647,|1627783|1628384|1628449|1630567|1630625,0,REG,,,2022,1627783,3.0,PF,Helper,0.72,MISS Dosunmu 10' Driving Floating Jump Shot,,,,CHI,1610612741.0,
Shot Chart Detail,22100472,660,0,Opponent,1610612761,Toronto Raptors,4,0,14,Made Shot,Jump Shot,,Above the Break 3,Left Side Center(LC),24+ ft.,27,-96,262,1,1,20220126,CHI,TOR,22100472660,|1627783|1628384|1628449|1630567|1630625,1,REG,,,2022,1628449,6.0,SF,Helper,0.4,Vucevic 28' 3PT Jump Shot (17 PTS) (DeRozan 7 AST),,,,CHI,1610612741.0,201942.0
Shot Chart Detail,22100748,9,0,Opponent,1610612761,Toronto Raptors,1,11,38,Missed Shot,Jump Shot,,Above the Break 3,Right Side Center(RC),24+ ft.,27,158,227,1,0,20220129,MIA,TOR,221007489,|1627783|1627832|1628384|1629018|1630567,0,REG,,,2022,1627832,0.0,PG,Point of Attack,0.9,MISS Vincent 28' 3PT Jump Shot,,,,MIA,1610612748.0,
Shot Chart Detail,22100748,11,0,Opponent,1610612761,Toronto Raptors,1,11,23,Missed Shot,Jump Shot,,Left Corner 3,Left Side(L),24+ ft.,22,-229,1,1,0,20220129,MIA,TOR,2210074811,|1627783|1627832|1628384|1629018|1630567,0,REG,,,2022,1627783,0.0,PF,Helper,0.72,MISS Robinson 3PT Jump Shot,,,,MIA,1610612748.0,
Shot Chart Detail,22100748,16,0,Opponent,1610612761,Toronto Raptors,1,11,14,Missed Shot,Jump Shot,,Right Corner 3,Right Side(R),24+ ft.,23,237,24,1,0,20220129,MIA,TOR,2210074816,|1627783|1627832|1628384|1629018|1630567,0,REG,,,2022,1627783,0.0,PF,Helper,0.72,MISS Tucker 24' 3PT Jump Shot,,,,MIA,1610612748.0,
Shot Chart Detail,22100748,21,0,Opponent,1610612761,Toronto Raptors,1,10,30,Made Shot,Jump Shot,,Left Corner 3,Left Side(L),24+ ft.,23,-232,-6,1,1,20220129,MIA,TOR,2210074821,|1627783|1627832|1628384|1629018|1630567,1,REG,,,2022,1628384,1.0,SF,Wing Stopper,1.03,Vincent 3PT Jump Shot (3 PTS) (Tucker 1 AST),,,,MIA,1610612748.0,200782.0
Shot Chart Detail,22100748,29,0,Opponent,1610612761,Toronto Raptors,1,9,50,Made Shot,Jump Shot,,Mid-Range,Center(C),16-24 ft.,20,12,205,1,1,20220129,MIA,TOR,2210074829,|1627783|1627832|1628384|1629018|1630567,0,REG,,,2022,1630567,3.0,PF,Helper,0.63,Adebayo 21' Jump Shot (2 PTS),,,,MIA,1610612748.0,
Shot Chart Detail,22100748,32,0,Opponent,1610612761,Toronto Raptors,1,9,15,Made Shot,Jump Shot,,Right Corner 3,Right Side(R),24+ ft.,23,232,-16,1,1,20220129,MIA,TOR,2210074832,|1627783|1627832|1628384|1629018|1630567,1,REG,,,2022,1627832,3.0,PG,Point of Attack,0.9,Vincent 3PT Jump Shot (6 PTS) (Tucker 2 AST),,,,MIA,1610612748.0,200782.0
Shot Chart Detail,22100748,36,0,Opponent,1610612761,Toronto Raptors,1,8,58,Made Shot,Running Layup Shot,,Restricted Area,Center(C),Less Than 8 ft.,2,26,9,1,1,20220129,MIA,TOR,2210074836,|1627783|1627832|1628384|1629018|1630567,1,REG,,,2022,1627832,5.0,PG,Point of Attack,0.9,Butler 3' Running Layup (2 PTS) (Tucker 3 AST),,,,MIA,1610612748.0,200782.0
Shot Chart Detail,22100748,40,0,Opponent,1610612761,Toronto Raptors,1,8,15,Missed Shot,Pullup Jump shot,,Mid-Range,Right Side Center(RC),16-24 ft.,16,120,116,1,0,20220129,MIA,TOR,2210074840,|1627783|1627832|1628384|1629018|1630567,0,REG,,,2022,1628384,2.0,SF,Wing Stopper,1.03,MISS Adebayo 17' Pullup Jump Shot,,,,MIA,1610612748.0,
Shot Chart Detail,22100748,45,0,Opponent,1610612761,Toronto Raptors,1,7,54,Missed Shot,Driving Layup Shot,,Restricted Area,Center(C),Less Than 8 ft.,2,20,6,1,0,20220129,MIA,TOR,2210074845,|1627783|1627832|1628384|1629018|1630567,0,REG,,,2022,1627783,-1.0,PF,Helper,0.72,MISS Vincent 2' Driving Layup,,,,MIA,1610612748.0,
Shot Chart Detail,22100748,47,0,Opponent,1610612761,Toronto Raptors,1,7,51,Made Shot,Putback Layup Shot,,Restricted Area,Center(C),Less Than 8 ft.,1,10,15,1,1,20220129,MIA,TOR,2210074847,|1627783|1627832|1628384|1629018|1630567,0,REG,,,2022,1627832,1.0,PG,Point of Attack,0.9,Butler 2' Putback Layup (4 PTS),,,,MIA,1610612748.0,
Shot Chart Detail,22100748,51,0,Opponent,1610612761,Toronto Raptors,1,7,27,Missed Shot,Jump Shot,,Left Corner 3,Left Side(L),24+ ft.,23,-233,-23,1,0,20220129,MIA,TOR,2210074851,|1627783|1627832|1628384|1629018|1630567,0,REG,,,2022,1627832,1.0,PG,Point of Attack,0.9,MISS Tucker 3PT Jump Shot,,,,MIA,1610612748.0,
Shot Chart Detail,22100748,56,0,Opponent,1610612761,Toronto Raptors,1,6,44,Missed Shot,Reverse Layup Shot,,Restricted Area,Center(C),Less Than 8 ft.,2,-23,10,1,0,20220129,MIA,TOR,2210074856,|1627783|1627832|1628384|1629018|1630567,0,REG,,,2022,1630567,-1.0,PF,Helper,0.63,MISS Tucker 3' Reverse Layup,,,,MIA,1610612748.0,
Shot Chart Detail,22100748,72,0,Opponent,1610612761,Toronto Raptors,1,6,1,Made Shot,Layup Shot,,Restricted Area,Center(C),Less Than 8 ft.,2,22,0,1,1,20220129,MIA,TOR,2210074872,|1627783|1627832|1628384|1628449|1629018,1,REG,,,2022,1628449,-1.0,SF,Helper,0.4,Tucker 2' Layup (2 PTS) (Butler 1 AST),,,,MIA,1610612748.0,202710.0
Shot Chart Detail,22100748,75,0,Opponent,1610612761,Toronto Raptors,1,5,38,Missed Shot,Jump Shot,,Above the Break 3,Left Side Center(LC),24+ ft.,24,-157,194,1,0,20220129,MIA,TOR,2210074875,|1627783|1627832|1628384|1628449|1629018,0,REG,,,2022,1627832,-4.0,PG,Point of Attack,0.9,MISS Vincent 25' 3PT Jump Shot,,,,MIA,1610612748.0,
Shot Chart Detail,22100748,77,0,Opponent,1610612761,Toronto Raptors,1,5,30,Missed Shot,Tip Layup Shot,,Restricted Area,Center(C),Less Than 8 ft.,0,0,0,1,0,20220129,MIA,TOR,2210074877,|1627783|1627832|1628384|1628449|1629018,0,REG,,,2022,1628384|1628449,-4.0,,,,,,,,MIA,1610612748.0,
Shot Chart Detail,22100748,79,0,Opponent,1610612761,Toronto Raptors,1,5,29,Missed Shot,Jump Shot,,Left Corner 3,Left Side(L),24+ ft.,23,-230,-18,1,0,20220129,MIA,TOR,2210074879,|1627783|1627832|1628384|1628449|1629018,0,REG,,,2022,1627832,-4.0,PG,Point of Attack,0.9,MISS Vincent 3PT Jump Shot,,,,MIA,1610612748.0,
Shot Chart Detail,22100748,83,0,Opponent,1610612761,Toronto Raptors,1,5,10,Made Shot,Running Layup Shot,,Restricted Area,Center(C),Less Than 8 ft.,2,-20,5,1,1,20220129,MIA,TOR,2210074883,|1627783|1627832|1628384|1628449|1629018,0,REG,,,2022,1628449,-2.0,SF,Helper,0.4,Butler 2' Running Layup (6 PTS),,,,MIA,1610612748.0,
Shot Chart Detail,22100748,85,0,Opponent,1610612761,Toronto Raptors,1,4,43,Made Shot,Layup Shot,,Restricted Area,Center(C),Less Than 8 ft.,2,25,16,1,1,20220129,MIA,TOR,2210074885,|1627783|1627832|1628384|1628449|1629018,1,REG,,,2022,1627832,-2.0,PG,Point of Attack,0.9,Adebayo 3' Layup (4 PTS) (Vincent 1 AST),,,,MIA,1610612748.0,1629216.0
Shot Chart Detail,22100748,113,0,Opponent,1610612761,Toronto Raptors,1,3,29,Made Shot,Jump Shot,,Right Corner 3,Right Side(R),24+ ft.,23,237,3,1,1,20220129,MIA,TOR,22100748113,|1627832|1628449|1629018|1630173|1630567,0,REG,,,2022,1630173,-1.0,C,Mobile Big,0.24,Butler 24' 3PT Jump Shot (9 PTS),,,,MIA,1610612748.0,
Shot Chart Detail,22100748,115,0,Opponent,1610612761,Toronto Raptors,1,2,51,Missed Shot,Jump Shot,,Above the Break 3,Center(C),24+ ft.,26,36,260,1,0,20220129,MIA,TOR,22100748115,|1627832|1628449|1629018|1630173|1630567,0,REG,,,2022,1628449,-3.0,SF,Helper,0.4,MISS Robinson 26' 3PT Jump Shot,,,,MIA,1610612748.0,
Shot Chart Detail,22100748,128,0,Opponent,1610612761,Toronto Raptors,1,2,5,Made Shot,Running Dunk Shot,,Restricted Area,Center(C),Less Than 8 ft.,1,17,0,1,1,20220129,MIA,TOR,22100748128,|1627832|1628384|1629018|1630173|1630567,1,REG,,,2022,1628384|1630567,-1.0,,,,,,,,MIA,1610612748.0,1629639.0
Shot Chart Detail,22100748,132,0,Opponent,1610612761,Toronto Raptors,1,1,25,Missed Shot,Jump Shot,,Mid-Range,Right Side(R),8-16 ft.,15,148,34,1,0,20220129,MIA,TOR,22100748132,|1627832|1628384|1629018|1630173|1630567,0,REG,,,2022,1630173,-3.0,C,Mobile Big,0.24,MISS Dedmon 15' Jump Shot,,,,MIA,1610612748.0,
Shot Chart Detail,22100748,134,0,Opponent,1610612761,Toronto Raptors,1,1,15,Made Shot,Driving Reverse Layup Shot,,Restricted Area,Center(C),Less Than 8 ft.,2,22,8,1,1,20220129,MIA,TOR,22100748134,|1627832|1628384|1629018|1630173|1630567,0,REG,,,2022,1630173|1630567,-1.0,,,,,,,,MIA,1610612748.0,
Shot Chart Detail,22100748,144,0,Opponent,1610612761,Toronto Raptors,1,0,50,Missed Shot,Layup Shot,,Restricted Area,Center(C),Less Than 8 ft.,1,-12,10,1,0,20220129,MIA,TOR,22100748144,|1627832|1628384|1629018|1630173|1630567,0,REG,,,2022,1630173,-3.0,C,Mobile Big,0.24,MISS Herro 2' Layup,,,,MIA,1610612748.0,
Shot Chart Detail,22100748,147,0,Opponent,1610612761,Toronto Raptors,1,0,48,Made Shot,Putback Layup Shot,,Restricted Area,Center(C),Less Than 8 ft.,1,-2,16,1,1,20220129,MIA,TOR,22100748147,|1627832|1628384|1629018|1630173|1630567,0,REG,,,2022,1627832,-1.0,PG,Point of Attack,0.9,Dedmon 2' Putback Layup (4 PTS),,,,MIA,1610612748.0,
Shot Chart Detail,22100748,160,0,Opponent,1610612761,Toronto Raptors,1,0,2,Missed Shot,Jump Shot,,Left Corner 3,Left Side(L),24+ ft.,23,-233,-8,1,0,20220129,MIA,TOR,22100748160,|1627832|1628384|1629018|1630173|1630567,0,REG,,,2022,1628384,-1.0,SF,Wing Stopper,1.03,MISS Martin 3PT Jump Shot,,,,MIA,1610612748.0,
Shot Chart Detail,22100748,171,0,Opponent,1610612761,Toronto Raptors,2,11,21,Made Shot,Layup Shot,,Restricted Area,Center(C),Less Than 8 ft.,1,-12,14,1,1,20220129,MIA,TOR,22100748171,|1627783|1628384|1630173|1630567|1630625,1,REG,,,2022,1630173,-2.0,C,Mobile Big,0.24,Martin 2' Layup (2 PTS) (Strus 1 AST),,,,MIA,1610612748.0,1629622.0
Shot Chart Detail,22100748,175,0,Opponent,1610612761,Toronto Raptors,2,10,52,Missed Shot,Pullup Jump shot,,Above the Break 3,Left Side Center(LC),24+ ft.,25,-210,148,1,0,20220129,MIA,TOR,22100748175,|1627783|1628384|1630173|1630567|1630625,0,REG,,,2022,1628384,-5.0,SF,Wing Stopper,1.03,MISS Herro 26' 3PT Pullup Jump Shot,,,,MIA,1610612748.0,
Shot Chart Detail,22100748,179,0,Opponent,1610612761,Toronto Raptors,2,10,36,Made Shot,Running Layup Shot,,Restricted Area,Center(C),Less Than 8 ft.,2,18,17,1,1,20220129,MIA,TOR,22100748179,|1627783|1628384|1630173|1630567|1630625,0,REG,,,2022,1627783,-3.0,PF,Helper,0.72,Martin 2' Running Layup (4 PTS),,,,MIA,1610612748.0,
Shot Chart Detail,22100748,191,0,Opponent,1610612761,Toronto Raptors,2,9,31,Missed Shot,Jump Shot,,Above the Break 3,Left Side Center(LC),24+ ft.,26,-180,199,1,0,20220129,MIA,TOR,22100748191,|1627783|1628384|1630173|1630567|1630625,0,REG,,,2022,1627783,-5.0,PF,Helper,0.72,MISS Herro 27' 3PT Jump Shot,,,,MIA,1610612748.0,
Shot Chart Detail,22100748,193,0,Opponent,1610612761,Toronto Raptors,2,9,21,Missed Shot,Driving Layup Shot,,Restricted Area,Center(C),Less Than 8 ft.,2,-22,15,1,0,20220129,MIA,TOR,22100748193,|1627783|1628384|1630173|1630567|1630625,0,REG,,,2022,1630173,-5.0,C,Mobile Big,0.24,MISS Herro 3' Driving Layup,,,,MIA,1610612748.0,
Shot Chart Detail,22100748,201,0,Opponent,1610612761,Toronto Raptors,2,8,34,Made Shot,Jump Shot,,Right Corner 3,Right Side(R),24+ ft.,22,228,-22,1,1,20220129,MIA,TOR,22100748201,|1627783|1628384|1630173|1630567|1630625,1,REG,,,2022,1630625,-4.0,PG,Chaser,0.27,Martin 3PT Jump Shot (7 PTS) (Strus 2 AST),,,,MIA,1610612748.0,1629622.0
Shot Chart Detail,22100748,204,0,Opponent,1610612761,Toronto Raptors,2,8,5,Missed Shot,Step Back Jump shot,,Above the Break 3,Right Side Center(RC),24+ ft.,25,86,240,1,0,20220129,MIA,TOR,22100748204,|1627783|1628384|1630173|1630567|1630625,0,REG,,,2022,1630625,-6.0,PG,Chaser,0.27,MISS Vincent 25' 3PT Step Back Jump Shot,,,,MIA,1610612748.0,
Shot Chart Detail,22100748,227,0,Opponent,1610612761,Toronto Raptors,2,6,36,Missed Shot,Jump Shot,,Above the Break 3,Left Side Center(LC),24+ ft.,26,-192,180,1,0,20220129,MIA,TOR,22100748227,|1627783|1629018|1630173|1630567|1630625,0,REG,,,2022,1629018,-11.0,SG,Chaser,0.19,MISS Strus 26' 3PT Jump Shot,,,,MIA,1610612748.0,
Shot Chart Detail,22100748,230,0,Opponent,1610612761,Toronto Raptors,2,6,5,Made Shot,Dunk Shot,,Restricted Area,Center(C),Less Than 8 ft.,1,15,11,1,1,20220129,MIA,TOR,22100748230,|1627783|1629018|1630173|1630567|1630625,0,REG,,,2022,1630173|1630567,-12.0,,,,,,,,MIA,1610612748.0,
Shot Chart Detail,22100748,249,0,Opponent,1610612761,Toronto Raptors,2,4,32,Missed Shot,Jump Shot,,Above the Break 3,Left Side Center(LC),24+ ft.,24,-134,211,1,0,20220129,MIA,TOR,22100748249,|1627783|1627832|1628449|1629018|1630567,0,REG,,,2022,1627783,-14.0,PF,Helper,0.72,MISS Robinson 25' 3PT Jump Shot,,,,MIA,1610612748.0,
Shot Chart Detail,22100748,263,0,Opponent,1610612761,Toronto Raptors,2,6,5,Missed Shot,Layup Shot,,Restricted Area,Center(C),Less Than 8 ft.,2,20,-1,1,0,20220129,MIA,TOR,22100748263,|1627783|1629018|1630173|1630567|1630625,0,REG,,,2022,1630173|1630567,-14.0,,,,,,,,MIA,1610612748.0,
Shot Chart Detail,22100748,267,0,Opponent,1610612761,Toronto Raptors,2,3,51,Made Shot,Driving Reverse Layup Shot,,Restricted Area,Center(C),Less Than 8 ft.,0,9,1,1,1,20220129,MIA,TOR,22100748267,|1627783|1627832|1628384|1628449|1629018,0,REG,,,2022,1628384,-12.0,SF,Wing Stopper,1.03,Butler 1' Driving Reverse Layup (14 PTS),,,,MIA,1610612748.0,
Shot Chart Detail,22100748,272,0,Opponent,1610612761,Toronto Raptors,2,3,11,Made Shot,Driving Layup Shot,,Restricted Area,Center(C),Less Than 8 ft.,1,13,-4,1,1,20220129,MIA,TOR,22100748272,|1627783|1627832|1628384|1628449|1629018,0,REG,,,2022,1628384,-10.0,SF,Wing Stopper,1.03,Butler 1' Driving Layup (16 PTS),,,,MIA,1610612748.0,
Shot Chart Detail,22100748,285,0,Opponent,1610612761,Toronto Raptors,2,2,14,Made Shot,Jump Shot,,Mid-Range,Left Side(L),8-16 ft.,13,-135,6,1,1,20220129,MIA,TOR,22100748285,|1627783|1627832|1628384|1629018|1630567,1,REG,,,2022,1627832,-10.0,PG,Point of Attack,0.9,Herro 14' Jump Shot (2 PTS) (Butler 2 AST),,,,MIA,1610612748.0,202710.0
Shot Chart Detail,22100748,299,0,Opponent,1610612761,Toronto Raptors,2,1,10,Missed Shot,Driving Layup Shot,,Restricted Area,Center(C),Less Than 8 ft.,2,21,19,1,0,20220129,MIA,TOR,22100748299,|1627783|1627832|1628384|1629018|1630567,0,REG,,,2022,1630567,-10.0,PF,Helper,0.63,MISS Butler 3' Driving Layup,,,,MIA,1610612748.0,
Shot Chart Detail,22100748,309,0,Opponent,1610612761,Toronto Raptors,2,0,40,Made Shot,Layup Shot,,Restricted Area,Center(C),Less Than 8 ft.,1,16,10,1,1,20220129,MIA,TOR,22100748309,|1627783|1627832|1628384|1629018|1630567,0,REG,,,2022,1630567|1627832,-6.0,,,,,,,,MIA,1610612748.0,
Shot Chart Detail,22100748,312,0,Opponent,1610612761,Toronto Raptors,2,0,26,Made Shot,Dunk Shot,,Restricted Area,Center(C),Less Than 8 ft.,0,-2,5,1,1,20220129,MIA,TOR,22100748312,|1627783|1627832|1628384|1629018|1630567,1,REG,,,2022,1630567,-4.0,PF,Helper,0.63,Adebayo 1' Dunk (8 PTS) (Butler 3 AST),,,,MIA,1610612748.0,202710.0
Shot Chart Detail,22100748,329,0,Opponent,1610612761,Toronto Raptors,3,11,25,Missed Shot,Jump Shot,,Above the Break 3,Right Side Center(RC),24+ ft.,25,179,184,1,0,20220129,MIA,TOR,22100748329,|1627783|1627832|1628384|1629018|1630567,0,REG,,,2022,1628384|1630567,-6.0,,,,,,,,MIA,1610612748.0,
Shot Chart Detail,22100748,333,0,Opponent,1610612761,Toronto Raptors,3,10,56,Made Shot,Jump Shot,,Right Corner 3,Right Side(R),24+ ft.,22,229,-9,1,1,20220129,MIA,TOR,22100748333,|1627783|1627832|1628384|1629018|1630567,1,REG,,,2022,1629018,-3.0,SG,Chaser,0.19,Tucker 3PT Jump Shot (5 PTS) (Vincent 2 AST),,,,MIA,1610612748.0,1629216.0
Shot Chart Detail,22100748,338,0,Opponent,1610612761,Toronto Raptors,3,10,18,Missed Shot,Floating Jump shot,,Mid-Range,Left Side(L),8-16 ft.,10,-108,17,1,0,20220129,MIA,TOR,22100748338,|1627783|1627832|1628384|1629018|1630567,0,REG,,,2022,1630567,-3.0,PF,Helper,0.63,MISS Tucker 11' Floating Jump Shot,,,,MIA,1610612748.0,
Shot Chart Detail,22100748,341,0,Opponent,1610612761,Toronto Raptors,3,9,51,Made Shot,Jump Shot,,Right Corner 3,Right Side(R),24+ ft.,23,234,-16,1,1,20220129,MIA,TOR,22100748341,|1627783|1627832|1628384|1629018|1630567,1,REG,,,2022,1627783,-2.0,PF,Helper,0.72,Tucker 3PT Jump Shot (8 PTS) (Butler 4 AST),,,,MIA,1610612748.0,202710.0
Shot Chart Detail,22100748,349,0,Opponent,1610612761,Toronto Raptors,3,9,19,Missed Shot,Jump Shot,,Left Corner 3,Left Side(L),24+ ft.,23,-234,49,1,0,20220129,MIA,TOR,22100748349,|1627783|1627832|1628384|1629018|1630567,0,REG,,,2022,1627832,-2.0,PG,Point of Attack,0.9,MISS Butler 24' 3PT Jump Shot,,,,MIA,1610612748.0,
Shot Chart Detail,22100748,353,0,Opponent,1610612761,Toronto Raptors,3,8,51,Missed Shot,Driving Floating Jump Shot,,In The Paint (Non-RA),Center(C),Less Than 8 ft.,7,26,65,1,0,20220129,MIA,TOR,22100748353,|1627783|1627832|1628384|1629018|1630567,0,REG,,,2022,1627783,-5.0,PF,Helper,0.72,MISS Tucker 7' Driving Floating Jump Shot,,,,MIA,1610612748.0,
Shot Chart Detail,22100748,358,0,Opponent,1610612761,Toronto Raptors,3,8,34,Missed Shot,Jump Shot,,In The Paint (Non-RA),Center(C),8-16 ft.,8,-34,80,1,0,20220129,MIA,TOR,22100748358,|1627783|1627832|1628384|1629018|1630567,0,REG,,,2022,1627832,-5.0,PG,Point of Attack,0.9,MISS Butler 9' Jump Shot,,,,MIA,1610612748.0,
Shot Chart Detail,22100748,367,0,Opponent,1610612761,Toronto Raptors,3,8,10,Missed Shot,Driving Layup Shot,,Restricted Area,Center(C),Less Than 8 ft.,2,20,17,1,0,20220129,MIA,TOR,22100748367,|1627783|1627832|1628384|1629018|1630567,0,REG,,,2022,1630567,-5.0,PF,Helper,0.63,MISS Adebayo 3' Driving Layup,,,,MIA,1610612748.0,
Shot Chart Detail,22100748,376,0,Opponent,1610612761,Toronto Raptors,3,7,50,Made Shot,Pullup Jump shot,,Mid-Range,Right Side(R),8-16 ft.,11,99,48,1,1,20220129,MIA,TOR,22100748376,|1627783|1627832|1628449|1629018|1630567,0,REG,,,2022,1627783,-5.0,PF,Helper,0.72,Butler 11' Pullup Jump Shot (26 PTS),,,,MIA,1610612748.0,
Shot Chart Detail,22100748,378,0,Opponent,1610612761,Toronto Raptors,3,7,6,Missed Shot,Floating Jump shot,,In The Paint (Non-RA),Center(C),8-16 ft.,9,-28,92,1,0,20220129,MIA,TOR,22100748378,|1627783|1627832|1628449|1629018|1630567,0,REG,,,2022,1627783|1630567,-7.0,,,,,,,,MIA,1610612748.0,
Shot Chart Detail,22100748,382,0,Opponent,1610612761,Toronto Raptors,3,6,37,Missed Shot,Jump Shot,,Above the Break 3,Left Side Center(LC),24+ ft.,27,-189,205,1,0,20220129,MIA,TOR,22100748382,|1627783|1627832|1628449|1629018|1630567,0,REG,,,2022,1627832,-7.0,PG,Point of Attack,0.9,MISS Butler 28' 3PT Jump Shot,,,,MIA,1610612748.0,
Shot Chart Detail,22100748,393,0,Opponent,1610612761,Toronto Raptors,3,5,44,Missed Shot,Layup Shot,,Restricted Area,Center(C),Less Than 8 ft.,2,-23,5,1,0,20220129,MIA,TOR,22100748393,|1627783|1627832|1628449|1629018|1630567,0,REG,,,2022,1627783|1628449,-8.0,,,,,,,,MIA,1610612748.0,
Shot Chart Detail,22100748,395,0,Opponent,1610612761,Toronto Raptors,3,5,41,Missed Shot,Jump Shot,,Above the Break 3,Left Side Center(LC),24+ ft.,27,-98,252,1,0,20220129,MIA,TOR,22100748395,|1627783|1627832|1628449|1629018|1630567,0,REG,,,2022,1630567,-8.0,PF,Helper,0.63,MISS Vincent 27' 3PT Jump Shot,,,,MIA,1610612748.0,
Shot Chart Detail,22100748,399,0,Opponent,1610612761,Toronto Raptors,3,5,6,Missed Shot,Jump Shot,,Left Corner 3,Left Side(L),24+ ft.,23,-235,6,1,0,20220129,MIA,TOR,22100748399,|1627783|1627832|1628449|1629018|1630567,0,REG,,,2022,1629018,-11.0,SG,Chaser,0.19,MISS Robinson 24' 3PT Jump Shot,,,,MIA,1610612748.0,
Shot Chart Detail,22100748,408,0,Opponent,1610612761,Toronto Raptors,3,4,28,Missed Shot,Jump Shot,,Left Corner 3,Left Side(L),24+ ft.,23,-230,7,1,0,20220129,MIA,TOR,22100748408,|1627783|1627832|1628384|1629018|1630567,0,REG,,,2022,1630567,-13.0,PF,Helper,0.63,MISS Herro 3PT Jump Shot,,,,MIA,1610612748.0,
Shot Chart Detail,22100748,436,0,Opponent,1610612761,Toronto Raptors,3,3,19,Made Shot,Layup Shot,,Restricted Area,Center(C),Less Than 8 ft.,2,12,20,1,1,20220129,MIA,TOR,22100748436,|1627783|1627832|1628384|1629018|1630567,1,REG,,,2022,1627783|1627832,-13.0,,,,,,,,MIA,1610612748.0,202710.0
Shot Chart Detail,22100748,447,0,Opponent,1610612761,Toronto Raptors,3,2,19,Missed Shot,Driving Floating Jump Shot,,In The Paint (Non-RA),Center(C),Less Than 8 ft.,7,-18,76,1,0,20220129,MIA,TOR,22100748447,|1627832|1628384|1629018|1630173|1630567,0,REG,,,2022,1627832,-13.0,PG,Point of Attack,0.9,MISS Herro 8' Driving Floating Jump Shot,,,,MIA,1610612748.0,
Shot Chart Detail,22100748,454,0,Opponent,1610612761,Toronto Raptors,3,1,53,Made Shot,Alley Oop Layup shot,,Restricted Area,Center(C),Less Than 8 ft.,1,-16,5,1,1,20220129,MIA,TOR,22100748454,|1627832|1628384|1628449|1629018|1630173,1,REG,,,2022,1628384,-11.0,SF,Wing Stopper,1.03,Strus 2' Alley Oop Layup (2 PTS) (Martin 1 AST),,,,MIA,1610612748.0,1628997.0
Shot Chart Detail,22100748,464,0,Opponent,1610612761,Toronto Raptors,3,0,57,Missed Shot,Dunk Shot,,Restricted Area,Center(C),Less Than 8 ft.,2,13,18,1,0,20220129,MIA,TOR,22100748464,|1627832|1628384|1628449|1629018|1630173,0,REG,,,2022,1628449,-13.0,SF,Helper,0.4,MISS Martin 2' Dunk,,,,MIA,1610612748.0,
Shot Chart Detail,22100748,466,0,Opponent,1610612761,Toronto Raptors,3,0,53,Made Shot,Jump Shot,,In The Paint (Non-RA),Center(C),8-16 ft.,9,33,89,1,1,20220129,MIA,TOR,22100748466,|1627832|1628384|1628449|1629018|1630173,1,REG,,,2022,1628449,-11.0,SF,Helper,0.4,Butler 9' Jump Shot (29 PTS) (Dedmon 1 AST),,,,MIA,1610612748.0,203473.0
Shot Chart Detail,22100748,470,0,Opponent,1610612761,Toronto Raptors,3,0,29,Made Shot,Jump Shot,,Above the Break 3,Right Side Center(RC),24+ ft.,25,214,144,1,1,20220129,MIA,TOR,22100748470,|1627832|1628384|1628449|1629018|1630173,1,REG,,,2022,1627832,-8.0,PG,Point of Attack,0.9,Strus 26' 3PT Jump Shot (5 PTS) (Butler 6 AST),,,,MIA,1610612748.0,202710.0
Shot Chart Detail,22100748,482,0,Opponent,1610612761,Toronto Raptors,3,0,0,Missed Shot,Jump Shot,,Backcourt,Back Court(BC),Back Court Shot,64,45,648,1,0,20220129,MIA,TOR,22100748482,|1627832|1628384|1628449|1629018|1630173,0,REG,,,2022,,,,,,,,,,MIA,1610612748.0,
Shot Chart Detail,22100748,496,0,Opponent,1610612761,Toronto Raptors,4,11,45,Made Shot,Jump Shot,,Above the Break 3,Left Side Center(LC),24+ ft.,27,-151,225,1,1,20220129,MIA,TOR,22100748496,|1627783|1628384|1630173|1630567|1630625,1,REG,,,2022,1627783,-7.0,PF,Helper,0.72,Strus 27' 3PT Jump Shot (8 PTS) (Vincent 3 AST),,,,MIA,1610612748.0,1629216.0
Shot Chart Detail,22100748,506,0,Opponent,1610612761,Toronto Raptors,4,11,12,Made Shot,Jump Shot,,Right Corner 3,Right Side(R),24+ ft.,23,233,15,1,1,20220129,MIA,TOR,22100748506,|1627783|1628384|1630173|1630567|1630625,1,REG,,,2022,1630567,-4.0,PF,Helper,0.63,Strus 3PT Jump Shot (11 PTS) (Herro 2 AST),,,,MIA,1610612748.0,1629639.0
Shot Chart Detail,22100748,512,0,Opponent,1610612761,Toronto Raptors,4,10,23,Made Shot,Driving Layup Shot,,Restricted Area,Center(C),Less Than 8 ft.,2,-2,22,1,1,20220129,MIA,TOR,22100748512,|1627783|1628384|1630173|1630567|1630625,0,REG,,,2022,1628384,-2.0,SF,Wing Stopper,1.03,Vincent 2' Driving Layup (8 PTS),,,,MIA,1610612748.0,
Shot Chart Detail,22100748,517,0,Opponent,1610612761,Toronto Raptors,4,9,48,Missed Shot,Jump Shot,,Right Corner 3,Right Side(R),24+ ft.,23,230,67,1,0,20220129,MIA,TOR,22100748517,|1627783|1628384|1630173|1630567|1630625,0,REG,,,2022,1628384,-2.0,SF,Wing Stopper,1.03,MISS Strus 24' 3PT Jump Shot,,,,MIA,1610612748.0,
Shot Chart Detail,22100748,528,0,Opponent,1610612761,Toronto Raptors,4,8,50,Missed Shot,Jump Shot,,Left Corner 3,Left Side(L),24+ ft.,23,-238,2,1,0,20220129,MIA,TOR,22100748528,|1627783|1628384|1629018|1630173|1630567,0,REG,,,2022,1630567,-2.0,PF,Helper,0.63,MISS Vincent 24' 3PT Jump Shot,,,,MIA,1610612748.0,
Shot Chart Detail,22100748,536,0,Opponent,1610612761,Toronto Raptors,4,8,2,Made Shot,Jump Shot,,Mid-Range,Right Side(R),16-24 ft.,21,211,6,1,1,20220129,MIA,TOR,22100748536,|1627783|1627832|1628384|1629018|1630567,1,REG,,,2022,1627783|1630567,-2.0,,,,,,,,MIA,1610612748.0,1629639.0
Shot Chart Detail,22100748,540,0,Opponent,1610612761,Toronto Raptors,4,7,26,Missed Shot,Jump Shot,,Above the Break 3,Right Side Center(RC),24+ ft.,27,110,249,1,0,20220129,MIA,TOR,22100748540,|1627783|1627832|1628384|1629018|1630567,0,REG,,,2022,1627832,-5.0,PG,Point of Attack,0.9,MISS Herro 27' 3PT Jump Shot,,,,MIA,1610612748.0,
Shot Chart Detail,22100748,549,0,Opponent,1610612761,Toronto Raptors,4,6,38,Missed Shot,Floating Jump shot,,In The Paint (Non-RA),Left Side(L),8-16 ft.,8,-72,52,1,0,20220129,MIA,TOR,22100748549,|1627783|1627832|1628384|1629018|1630567,0,REG,,,2022,1629018,-7.0,SG,Chaser,0.19,MISS Martin 9' Floating Jump Shot,,,,MIA,1610612748.0,
Shot Chart Detail,22100748,551,0,Opponent,1610612761,Toronto Raptors,4,6,35,Made Shot,Putback Layup Shot,,Restricted Area,Center(C),Less Than 8 ft.,2,21,13,1,1,20220129,MIA,TOR,22100748551,|1627783|1627832|1628384|1629018|1630567,0,REG,,,2022,1628384,-5.0,SF,Wing Stopper,1.03,Butler 2' Putback Layup (31 PTS),,,,MIA,1610612748.0,
Shot Chart Detail,22100748,554,0,Opponent,1610612761,Toronto Raptors,4,5,53,Missed Shot,Hook Shot,,In The Paint (Non-RA),Center(C),Less Than 8 ft.,5,-26,50,1,0,20220129,MIA,TOR,22100748554,|1627783|1627832|1628384|1629018|1630567,0,REG,,,2022,1627783|1630567,-5.0,,,,,,,,MIA,1610612748.0,
Shot Chart Detail,22100748,565,0,Opponent,1610612761,Toronto Raptors,4,5,0,Made Shot,Step Back Jump shot,,Above the Break 3,Center(C),24+ ft.,26,67,258,1,1,20220129,MIA,TOR,22100748565,|1627783|1627832|1628384|1629018|1630567,1,REG,,,2022,1628384,-2.0,SF,Wing Stopper,1.03,Herro 27' 3PT Step Back Jump Shot (5 PTS) (Butler 7 AST),,,,MIA,1610612748.0,202710.0
Shot Chart Detail,22100748,569,0,Opponent,1610612761,Toronto Raptors,4,4,24,Made Shot,Turnaround Fadeaway Bank Jump Shot,,Mid-Range,Left Side(L),8-16 ft.,10,-102,21,1,1,20220129,MIA,TOR,22100748569,|1627783|1627832|1628384|1629018|1630567,0,REG,,,2022,1627783|1627832,0.0,,,,,,,,MIA,1610612748.0,
Shot Chart Detail,22100748,576,0,Opponent,1610612761,Toronto Raptors,4,3,46,Missed Shot,Driving Layup Shot,,Restricted Area,Center(C),Less Than 8 ft.,2,13,25,1,0,20220129,MIA,TOR,22100748576,|1627783|1627832|1628384|1629018|1630567,0,REG,,,2022,1627783|1630567,0.0,,,,,,,,MIA,1610612748.0,
Shot Chart Detail,22100748,589,0,Opponent,1610612761,Toronto Raptors,4,2,58,Missed Shot,Pullup Jump shot,,In The Paint (Non-RA),Center(C),8-16 ft.,11,29,110,1,0,20220129,MIA,TOR,22100748589,|1627783|1627832|1628384|1629018|1630567,0,REG,,,2022,1629018|1628384,0.0,,,,,,,,MIA,1610612748.0,
Shot Chart Detail,22100748,593,0,Opponent,1610612761,Toronto Raptors,4,2,30,Missed Shot,Driving Layup Shot,,Restricted Area,Center(C),Less Than 8 ft.,3,18,29,1,0,20220129,MIA,TOR,22100748593,|1627783|1627832|1628384|1629018|1630567,0,REG,,,2022,1627783|1630567,-2.0,,,,,,,,MIA,1610612748.0,
Shot Chart Detail,22100748,596,0,Opponent,1610612761,Toronto Raptors,4,2,26,Missed Shot,Jump Shot,,In The Paint (Non-RA),Center(C),Less Than 8 ft.,6,25,64,1,0,20220129,MIA,TOR,22100748596,|1627783|1627832|1628384|1629018|1630567,0,REG,,,2022,1627783|1627832,-2.0,,,,,,,,MIA,1610612748.0,
Shot Chart Detail,22100748,601,0,Opponent,1610612761,Toronto Raptors,4,2,1,Missed Shot,Cutting Layup Shot,,Restricted Area,Center(C),Less Than 8 ft.,1,11,15,1,0,20220129,MIA,TOR,22100748601,|1627783|1627832|1628384|1629018|1630567,0,REG,,,2022,1629018|1630567,-2.0,,,,,,,,MIA,1610612748.0,
Shot Chart Detail,22100748,605,0,Opponent,1610612761,Toronto Raptors,4,1,21,Made Shot,Pullup Jump shot,,Above the Break 3,Center(C),24+ ft.,29,68,282,1,1,20220129,MIA,TOR,22100748605,|1627783|1627832|1628384|1629018|1630567,0,REG,,,2022,1629018,1.0,SG,Chaser,0.19,Herro 29' 3PT Pullup Jump Shot (8 PTS),,,,MIA,1610612748.0,
Shot Chart Detail,22100748,607,0,Opponent,1610612761,Toronto Raptors,4,0,51,Made Shot,Jump Shot,,Right Corner 3,Right Side(R),24+ ft.,22,229,-5,1,1,20220129,MIA,TOR,22100748607,|1627783|1627832|1628384|1629018|1630567,1,REG,,,2022,1627783,2.0,PF,Helper,0.72,Tucker 3PT Jump Shot (11 PTS) (Butler 8 AST),,,,MIA,1610612748.0,202710.0
Shot Chart Detail,22100748,620,0,Opponent,1610612761,Toronto Raptors,4,0,11,Missed Shot,Driving Layup Shot,,Restricted Area,Center(C),Less Than 8 ft.,2,11,22,1,0,20220129,MIA,TOR,22100748620,|1627783|1627832|1628384|1629018|1630567,0,REG,,,2022,1628384|1630567,2.0,,,,,,,,MIA,1610612748.0,
Shot Chart Detail,22100748,644,0,Opponent,1610612761,Toronto Raptors,5,4,37,Missed Shot,Jump Shot,,Above the Break 3,Left Side Center(LC),24+ ft.,27,-225,159,1,0,20220129,MIA,TOR,22100748644,|1627783|1627832|1628384|1629018|1630567,0,REG,,,2022,1630567,0.0,PF,Helper,0.63,MISS Butler 28' 3PT Jump Shot,,,,MIA,1610612748.0,
Shot Chart Detail,22100748,646,0,Opponent,1610612761,Toronto Raptors,5,4,32,Missed Shot,Jump Shot,,Above the Break 3,Right Side Center(RC),24+ ft.,26,98,244,1,0,20220129,MIA,TOR,22100748646,|1627783|1627832|1628384|1629018|1630567,0,REG,,,2022,,,,,,,,,,MIA,1610612748.0,
Shot Chart Detail,22100748,652,0,Opponent,1610612761,Toronto Raptors,5,3,33,Made Shot,Driving Layup Shot,,Restricted Area,Center(C),Less Than 8 ft.,1,16,10,1,1,20220129,MIA,TOR,22100748652,|1627783|1627832|1628384|1629018|1630567,1,REG,,,2022,1629018,2.0,SG,Chaser,0.19,Butler 2' Driving Layup (35 PTS) (Herro 4 AST),,,,MIA,1610612748.0,1629639.0
Shot Chart Detail,22100748,656,0,Opponent,1610612761,Toronto Raptors,5,3,4,Missed Shot,Jump Shot,,Above the Break 3,Right Side Center(RC),24+ ft.,26,121,231,1,0,20220129,MIA,TOR,22100748656,|1627783|1627832|1628384|1629018|1630567,0,REG,,,2022,1630567,2.0,PF,Helper,0.63,MISS Butler 26' 3PT Jump Shot,,,,MIA,1610612748.0,
Shot Chart Detail,22100748,662,0,Opponent,1610612761,Toronto Raptors,5,2,26,Missed Shot,Jump Shot,,Mid-Range,Right Side Center(RC),16-24 ft.,17,138,105,1,0,20220129,MIA,TOR,22100748662,|1627783|1627832|1628384|1629018|1630567,0,REG,,,2022,1628384,2.0,SF,Wing Stopper,1.03,MISS Butler 17' Jump Shot,,,,MIA,1610612748.0,
Shot Chart Detail,22100748,674,0,Opponent,1610612761,Toronto Raptors,5,1,28,Missed Shot,Pullup Jump shot,,Above the Break 3,Center(C),24+ ft.,27,77,262,1,0,20220129,MIA,TOR,22100748674,|1627783|1627832|1628384|1629018|1630567,0,REG,,,2022,1630567|1627832,-1.0,,,,,,,,MIA,1610612748.0,
Shot Chart Detail,22100748,678,0,Opponent,1610612761,Toronto Raptors,5,1,13,Made Shot,Jump Shot,,Left Corner 3,Left Side(L),24+ ft.,23,-230,-4,1,1,20220129,MIA,TOR,22100748678,|1627783|1627832|1628384|1629018|1630567,1,REG,,,2022,,,,,,,,,,MIA,1610612748.0,202710.0
Shot Chart Detail,22100748,681,0,Opponent,1610612761,Toronto Raptors,5,0,29,Missed Shot,Jump Shot,,Above the Break 3,Right Side Center(RC),24+ ft.,25,153,206,1,0,20220129,MIA,TOR,22100748681,|1627783|1627832|1628384|1629018|1630567,0,REG,,,2022,1628384,2.0,SF,Wing Stopper,1.03,MISS Herro 26' 3PT Jump Shot,,,,MIA,1610612748.0,
Shot Chart Detail,22100748,702,0,Opponent,1610612761,Toronto Raptors,6,4,43,Made Shot,Jump Shot,,Right Corner 3,Right Side(R),24+ ft.,22,227,-5,1,1,20220129,MIA,TOR,22100748702,|1627783|1627832|1628384|1629018|1630567,1,REG,,,2022,1627832,3.0,PG,Point of Attack,0.9,Vincent 3PT Jump Shot (14 PTS) (Butler 10 AST),,,,MIA,1610612748.0,202710.0
Shot Chart Detail,22100748,709,0,Opponent,1610612761,Toronto Raptors,6,4,9,Made Shot,Driving Layup Shot,,Restricted Area,Center(C),Less Than 8 ft.,1,9,8,1,1,20220129,MIA,TOR,22100748709,|1627783|1627832|1628384|1629018|1630567,0,REG,,,2022,1630567,3.0,PF,Helper,0.63,Adebayo 1' Driving Layup (14 PTS),,,,MIA,1610612748.0,
Shot Chart Detail,22100748,716,0,Opponent,1610612761,Toronto Raptors,6,3,31,Missed Shot,Driving Layup Shot,,Restricted Area,Center(C),Less Than 8 ft.,3,-28,17,1,0,20220129,MIA,TOR,22100748716,|1627783|1627832|1628384|1629018|1630567,0,REG,,,2022,1628384,3.0,SF,Wing Stopper,1.03,MISS Vincent 3' Driving Layup,,,,MIA,1610612748.0,
Shot Chart Detail,22100748,721,0,Opponent,1610612761,Toronto Raptors,6,3,6,Missed Shot,Jump Shot,,Above the Break 3,Right Side Center(RC),24+ ft.,27,97,258,1,0,20220129,MIA,TOR,22100748721,|1627783|1627832|1628384|1629018|1630567,0,REG,,,2022,1628384|1627783,3.0,,,,,,,,MIA,1610612748.0,
Shot Chart Detail,22100748,724,0,Opponent,1610612761,Toronto Raptors,6,2,32,Made Shot,Fadeaway Jump Shot,,Mid-Range,Right Side(R),8-16 ft.,12,88,90,1,1,20220129,MIA,TOR,22100748724,|1627783|1627832|1628384|1629018|1630567,0,REG,,,2022,1628384|1627832,3.0,,,,,,,,MIA,1610612748.0,
Shot Chart Detail,22100748,735,0,Opponent,1610612761,Toronto Raptors,6,1,0,Missed Shot,Jump Shot,,Right Corner 3,Right Side(R),24+ ft.,23,232,-10,1,0,20220129,MIA,TOR,22100748735,|1627783|1627832|1628384|1629018|1630567,0,REG,,,2022,1627783,1.0,PF,Helper,0.72,MISS Tucker 3PT Jump Shot,,,,MIA,1610612748.0,
Shot Chart Detail,22100748,743,0,Opponent,1610612761,Toronto Raptors,6,0,26,Missed Shot,Driving Floating Jump Shot,,In The Paint (Non-RA),Center(C),8-16 ft.,9,-38,88,1,0,20220129,MIA,TOR,22100748743,|1627783|1627832|1628384|1629018|1630567,0,REG,,,2022,1629018,-2.0,SG,Chaser,0.19,MISS Herro 10' Driving Floating Jump Shot,,,,MIA,1610612748.0,
Shot Chart Detail,22100748,745,0,Opponent,1610612761,Toronto Raptors,6,0,26,Made Shot,Putback Layup Shot,,In The Paint (Non-RA),Center(C),Less Than 8 ft.,5,-29,42,1,1,20220129,MIA,TOR,22100748745,|1627783|1627832|1628384|1629018|1630567,0,REG,,,2022,1629018,0.0,SG,Chaser,0.19,Herro 5' Putback Layup (10 PTS),,,,MIA,1610612748.0,
Shot Chart Detail,22100748,749,0,Opponent,1610612761,Toronto Raptors,6,0,0,Missed Shot,Floating Jump shot,,In The Paint (Non-RA),Center(C),8-16 ft.,11,-16,117,1,0,20220129,MIA,TOR,22100748749,|1627783|1627832|1628384|1629018|1630567,0,REG,,,2022,1629018|1630567,0.0,,,,,,,,MIA,1610612748.0,
Shot Chart Detail,22100748,757,0,Opponent,1610612761,Toronto Raptors,7,4,35,Missed Shot,Jump Shot,,Above the Break 3,Center(C),24+ ft.,33,9,331,1,0,20220129,MIA,TOR,22100748757,|1627783|1627832|1628384|1629018|1630567,0,REG,,,2022,1628384,0.0,SF,Wing Stopper,1.03,MISS Herro 33' 3PT Jump Shot,,,,MIA,1610612748.0,
Shot Chart Detail,22100748,764,0,Opponent,1610612761,Toronto Raptors,7,3,53,Made Shot,Jump Shot,,Right Corner 3,Right Side(R),24+ ft.,24,235,78,1,1,20220129,MIA,TOR,22100748764,|1627783|1627832|1628384|1629018|1630567,1,REG,,,2022,1627832,3.0,PG,Point of Attack,0.9,Herro 25' 3PT Jump Shot (13 PTS) (Vincent 4 AST),,,,MIA,1610612748.0,1629216.0
Shot Chart Detail,22100748,768,0,Opponent,1610612761,Toronto Raptors,7,3,13,Missed Shot,Cutting Layup Shot,,Restricted Area,Center(C),Less Than 8 ft.,3,27,17,1,0,20220129,MIA,TOR,22100748768,|1627783|1627832|1628384|1629018|1630567,0,REG,,,2022,1627783,0.0,PF,Helper,0.72,MISS Tucker 3' Cutting Layup Shot,,,,MIA,1610612748.0,
Shot Chart Detail,22100748,777,0,Opponent,1610612761,Toronto Raptors,7,2,38,Missed Shot,Driving Layup Shot,,Mid-Range,Right Side(R),8-16 ft.,8,82,26,1,0,20220129,MIA,TOR,22100748777,|1627783|1627832|1628384|1629018|1630567,0,REG,,,2022,1628384,-2.0,SF,Wing Stopper,1.03,MISS Herro 9' Driving Layup,,,,MIA,1610612748.0,
Shot Chart Detail,22100748,785,0,Opponent,1610612761,Toronto Raptors,7,1,53,Made Shot,Jump Shot,,Above the Break 3,Center(C),24+ ft.,28,-74,275,1,1,20220129,MIA,TOR,22100748785,|1627783|1627832|1628384|1629018|1630567,1,REG,,,2022,1630567,-2.0,PF,Helper,0.63,Vincent 28' 3PT Jump Shot (17 PTS) (Adebayo 1 AST),,,,MIA,1610612748.0,1628389.0
Shot Chart Detail,22100748,789,0,Opponent,1610612761,Toronto Raptors,7,1,26,Missed Shot,Jump Shot,,Above the Break 3,Right Side Center(RC),24+ ft.,27,94,256,1,0,20220129,MIA,TOR,22100748789,|1627783|1627832|1628384|1629018|1630567,0,REG,,,2022,1627832,-2.0,PG,Point of Attack,0.9,MISS Herro 27' 3PT Jump Shot,,,,MIA,1610612748.0,
Shot Chart Detail,22100748,796,0,Opponent,1610612761,Toronto Raptors,7,0,35,Missed Shot,Step Back Jump shot,,Left Corner 3,Left Side(L),24+ ft.,24,-234,55,1,0,20220129,MIA,TOR,22100748796,|1627783|1627832|1628384|1629018|1630567,0,REG,,,2022,1630567,-2.0,PF,Helper,0.63,MISS Herro 24' 3PT Step Back Jump Shot,,,,MIA,1610612748.0,
Shot Chart Detail,22100748,804,0,Opponent,1610612761,Toronto Raptors,7,0,13,Missed Shot,Jump Shot,,Above the Break 3,Center(C),24+ ft.,27,11,273,1,0,20220129,MIA,TOR,22100748804,|1627783|1627832|1628384|1629018|1630567,0,REG,,,2022,1630567,-2.0,PF,Helper,0.63,MISS Herro 27' 3PT Jump Shot,,,,MIA,1610612748.0,
Shot Chart Detail,22100767,9,0,Opponent,1610612761,Toronto Raptors,1,11,21,Missed Shot,Jump Shot,,Above the Break 3,Left Side Center(LC),24+ ft.,25,-94,242,1,0,20220131,ATL,TOR,221007679,|1627783|1627832|1628384|1629018|1630567,0,REG,,,2022,1627832,0.0,PG,Point of Attack,0.9,MISS Wright 26' 3PT Jump Shot,,,,ATL,1610612737.0,
Shot Chart Detail,22100767,13,0,Opponent,1610612761,Toronto Raptors,1,10,38,Missed Shot,Floating Jump shot,,In The Paint (Non-RA),Center(C),Less Than 8 ft.,6,-38,55,1,0,20220131,ATL,TOR,2210076713,|1627783|1627832|1628384|1629018|1630567,0,REG,,,2022,1627832,-3.0,PG,Point of Attack,0.9,MISS Wright 7' Floating Jump Shot,,,,ATL,1610612737.0,
Shot Chart Detail,22100767,21,0,Opponent,1610612761,Toronto Raptors,1,9,35,Made Shot,Jump Shot,,Mid-Range,Left Side(L),16-24 ft.,17,-158,73,1,1,20220131,ATL,TOR,2210076721,|1627783|1627832|1628384|1629018|1630567,1,REG,,,2022,1628384,-4.0,SF,Wing Stopper,1.03,Collins 17' Jump Shot (2 PTS) (Wright 1 AST),,,,ATL,1610612737.0,1626153.0
Shot Chart Detail,22100767,25,0,Opponent,1610612761,Toronto Raptors,1,9,13,Made Shot,Driving Floating Jump Shot,,In The Paint (Non-RA),Center(C),8-16 ft.,9,11,96,1,1,20220131,ATL,TOR,2210076725,|1627783|1627832|1628384|1629018|1630567,1,REG,,,2022,1629018|1627783,-2.0,,,,,,,,ATL,1610612737.0,1628381.0
Shot Chart Detail,22100767,28,0,Opponent,1610612761,Toronto Raptors,1,8,33,Made Shot,Pullup Jump shot,,Mid-Range,Right Side(R),8-16 ft.,10,96,34,1,1,20220131,ATL,TOR,2210076728,|1627783|1627832|1628384|1629018|1630567,1,REG,,,2022,1627832,0.0,PG,Point of Attack,0.9,Hunter 10' Pullup Jump Shot (2 PTS) (Collins 2 AST),,,,ATL,1610612737.0,1628381.0
Shot Chart Detail,22100767,34,0,Opponent,1610612761,Toronto Raptors,1,7,41,Made Shot,Driving Layup Shot,,Restricted Area,Center(C),Less Than 8 ft.,2,-16,17,1,1,20220131,ATL,TOR,2210076734,|1627783|1627832|1628384|1629018|1630567,1,REG,,,2022,1627832|1630567,0.0,,,,,,,,ATL,1610612737.0,1626153.0
Shot Chart Detail,22100767,50,0,Opponent,1610612761,Toronto Raptors,1,6,36,Made Shot,Turnaround Hook Shot,,In The Paint (Non-RA),Center(C),8-16 ft.,8,-6,80,1,1,20220131,ATL,TOR,2210076750,|1627832|1628384|1628449|1629018|1630567,1,REG,,,2022,1628449,3.0,SF,Helper,0.4,Capela 8' Turnaround Hook Shot (2 PTS) (Wright 3 AST),,,,ATL,1610612737.0,1626153.0
Shot Chart Detail,22100767,54,0,Opponent,1610612761,Toronto Raptors,1,6,4,Missed Shot,Pullup Jump shot,,Mid-Range,Left Side Center(LC),16-24 ft.,20,-94,180,1,0,20220131,ATL,TOR,2210076754,|1627832|1628384|1628449|1629018|1630567,0,REG,,,2022,1628449|1630567,3.0,,,,,,,,ATL,1610612737.0,
Shot Chart Detail,22100767,58,0,Opponent,1610612761,Toronto Raptors,1,5,32,Missed Shot,Jump Shot,,Right Corner 3,Right Side(R),24+ ft.,23,230,-3,1,0,20220131,ATL,TOR,2210076758,|1627832|1628384|1628449|1629018|1630567,0,REG,,,2022,,,,,,,,,,ATL,1610612737.0,
Shot Chart Detail,22100767,64,0,Opponent,1610612761,Toronto Raptors,1,4,56,Missed Shot,Jump Shot,,Mid-Range,Left Side(L),16-24 ft.,19,-181,58,1,0,20220131,ATL,TOR,2210076764,|1627832|1628384|1628449|1629018|1630567,0,REG,,,2022,1628449,-3.0,SF,Helper,0.4,MISS Collins 19' Jump Shot,,,,ATL,1610612737.0,
Shot Chart Detail,22100767,82,0,Opponent,1610612761,Toronto Raptors,1,4,14,Made Shot,Pullup Jump shot,,Mid-Range,Right Side Center(RC),16-24 ft.,16,126,105,1,1,20220131,ATL,TOR,2210076782,|1627832|1628449|1629018|1630173|1630551,1,REG,,,2022,1628449,-3.0,SF,Helper,0.4,Collins 16' Pullup Jump Shot (4 PTS) (Wright 4 AST),,,,ATL,1610612737.0,1626153.0
Shot Chart Detail,22100767,99,0,Opponent,1610612761,Toronto Raptors,1,3,15,Made Shot,Pullup Jump shot,,In The Paint (Non-RA),Center(C),8-16 ft.,12,16,125,1,1,20220131,ATL,TOR,2210076799,|1627832|1628449|1629018|1630173|1630551,1,REG,,,2022,1630173,-1.0,C,Mobile Big,0.24,Bogdanovic 13' Pullup Jump Shot (2 PTS) (Williams 1 AST),,,,ATL,1610612737.0,101150.0
Shot Chart Detail,22100767,110,0,Opponent,1610612761,Toronto Raptors,1,2,45,Missed Shot,Driving Floating Jump Shot,,In The Paint (Non-RA),Center(C),Less Than 8 ft.,6,62,1,1,0,20220131,ATL,TOR,22100767110,|1627832|1628449|1629018|1630173|1630551,0,REG,,,2022,1628449|1627832|1629018,-1.0,,,,,,,,ATL,1610612737.0,
Shot Chart Detail,22100767,115,0,Opponent,1610612761,Toronto Raptors,1,2,19,Missed Shot,Jump Shot,,Above the Break 3,Left Side Center(LC),24+ ft.,25,-184,173,1,0,20220131,ATL,TOR,22100767115,|1627832|1628449|1629018|1630173|1630551,0,REG,,,2022,1630173,-1.0,C,Mobile Big,0.24,MISS Bogdanovic 25' 3PT Jump Shot,,,,ATL,1610612737.0,
Shot Chart Detail,22100767,133,0,Opponent,1610612761,Toronto Raptors,1,1,39,Missed Shot,Jump Shot,,Above the Break 3,Left Side Center(LC),24+ ft.,26,-140,230,1,0,20220131,ATL,TOR,22100767133,|1627832|1628449|1629018|1630173|1630551,0,REG,,,2022,1630173,-1.0,C,Mobile Big,0.24,MISS Bogdanovic 27' 3PT Jump Shot,,,,ATL,1610612737.0,
Shot Chart Detail,22100767,147,0,Opponent,1610612761,Toronto Raptors,1,0,53,Missed Shot,Pullup Jump shot,,Mid-Range,Left Side Center(LC),16-24 ft.,21,-130,168,1,0,20220131,ATL,TOR,22100767147,|1627832|1628384|1628449|1630173|1630567,0,REG,,,2022,1628449,-1.0,SF,Helper,0.4,MISS Williams 21' Pullup Jump Shot,,,,ATL,1610612737.0,
Shot Chart Detail,22100767,157,0,Opponent,1610612761,Toronto Raptors,1,0,0,Missed Shot,Pullup Jump shot,,Mid-Range,Left Side Center(LC),16-24 ft.,23,-96,215,1,0,20220131,ATL,TOR,22100767157,|1627832|1628384|1628449|1630173|1630567,0,REG,,,2022,1630173,-1.0,C,Mobile Big,0.24,MISS Gallinari 24' Pullup Jump Shot,,,,ATL,1610612737.0,
Shot Chart Detail,22100767,165,0,Opponent,1610612761,Toronto Raptors,2,11,40,Made Shot,Step Back Jump shot,,Mid-Range,Left Side Center(LC),16-24 ft.,20,-137,159,1,1,20220131,ATL,TOR,22100767165,|1627783|1628384|1630173|1630567|1630625,0,REG,,,2022,1630567,1.0,PF,Helper,0.63,Huerter 21' Step Back Jump Shot (5 PTS),,,,ATL,1610612737.0,
Shot Chart Detail,22100767,177,0,Opponent,1610612761,Toronto Raptors,2,10,51,Made Shot,Running Jump Shot,,Right Corner 3,Right Side(R),24+ ft.,22,221,-24,1,1,20220131,ATL,TOR,22100767177,|1627783|1628384|1630173|1630567|1630625,1,REG,,,2022,1630625|1630567,6.0,,,,,,,,ATL,1610612737.0,101150.0
Shot Chart Detail,22100767,185,0,Opponent,1610612761,Toronto Raptors,2,10,23,Made Shot,Running Pull-Up Jump Shot,,Mid-Range,Right Side(R),8-16 ft.,14,147,12,1,1,20220131,ATL,TOR,22100767185,|1627783|1628384|1630173|1630567|1630625,1,REG,,,2022,1627783,8.0,PF,Helper,0.72,Williams 15' Running Pull-Up Jump Shot (2 PTS) (Bogdanovic 1 AST),,,,ATL,1610612737.0,203992.0
Shot Chart Detail,22100767,191,0,Opponent,1610612761,Toronto Raptors,2,9,46,Made Shot,Driving Floating Jump Shot,,In The Paint (Non-RA),Center(C),8-16 ft.,10,-5,104,1,1,20220131,ATL,TOR,22100767191,|1627783|1628384|1630173|1630567|1630625,0,REG,,,2022,1630567,8.0,PF,Helper,0.63,Williams 10' Driving Floating Jump Shot (4 PTS),,,,ATL,1610612737.0,
Shot Chart Detail,22100767,195,0,Opponent,1610612761,Toronto Raptors,2,9,8,Missed Shot,Floating Jump shot,,In The Paint (Non-RA),Center(C),8-16 ft.,11,-13,110,1,0,20220131,ATL,TOR,22100767195,|1627783|1628384|1630173|1630567|1630625,0,REG,,,2022,1630567,6.0,PF,Helper,0.63,MISS Okongwu 11' Floating Jump Shot,,,,ATL,1610612737.0,
Shot Chart Detail,22100767,198,0,Opponent,1610612761,Toronto Raptors,2,8,38,Made Shot,Jump Shot,,Above the Break 3,Left Side Center(LC),24+ ft.,26,-178,195,1,1,20220131,ATL,TOR,22100767198,|1627783|1628384|1630173|1630567|1630625,1,REG,,,2022,1627783,7.0,PF,Helper,0.72,Huerter 26' 3PT Jump Shot (11 PTS) (Gallinari 1 AST),,,,ATL,1610612737.0,201568.0
Shot Chart Detail,22100767,202,0,Opponent,1610612761,Toronto Raptors,2,8,16,Missed Shot,Running Jump Shot,,Above the Break 3,Left Side Center(LC),24+ ft.,25,-203,153,1,0,20220131,ATL,TOR,22100767202,|1627783|1628384|1630173|1630567|1630625,0,REG,,,2022,1630625,7.0,PG,Chaser,0.27,MISS Gallinari 25' 3PT Running Jump Shot,,,,ATL,1610612737.0,
Shot Chart Detail,22100767,219,0,Opponent,1610612761,Toronto Raptors,2,7,44,Missed Shot,Jump Shot,,Above the Break 3,Right Side Center(RC),24+ ft.,25,119,226,1,0,20220131,ATL,TOR,22100767219,|1627783|1628384|1629018|1630173|1630625,0,REG,,,2022,1629018,4.0,SG,Chaser,0.19,MISS Hunter 26' 3PT Jump Shot,,,,ATL,1610612737.0,
Shot Chart Detail,22100767,227,0,Opponent,1610612761,Toronto Raptors,2,7,2,Made Shot,Layup Shot,,Restricted Area,Center(C),Less Than 8 ft.,1,-7,11,1,1,20220131,ATL,TOR,22100767227,|1627783|1628384|1629018|1630173|1630625,1,REG,,,2022,1627783|1630173,4.0,,,,,,,,ATL,1610612737.0,1628381.0
Shot Chart Detail,22100767,232,0,Opponent,1610612761,Toronto Raptors,2,6,41,Missed Shot,Running Jump Shot,,Left Corner 3,Left Side(L),24+ ft.,23,-234,50,1,0,20220131,ATL,TOR,22100767232,|1627783|1628384|1629018|1630173|1630625,0,REG,,,2022,1627783,4.0,PF,Helper,0.72,MISS Hunter 24' 3PT Running Jump Shot,,,,ATL,1610612737.0,
Shot Chart Detail,22100767,236,0,Opponent,1610612761,Toronto Raptors,2,6,10,Made Shot,Pullup Jump shot,,Above the Break 3,Right Side Center(RC),24+ ft.,25,156,207,1,1,20220131,ATL,TOR,22100767236,|1627783|1628384|1629018|1630173|1630625,1,REG,,,2022,1630625,7.0,PG,Chaser,0.27,Bogdanovic 26' 3PT Pullup Jump Shot (5 PTS) (Williams 3 AST),,,,ATL,1610612737.0,101150.0
Shot Chart Detail,22100767,256,0,Opponent,1610612761,Toronto Raptors,2,4,58,Missed Shot,Pullup Jump shot,,Above the Break 3,Right Side Center(RC),24+ ft.,25,97,239,1,0,20220131,ATL,TOR,22100767256,|1627783|1627832|1628449|1629018|1630567,0,REG,,,2022,1628449,5.0,SF,Helper,0.4,MISS Bogdanovic 26' 3PT Pullup Jump Shot,,,,ATL,1610612737.0,
Shot Chart Detail,22100767,260,0,Opponent,1610612761,Toronto Raptors,2,4,28,Made Shot,Pullup Jump shot,,Mid-Range,Left Side(L),8-16 ft.,14,-136,57,1,1,20220131,ATL,TOR,22100767260,|1627783|1627832|1628449|1629018|1630567,0,REG,,,2022,1627783,4.0,PF,Helper,0.72,Hunter 15' Pullup Jump Shot (8 PTS),,,,ATL,1610612737.0,
Shot Chart Detail,22100767,265,0,Opponent,1610612761,Toronto Raptors,2,3,32,Missed Shot,Driving Layup Shot,,Restricted Area,Center(C),Less Than 8 ft.,1,6,12,1,0,20220131,ATL,TOR,22100767265,|1627783|1627832|1628449|1629018|1630567,0,REG,,,2022,1628449|1627832,1.0,,,,,,,,ATL,1610612737.0,
Shot Chart Detail,22100767,272,0,Opponent,1610612761,Toronto Raptors,2,2,56,Missed Shot,Driving Floating Jump Shot,,In The Paint (Non-RA),Center(C),8-16 ft.,9,44,85,1,0,20220131,ATL,TOR,22100767272,|1627783|1627832|1628449|1629018|1630567,0,REG,,,2022,1627832,-1.0,PG,Point of Attack,0.9,MISS Wright 10' Driving Floating Jump Shot,,,,ATL,1610612737.0,
Shot Chart Detail,22100767,274,0,Opponent,1610612761,Toronto Raptors,2,2,52,Made Shot,Putback Layup Shot,,Restricted Area,Center(C),Less Than 8 ft.,1,-13,8,1,1,20220131,ATL,TOR,22100767274,|1627783|1627832|1628449|1629018|1630567,0,REG,,,2022,1630567,1.0,PF,Helper,0.63,Capela 2' Putback Layup (6 PTS),,,,ATL,1610612737.0,
Shot Chart Detail,22100767,277,0,Opponent,1610612761,Toronto Raptors,2,2,36,Made Shot,Pullup Jump shot,,Mid-Range,Left Side Center(LC),16-24 ft.,19,-97,165,1,1,20220131,ATL,TOR,22100767277,|1627783|1627832|1628449|1629018|1630567,1,REG,,,2022,1628449,3.0,SF,Helper,0.4,Huerter 19' Pullup Jump Shot (13 PTS) (Wright 5 AST),,,,ATL,1610612737.0,1626153.0
Shot Chart Detail,22100767,282,0,Opponent,1610612761,Toronto Raptors,2,1,52,Made Shot,Jump Shot,,Mid-Range,Center(C),16-24 ft.,17,-28,173,1,1,20220131,ATL,TOR,22100767282,|1627783|1627832|1628449|1629018|1630567,0,REG,,,2022,1628449,5.0,SF,Helper,0.4,Wright 18' Jump Shot (4 PTS),,,,ATL,1610612737.0,
Shot Chart Detail,22100767,284,0,Opponent,1610612761,Toronto Raptors,2,1,14,Made Shot,Jump Shot,,Right Corner 3,Right Side(R),24+ ft.,23,223,81,1,1,20220131,ATL,TOR,22100767284,|1627783|1627832|1628449|1629018|1630567,1,REG,,,2022,1630567,6.0,PF,Helper,0.63,Huerter 24' 3PT Jump Shot (16 PTS) (Hunter 1 AST),,,,ATL,1610612737.0,1629631.0
Shot Chart Detail,22100767,288,0,Opponent,1610612761,Toronto Raptors,2,0,44,Made Shot,Jump Shot,,Left Corner 3,Left Side(L),24+ ft.,23,-233,17,1,1,20220131,ATL,TOR,22100767288,|1627783|1627832|1628449|1629018|1630567,1,REG,,,2022,,,,,,,,,,ATL,1610612737.0,1626153.0
Shot Chart Detail,22100767,299,0,Opponent,1610612761,Toronto Raptors,2,0,2,Missed Shot,Step Back Jump shot,,Mid-Range,Right Side Center(RC),16-24 ft.,22,107,195,1,0,20220131,ATL,TOR,22100767299,|1627783|1627832|1628449|1629018|1630567,0,REG,,,2022,1628449,9.0,SF,Helper,0.4,MISS Hunter 22' Step Back Jump Shot,,,,ATL,1610612737.0,
Shot Chart Detail,22100767,312,0,Opponent,1610612761,Toronto Raptors,3,11,19,Missed Shot,Driving Layup Shot,,In The Paint (Non-RA),Center(C),8-16 ft.,10,48,95,1,0,20220131,ATL,TOR,22100767312,|1627783|1627832|1628384|1629018|1630567,0,REG,,,2022,,,,,,,,,,ATL,1610612737.0,
Shot Chart Detail,22100767,318,0,Opponent,1610612761,Toronto Raptors,3,11,5,Missed Shot,Running Pull-Up Jump Shot,,Above the Break 3,Right Side Center(RC),24+ ft.,24,162,185,1,0,20220131,ATL,TOR,22100767318,|1627783|1627832|1628384|1629018|1630567,0,REG,,,2022,1630567,9.0,PF,Helper,0.63,MISS Wright 25' 3PT Running Pull-Up Jump Shot,,,,ATL,1610612737.0,
Shot Chart Detail,22100767,322,0,Opponent,1610612761,Toronto Raptors,3,10,53,Missed Shot,Running Layup Shot,,Restricted Area,Center(C),Less Than 8 ft.,0,5,5,1,0,20220131,ATL,TOR,22100767322,|1627783|1627832|1628384|1629018|1630567,0,REG,,,2022,1627832,9.0,PG,Point of Attack,0.9,MISS Wright 1' Running Layup,,,,ATL,1610612737.0,
Shot Chart Detail,22100767,324,0,Opponent,1610612761,Toronto Raptors,3,10,48,Made Shot,Tip Layup Shot,,Restricted Area,Center(C),Less Than 8 ft.,0,0,0,1,1,20220131,ATL,TOR,22100767324,|1627783|1627832|1628384|1629018|1630567,0,REG,,,2022,,,,,,,,,,ATL,1610612737.0,
Shot Chart Detail,22100767,327,0,Opponent,1610612761,Toronto Raptors,3,10,22,Missed Shot,Jump Shot,,Right Corner 3,Right Side(R),24+ ft.,24,232,63,1,0,20220131,ATL,TOR,22100767327,|1627783|1627832|1628384|1629018|1630567,0,REG,,,2022,1630567,11.0,PF,Helper,0.63,MISS Collins 24' 3PT Jump Shot,,,,ATL,1610612737.0,
Shot Chart Detail,22100767,331,0,Opponent,1610612761,Toronto Raptors,3,9,58,Missed Shot,Jump Shot,,Above the Break 3,Right Side Center(RC),24+ ft.,25,168,193,1,0,20220131,ATL,TOR,22100767331,|1627783|1627832|1628384|1629018|1630567,0,REG,,,2022,1627783,11.0,PF,Helper,0.72,MISS Collins 26' 3PT Jump Shot,,,,ATL,1610612737.0,
Shot Chart Detail,22100767,334,0,Opponent,1610612761,Toronto Raptors,3,9,30,Missed Shot,Driving Layup Shot,,Restricted Area,Center(C),Less Than 8 ft.,3,10,30,1,0,20220131,ATL,TOR,22100767334,|1627783|1627832|1628384|1629018|1630567,0,REG,,,2022,1630567,9.0,PF,Helper,0.63,MISS Hunter 3' Driving Layup,,,,ATL,1610612737.0,
Shot Chart Detail,22100767,339,0,Opponent,1610612761,Toronto Raptors,3,9,6,Missed Shot,Cutting Layup Shot,,Restricted Area,Center(C),Less Than 8 ft.,0,-4,3,1,0,20220131,ATL,TOR,22100767339,|1627783|1627832|1628384|1629018|1630567,0,REG,,,2022,1630567,6.0,PF,Helper,0.63,MISS Capela 1' Cutting Layup Shot,,,,ATL,1610612737.0,
Shot Chart Detail,22100767,357,0,Opponent,1610612761,Toronto Raptors,3,7,40,Made Shot,Jump Shot,,Mid-Range,Right Side Center(RC),16-24 ft.,19,96,167,1,1,20220131,ATL,TOR,22100767357,|1627783|1627832|1628384|1629018|1630567,1,REG,,,2022,1630567,3.0,PF,Helper,0.63,Hunter 19' Jump Shot (13 PTS) (Capela 1 AST),,,,ATL,1610612737.0,203991.0
Shot Chart Detail,22100767,364,0,Opponent,1610612761,Toronto Raptors,3,6,37,Missed Shot,Jump Shot,,Mid-Range,Left Side(L),8-16 ft.,12,-119,24,1,0,20220131,ATL,TOR,22100767364,|1627783|1627832|1628384|1629018|1630567,0,REG,,,2022,1630567,1.0,PF,Helper,0.63,MISS Collins 12' Jump Shot,,,,ATL,1610612737.0,
Shot Chart Detail,22100767,376,0,Opponent,1610612761,Toronto Raptors,3,5,50,Missed Shot,Jump Shot,,Right Corner 3,Right Side(R),24+ ft.,24,238,51,1,0,20220131,ATL,TOR,22100767376,|1627783|1627832|1628384|1629018|1630567,0,REG,,,2022,1630567,-2.0,PF,Helper,0.63,MISS Collins 24' 3PT Jump Shot,,,,ATL,1610612737.0,
Shot Chart Detail,22100767,378,0,Opponent,1610612761,Toronto Raptors,3,5,45,Made Shot,Pullup Jump shot,,In The Paint (Non-RA),Center(C),8-16 ft.,11,-32,106,1,1,20220131,ATL,TOR,22100767378,|1627783|1627832|1628384|1629018|1630567,1,REG,,,2022,1627832,0.0,PG,Point of Attack,0.9,Hunter 11' Pullup Jump Shot (15 PTS) (Wright 7 AST),,,,ATL,1610612737.0,1626153.0
Shot Chart Detail,22100767,390,0,Opponent,1610612761,Toronto Raptors,3,5,17,Made Shot,Pullup Jump shot,,In The Paint (Non-RA),Center(C),8-16 ft.,12,12,126,1,1,20220131,ATL,TOR,22100767390,|1627783|1627832|1628449|1629018|1630567,1,REG,,,2022,1627783|1630567,0.0,,,,,,,,ATL,1610612737.0,203992.0
Shot Chart Detail,22100767,394,0,Opponent,1610612761,Toronto Raptors,3,4,50,Made Shot,Jump Shot,,Above the Break 3,Right Side Center(RC),24+ ft.,26,163,204,1,1,20220131,ATL,TOR,22100767394,|1627783|1627832|1628449|1629018|1630567,1,REG,,,2022,1629018,3.0,SG,Chaser,0.19,Gallinari 26' 3PT Jump Shot (7 PTS) (Bogdanovic 3 AST),,,,ATL,1610612737.0,203992.0
Shot Chart Detail,22100767,402,0,Opponent,1610612761,Toronto Raptors,3,4,9,Missed Shot,Pullup Jump shot,,Mid-Range,Right Side Center(RC),16-24 ft.,18,120,137,1,0,20220131,ATL,TOR,22100767402,|1627783|1627832|1628449|1629018|1630567,0,REG,,,2022,1630567,1.0,PF,Helper,0.63,MISS Bogdanovic 18' Pullup Jump Shot,,,,ATL,1610612737.0,
Shot Chart Detail,22100767,415,0,Opponent,1610612761,Toronto Raptors,3,3,36,Missed Shot,Floating Jump shot,,In The Paint (Non-RA),Center(C),Less Than 8 ft.,7,29,72,1,0,20220131,ATL,TOR,22100767415,|1627783|1627832|1628449|1629018|1630173,0,REG,,,2022,1628449,-1.0,SF,Helper,0.4,MISS Okongwu 8' Floating Jump Shot,,,,ATL,1610612737.0,
Shot Chart Detail,22100767,420,0,Opponent,1610612761,Toronto Raptors,3,3,19,Missed Shot,Jump Shot,,Above the Break 3,Center(C),24+ ft.,24,-37,245,1,0,20220131,ATL,TOR,22100767420,|1627783|1627832|1628449|1629018|1630173,0,REG,,,2022,1630173,-1.0,C,Mobile Big,0.24,MISS Gallinari 25' 3PT Jump Shot,,,,ATL,1610612737.0,
Shot Chart Detail,22100767,435,0,Opponent,1610612761,Toronto Raptors,3,2,19,Made Shot,Pullup Jump shot,,In The Paint (Non-RA),Right Side(R),8-16 ft.,9,48,79,1,1,20220131,ATL,TOR,22100767435,|1627783|1627832|1628384|1629018|1630173,0,REG,,,2022,1630173,1.0,C,Mobile Big,0.24,Bogdanovic 9' Pullup Jump Shot (7 PTS),,,,ATL,1610612737.0,
Shot Chart Detail,22100767,440,0,Opponent,1610612761,Toronto Raptors,3,1,13,Missed Shot,Jump Shot,,Above the Break 3,Left Side Center(LC),24+ ft.,25,-137,216,1,0,20220131,ATL,TOR,22100767440,|1627783|1627832|1628384|1629018|1630173,0,REG,,,2022,,,,,,,,,,ATL,1610612737.0,
Shot Chart Detail,22100767,444,0,Opponent,1610612761,Toronto Raptors,3,0,42,Made Shot,Driving Floating Jump Shot,,In The Paint (Non-RA),Center(C),Less Than 8 ft.,4,27,35,1,1,20220131,ATL,TOR,22100767444,|1627783|1627832|1628384|1629018|1630173,1,REG,,,2022,1627832,-2.0,PG,Point of Attack,0.9,Okongwu 4' Driving Floating Jump Shot (5 PTS) (Williams 4 AST),,,,ATL,1610612737.0,101150.0
Shot Chart Detail,22100767,450,0,Opponent,1610612761,Toronto Raptors,3,0,9,Missed Shot,Jump Shot,,Right Corner 3,Right Side(R),24+ ft.,23,233,52,1,0,20220131,ATL,TOR,22100767450,|1627783|1627832|1628384|1629018|1630173,0,REG,,,2022,1628384,-5.0,SF,Wing Stopper,1.03,MISS Bogdanovic 24' 3PT Jump Shot,,,,ATL,1610612737.0,
Shot Chart Detail,22100767,462,0,Opponent,1610612761,Toronto Raptors,4,11,19,Made Shot,Jump Shot,,Above the Break 3,Center(C),24+ ft.,27,-23,276,1,1,20220131,ATL,TOR,22100767462,|1627783|1628384|1628449|1629018|1630173,1,REG,,,2022,1629018,-5.0,SG,Chaser,0.19,Bogdanovic 28' 3PT Jump Shot (10 PTS) (Huerter 1 AST),,,,ATL,1610612737.0,1628989.0
Shot Chart Detail,22100767,468,0,Opponent,1610612761,Toronto Raptors,4,10,42,Made Shot,Alley Oop Dunk Shot,,Restricted Area,Center(C),Less Than 8 ft.,0,-4,0,1,1,20220131,ATL,TOR,22100767468,|1627783|1628384|1628449|1629018|1630173,1,REG,,,2022,1627783,-6.0,PF,Helper,0.72,Okongwu Alley Oop Dunk (7 PTS) (Williams 5 AST),,,,ATL,1610612737.0,101150.0
Shot Chart Detail,22100767,471,0,Opponent,1610612761,Toronto Raptors,4,9,54,Missed Shot,Layup Shot,,Restricted Area,Center(C),Less Than 8 ft.,0,2,-1,1,0,20220131,ATL,TOR,22100767471,|1627783|1628384|1628449|1629018|1630173,0,REG,,,2022,1630173,-8.0,C,Mobile Big,0.24,MISS Okongwu Layup,,,,ATL,1610612737.0,
Shot Chart Detail,22100767,473,0,Opponent,1610612761,Toronto Raptors,4,9,49,Missed Shot,Floating Jump shot,,In The Paint (Non-RA),Center(C),8-16 ft.,10,17,103,1,0,20220131,ATL,TOR,22100767473,|1627783|1628384|1628449|1629018|1630173,0,REG,,,2022,1629018,-8.0,SG,Chaser,0.19,MISS Huerter 10' Floating Jump Shot,,,,ATL,1610612737.0,
Shot Chart Detail,22100767,475,0,Opponent,1610612761,Toronto Raptors,4,9,37,Missed Shot,Jump Shot,,Above the Break 3,Right Side Center(RC),24+ ft.,26,188,189,1,0,20220131,ATL,TOR,22100767475,|1627783|1628384|1628449|1629018|1630173,0,REG,,,2022,1627783,-8.0,PF,Helper,0.72,MISS Bogdanovic 27' 3PT Jump Shot,,,,ATL,1610612737.0,
Shot Chart Detail,22100767,480,0,Opponent,1610612761,Toronto Raptors,4,9,14,Made Shot,Jump Shot,,Above the Break 3,Right Side Center(RC),24+ ft.,26,114,236,1,1,20220131,ATL,TOR,22100767480,|1627783|1628384|1628449|1629018|1630173,1,REG,,,2022,1629018,-5.0,SG,Chaser,0.19,Huerter 26' 3PT Jump Shot (21 PTS) (Williams 6 AST),,,,ATL,1610612737.0,101150.0
Shot Chart Detail,22100767,493,0,Opponent,1610612761,Toronto Raptors,4,8,41,Missed Shot,Driving Layup Shot,,Restricted Area,Center(C),Less Than 8 ft.,2,12,17,1,0,20220131,ATL,TOR,22100767493,|1627783|1627832|1628384|1628449|1630567,0,REG,,,2022,1627832|1630567,-5.0,,,,,,,,ATL,1610612737.0,
Shot Chart Detail,22100767,497,0,Opponent,1610612761,Toronto Raptors,4,8,4,Made Shot,Driving Layup Shot,,Restricted Area,Center(C),Less Than 8 ft.,1,-7,8,1,1,20220131,ATL,TOR,22100767497,|1627783|1627832|1628384|1628449|1630567,0,REG,,,2022,1628449,-6.0,SF,Helper,0.4,Bogdanovic 1' Driving Layup (12 PTS),,,,ATL,1610612737.0,
Shot Chart Detail,22100767,500,0,Opponent,1610612761,Toronto Raptors,4,7,34,Made Shot,Step Back Jump shot,,Above the Break 3,Center(C),24+ ft.,25,1,255,1,1,20220131,ATL,TOR,22100767500,|1627783|1627832|1628384|1628449|1630567,0,REG,,,2022,1630567,-6.0,PF,Helper,0.63,Williams 26' 3PT Step Back Jump Shot (7 PTS),,,,ATL,1610612737.0,
Shot Chart Detail,22100767,523,0,Opponent,1610612761,Toronto Raptors,4,5,37,Made Shot,Jump Shot,,Above the Break 3,Left Side Center(LC),24+ ft.,24,-189,157,1,1,20220131,ATL,TOR,22100767523,|1627783|1627832|1628384|1629018|1630567,1,REG,,,2022,1627832,-3.0,PG,Point of Attack,0.9,Huerter 25' 3PT Jump Shot (26 PTS) (Gallinari 2 AST),,,,ATL,1610612737.0,201568.0
Shot Chart Detail,22100767,527,0,Opponent,1610612761,Toronto Raptors,4,5,4,Made Shot,Alley Oop Layup shot,,Restricted Area,Center(C),Less Than 8 ft.,0,0,5,1,1,20220131,ATL,TOR,22100767527,|1627783|1627832|1628384|1629018|1630567,1,REG,,,2022,,,,,,,,,,ATL,1610612737.0,203992.0
Shot Chart Detail,22100767,531,0,Opponent,1610612761,Toronto Raptors,4,4,37,Missed Shot,Pullup Jump shot,,Above the Break 3,Center(C),24+ ft.,25,-75,246,1,0,20220131,ATL,TOR,22100767531,|1627783|1627832|1628384|1629018|1630567,0,REG,,,2022,1629018|1628384,-4.0,,,,,,,,ATL,1610612737.0,
Shot Chart Detail,22100767,535,0,Opponent,1610612761,Toronto Raptors,4,4,17,Missed Shot,Driving Layup Shot,,In The Paint (Non-RA),Center(C),Less Than 8 ft.,5,40,36,1,0,20220131,ATL,TOR,22100767535,|1627783|1627832|1628384|1629018|1630567,0,REG,,,2022,1627783,-4.0,PF,Helper,0.72,MISS Hunter 5' Driving Layup,,,,ATL,1610612737.0,
Shot Chart Detail,22100767,543,0,Opponent,1610612761,Toronto Raptors,4,3,30,Made Shot,Cutting Layup Shot,,Restricted Area,Center(C),Less Than 8 ft.,0,-6,6,1,1,20220131,ATL,TOR,22100767543,|1627783|1627832|1628384|1629018|1630567,1,REG,,,2022,1627832,-2.0,PG,Point of Attack,0.9,Collins 1' Cutting Layup Shot (6 PTS) (Okongwu 1 AST),,,,ATL,1610612737.0,1630168.0
Shot Chart Detail,22100767,548,0,Opponent,1610612761,Toronto Raptors,4,2,42,Missed Shot,Turnaround Jump Shot,,Mid-Range,Center(C),8-16 ft.,15,-2,156,1,0,20220131,ATL,TOR,22100767548,|1627783|1627832|1628384|1629018|1630567,0,REG,,,2022,1629018,-2.0,SG,Chaser,0.19,MISS Bogdanovic 16' Turnaround Jump Shot,,,,ATL,1610612737.0,
Shot Chart Detail,22100767,553,0,Opponent,1610612761,Toronto Raptors,4,1,52,Made Shot,Jump Shot,,Above the Break 3,Center(C),24+ ft.,26,-53,262,1,1,20220131,ATL,TOR,22100767553,|1627783|1627832|1628384|1629018|1630567,1,REG,,,2022,1629018,-1.0,SG,Chaser,0.19,Bogdanovic 27' 3PT Jump Shot (15 PTS) (Collins 4 AST),,,,ATL,1610612737.0,1628381.0
Shot Chart Detail,22100767,561,0,Opponent,1610612761,Toronto Raptors,4,1,19,Missed Shot,Driving Layup Shot,,Restricted Area,Center(C),Less Than 8 ft.,1,-12,9,1,0,20220131,ATL,TOR,22100767561,|1627783|1627832|1628384|1629018|1630567,0,REG,,,2022,1630567,-4.0,PF,Helper,0.63,MISS Hunter 2' Driving Layup,,,,ATL,1610612737.0,
Shot Chart Detail,22100767,565,0,Opponent,1610612761,Toronto Raptors,4,1,17,Made Shot,Jump Shot,,Left Corner 3,Left Side(L),24+ ft.,23,-233,19,1,1,20220131,ATL,TOR,22100767565,|1627783|1627832|1628384|1629018|1630567,1,REG,,,2022,1629018,-1.0,SG,Chaser,0.19,Bogdanovic 3PT Jump Shot (18 PTS) (Huerter 2 AST),,,,ATL,1610612737.0,1628989.0
Shot Chart Detail,22100767,569,0,Opponent,1610612761,Toronto Raptors,4,0,43,Missed Shot,Pullup Jump shot,,Mid-Range,Right Side(R),8-16 ft.,13,108,84,1,0,20220131,ATL,TOR,22100767569,|1627783|1627832|1628384|1629018|1630567,0,REG,,,2022,1628384,-1.0,SF,Wing Stopper,1.03,MISS Hunter 14' Pullup Jump Shot,,,,ATL,1610612737.0,
Shot Chart Detail,22100767,576,0,Opponent,1610612761,Toronto Raptors,4,0,18,Missed Shot,Jump Shot,,Left Corner 3,Left Side(L),24+ ft.,23,-234,10,1,0,20220131,ATL,TOR,22100767576,|1627783|1627832|1628384|1629018|1630567,0,REG,,,2022,1627783,-4.0,PF,Helper,0.72,MISS Bogdanovic 3PT Jump Shot,,,,ATL,1610612737.0,
Shot Chart Detail,22100767,588,0,Opponent,1610612761,Toronto Raptors,4,0,10,Missed Shot,Jump Shot,,Above the Break 3,Center(C),24+ ft.,25,60,250,1,0,20220131,ATL,TOR,22100767588,|1627783|1627832|1628384|1629018|1630567,0,REG,,,2022,1627832,-4.0,PG,Point of Attack,0.9,MISS Collins 26' 3PT Jump Shot,,,,ATL,1610612737.0,
Shot Chart Detail,22100767,594,0,Opponent,1610612761,Toronto Raptors,4,0,2,Missed Shot,Pullup Jump shot,,Above the Break 3,Left Side Center(LC),24+ ft.,27,-148,237,1,0,20220131,ATL,TOR,22100767594,|1627783|1627832|1628384|1629018|1630567,0,REG,,,2022,1630567,-6.0,PF,Helper,0.63,MISS Huerter 28' 3PT Pullup Jump Shot,,,,ATL,1610612737.0,
Shot Chart Detail,22100784,7,0,Opponent,1610612761,Toronto Raptors,1,11,38,Made Shot,Pullup Jump shot,,Mid-Range,Right Side(R),8-16 ft.,14,145,34,1,1,20220201,TOR,MIA,221007847,|1627783|1627832|1628384|1629018|1630567,1,REG,,,2022,1628384,2.0,SF,Wing Stopper,1.03,Butler 15' Pullup Jump Shot (2 PTS) (Robinson 1 AST),,,,MIA,1610612748.0,1629130.0
Shot Chart Detail,22100784,11,0,Opponent,1610612761,Toronto Raptors,1,10,55,Made Shot,Turnaround Hook Shot,,In The Paint (Non-RA),Center(C),8-16 ft.,8,-38,79,1,1,20220201,TOR,MIA,2210078411,|1627783|1627832|1628384|1629018|1630567,1,REG,,,2022,1630567,4.0,PF,Helper,0.63,Adebayo 9' Turnaround Hook Shot (2 PTS) (Butler 1 AST),,,,MIA,1610612748.0,202710.0
Shot Chart Detail,22100784,23,0,Opponent,1610612761,Toronto Raptors,1,9,49,Made Shot,Jump Shot,,Above the Break 3,Right Side Center(RC),24+ ft.,25,189,176,1,1,20220201,TOR,MIA,2210078423,|1627783|1627832|1628384|1629018|1630567,1,REG,,,2022,1629018,7.0,SG,Chaser,0.19,Robinson 26' 3PT Jump Shot (3 PTS) (Tucker 1 AST),,,,MIA,1610612748.0,200782.0
Shot Chart Detail,22100784,26,0,Opponent,1610612761,Toronto Raptors,1,9,17,Made Shot,Cutting Layup Shot,,Restricted Area,Center(C),Less Than 8 ft.,2,-11,19,1,1,20220201,TOR,MIA,2210078426,|1627783|1627832|1628384|1629018|1630567,1,REG,,,2022,1627783,7.0,PF,Helper,0.72,Tucker 2' Cutting Layup Shot (2 PTS) (Vincent 1 AST),,,,MIA,1610612748.0,1629216.0
Shot Chart Detail,22100784,33,0,Opponent,1610612761,Toronto Raptors,1,8,46,Made Shot,Cutting Layup Shot,,Restricted Area,Center(C),Less Than 8 ft.,3,27,15,1,1,20220201,TOR,MIA,2210078433,|1627783|1627832|1628384|1629018|1630567,1,REG,,,2022,1630567,7.0,PF,Helper,0.63,Adebayo 3' Cutting Layup Shot (6 PTS) (Robinson 2 AST),,,,MIA,1610612748.0,1629130.0
Shot Chart Detail,22100784,52,0,Opponent,1610612761,Toronto Raptors,1,7,19,Missed Shot,Driving Finger Roll Layup Shot,,In The Paint (Non-RA),Center(C),Less Than 8 ft.,7,10,72,1,0,20220201,TOR,MIA,2210078452,|1627832|1628384|1628449|1629018|1630567,0,REG,,,2022,1627832|1629018,8.0,,,,,,,,MIA,1610612748.0,
Shot Chart Detail,22100784,58,0,Opponent,1610612761,Toronto Raptors,1,6,54,Made Shot,Turnaround Hook Shot,,In The Paint (Non-RA),Center(C),Less Than 8 ft.,4,-11,41,1,1,20220201,TOR,MIA,2210078458,|1627832|1628384|1628449|1629018|1630567,1,REG,,,2022,1628449,8.0,SF,Helper,0.4,Adebayo 4' Turnaround Hook Shot (9 PTS) (Tucker 2 AST),,,,MIA,1610612748.0,200782.0
Shot Chart Detail,22100784,62,0,Opponent,1610612761,Toronto Raptors,1,6,21,Missed Shot,Driving Reverse Layup Shot,,Restricted Area,Center(C),Less Than 8 ft.,2,11,19,1,0,20220201,TOR,MIA,2210078462,|1627832|1628384|1628449|1629018|1630567,0,REG,,,2022,1628449|1628384,8.0,,,,,,,,MIA,1610612748.0,
Shot Chart Detail,22100784,73,0,Opponent,1610612761,Toronto Raptors,1,5,30,Missed Shot,Jump Shot,,Left Corner 3,Left Side(L),24+ ft.,23,-229,24,1,0,20220201,TOR,MIA,2210078473,|1627832|1628384|1628449|1629018|1630567,0,REG,,,2022,1628384,10.0,SF,Wing Stopper,1.03,MISS Robinson 3PT Jump Shot,,,,MIA,1610612748.0,
Shot Chart Detail,22100784,77,0,Opponent,1610612761,Toronto Raptors,1,5,11,Missed Shot,Running Finger Roll Layup Shot,,In The Paint (Non-RA),Center(C),Less Than 8 ft.,7,6,71,1,0,20220201,TOR,MIA,2210078477,|1627832|1628384|1628449|1629018|1630567,0,REG,,,2022,1629018,10.0,SG,Chaser,0.19,MISS Butler 7' Running Finger Roll Layup,,,,MIA,1610612748.0,
Shot Chart Detail,22100784,86,0,Opponent,1610612761,Toronto Raptors,1,4,32,Missed Shot,Turnaround Hook Shot,,In The Paint (Non-RA),Center(C),8-16 ft.,12,27,125,1,0,20220201,TOR,MIA,2210078486,|1627832|1628449|1629018|1630173|1630567,0,REG,,,2022,1630567,8.0,PF,Helper,0.63,MISS Adebayo 13' Turnaround Hook Shot,,,,MIA,1610612748.0,
Shot Chart Detail,22100784,102,0,Opponent,1610612761,Toronto Raptors,1,3,47,Missed Shot,Hook Shot,,Restricted Area,Center(C),Less Than 8 ft.,2,-11,19,1,0,20220201,TOR,MIA,22100784102,|1627832|1628449|1629018|1630173|1630567,0,REG,,,2022,1627832,8.0,PG,Point of Attack,0.9,MISS Tucker 2' Hook Shot,,,,MIA,1610612748.0,
Shot Chart Detail,22100784,104,0,Opponent,1610612761,Toronto Raptors,1,3,43,Made Shot,Tip Layup Shot,,Restricted Area,Center(C),Less Than 8 ft.,0,0,0,1,1,20220201,TOR,MIA,22100784104,|1627832|1628449|1629018|1630173|1630567,0,REG,,,2022,1630173,10.0,C,Mobile Big,0.24,Dedmon Tip Layup Shot (2 PTS),,,,MIA,1610612748.0,
Shot Chart Detail,22100784,106,0,Opponent,1610612761,Toronto Raptors,1,3,17,Made Shot,Driving Hook Shot,,In The Paint (Non-RA),Center(C),Less Than 8 ft.,7,18,69,1,1,20220201,TOR,MIA,22100784106,|1627832|1628449|1629018|1630173|1630567,0,REG,,,2022,1630173,10.0,C,Mobile Big,0.24,Herro 7' Driving Hook Shot (2 PTS),,,,MIA,1610612748.0,
Shot Chart Detail,22100784,109,0,Opponent,1610612761,Toronto Raptors,1,2,58,Made Shot,Floating Jump shot,,In The Paint (Non-RA),Center(C),Less Than 8 ft.,7,-29,66,1,1,20220201,TOR,MIA,22100784109,|1627832|1628449|1629018|1630173|1630567,1,REG,,,2022,1629018,12.0,SG,Chaser,0.19,Tucker 7' Floating Jump Shot (4 PTS) (Herro 1 AST),,,,MIA,1610612748.0,1629639.0
Shot Chart Detail,22100784,126,0,Opponent,1610612761,Toronto Raptors,1,2,1,Made Shot,Step Back Jump shot,,Left Corner 3,Left Side(L),24+ ft.,24,-237,50,1,1,20220201,TOR,MIA,22100784126,|1627832|1628384|1630173|1630551|1630567,1,REG,,,2022,1630551,12.0,SF,Helper,-0.61,Strus 24' 3PT Step Back Jump Shot (3 PTS) (Butler 2 AST),,,,MIA,1610612748.0,202710.0
Shot Chart Detail,22100784,131,0,Opponent,1610612761,Toronto Raptors,1,1,16,Missed Shot,Jump Shot,,Above the Break 3,Center(C),24+ ft.,25,55,252,1,0,20220201,TOR,MIA,22100784131,|1627832|1628384|1630173|1630551|1630567,0,REG,,,2022,1630567,10.0,PF,Helper,0.63,MISS Strus 26' 3PT Jump Shot,,,,MIA,1610612748.0,
Shot Chart Detail,22100784,133,0,Opponent,1610612761,Toronto Raptors,1,1,9,Missed Shot,Jump Shot,,Above the Break 3,Right Side Center(RC),24+ ft.,26,213,151,1,0,20220201,TOR,MIA,22100784133,|1627832|1628384|1630173|1630551|1630567,0,REG,,,2022,1630551,10.0,SF,Helper,-0.61,MISS Martin 26' 3PT Jump Shot,,,,MIA,1610612748.0,
Shot Chart Detail,22100784,140,0,Opponent,1610612761,Toronto Raptors,1,0,51,Made Shot,Step Back Jump shot,,Mid-Range,Left Side(L),8-16 ft.,15,-145,46,1,1,20220201,TOR,MIA,22100784140,|1627832|1628384|1630173|1630551|1630567,0,REG,,,2022,1630173|1630567,12.0,,,,,,,,MIA,1610612748.0,
Shot Chart Detail,22100784,152,0,Opponent,1610612761,Toronto Raptors,1,0,0,Missed Shot,Running Pull-Up Jump Shot,,Above the Break 3,Right Side Center(RC),24+ ft.,30,135,272,1,0,20220201,TOR,MIA,22100784152,|1627832|1628384|1629018|1630173|1630567,0,REG,,,2022,1627832,10.0,PG,Point of Attack,0.9,MISS Dedmon 30' 3PT Running Pull-Up Jump Shot,,,,MIA,1610612748.0,
Shot Chart Detail,22100784,164,0,Opponent,1610612761,Toronto Raptors,2,11,28,Made Shot,Driving Floating Bank Jump Shot,,Mid-Range,Left Side(L),8-16 ft.,9,-89,26,1,1,20220201,TOR,MIA,22100784164,|1627783|1628449|1629018|1630173|1630625,0,REG,,,2022,1629018,10.0,SG,Chaser,0.19,Herro 9' Driving Floating Bank Jump Shot (6 PTS),,,,MIA,1610612748.0,
Shot Chart Detail,22100784,196,0,Opponent,1610612761,Toronto Raptors,2,9,27,Made Shot,Cutting Finger Roll Layup Shot,,Restricted Area,Center(C),Less Than 8 ft.,3,0,31,1,1,20220201,TOR,MIA,22100784196,|1627783|1628449|1629018|1630173|1630625,1,REG,,,2022,1630625,11.0,PG,Chaser,0.27,Martin 3' Cutting Finger Roll Layup Shot (2 PTS) (Herro 2 AST),,,,MIA,1610612748.0,1629639.0
Shot Chart Detail,22100784,201,0,Opponent,1610612761,Toronto Raptors,2,8,47,Made Shot,Jump Shot,,Right Corner 3,Right Side(R),24+ ft.,24,239,35,1,1,20220201,TOR,MIA,22100784201,|1627783|1628449|1629018|1630173|1630625,1,REG,,,2022,1628449,12.0,SF,Helper,0.4,Strus 24' 3PT Jump Shot (6 PTS) (Herro 3 AST),,,,MIA,1610612748.0,1629639.0
Shot Chart Detail,22100784,227,0,Opponent,1610612761,Toronto Raptors,2,6,54,Made Shot,Jump Shot,,Above the Break 3,Left Side Center(LC),24+ ft.,25,-99,235,1,1,20220201,TOR,MIA,22100784227,|1627783|1628384|1629018|1630173|1630567,1,REG,,,2022,1630567,9.0,PF,Helper,0.63,Strus 26' 3PT Jump Shot (9 PTS) (Herro 4 AST),,,,MIA,1610612748.0,1629639.0
Shot Chart Detail,22100784,231,0,Opponent,1610612761,Toronto Raptors,2,6,29,Made Shot,Driving Layup Shot,,In The Paint (Non-RA),Center(C),Less Than 8 ft.,5,56,20,1,1,20220201,TOR,MIA,22100784231,|1627783|1628384|1629018|1630173|1630567,0,REG,,,2022,1630567,11.0,PF,Helper,0.63,Butler 6' Driving Layup (7 PTS),,,,MIA,1610612748.0,
Shot Chart Detail,22100784,239,0,Opponent,1610612761,Toronto Raptors,2,5,54,Missed Shot,Driving Reverse Layup Shot,,Restricted Area,Center(C),Less Than 8 ft.,3,-23,20,1,0,20220201,TOR,MIA,22100784239,|1627783|1627832|1628384|1629018|1630567,0,REG,,,2022,1627783|1630567,10.0,,,,,,,,MIA,1610612748.0,
Shot Chart Detail,22100784,244,0,Opponent,1610612761,Toronto Raptors,2,5,31,Made Shot,Pullup Jump shot,,Mid-Range,Right Side(R),8-16 ft.,14,148,11,1,1,20220201,TOR,MIA,22100784244,|1627783|1627832|1628384|1629018|1630567,1,REG,,,2022,1628384,12.0,SF,Wing Stopper,1.03,Adebayo 15' Pullup Jump Shot (11 PTS) (Butler 3 AST),,,,MIA,1610612748.0,202710.0
Shot Chart Detail,22100784,248,0,Opponent,1610612761,Toronto Raptors,2,4,58,Missed Shot,Running Jump Shot,,Above the Break 3,Right Side Center(RC),24+ ft.,26,190,188,1,0,20220201,TOR,MIA,22100784248,|1627783|1627832|1628384|1629018|1630567,0,REG,,,2022,1630567,12.0,PF,Helper,0.63,MISS Strus 27' 3PT Running Jump Shot,,,,MIA,1610612748.0,
Shot Chart Detail,22100784,254,0,Opponent,1610612761,Toronto Raptors,2,4,32,Made Shot,Jump Shot,,Above the Break 3,Right Side Center(RC),24+ ft.,25,192,171,1,1,20220201,TOR,MIA,22100784254,|1627783|1627832|1628384|1629018|1630567,1,REG,,,2022,1628384,13.0,SF,Wing Stopper,1.03,Herro 26' 3PT Jump Shot (9 PTS) (Tucker 3 AST),,,,MIA,1610612748.0,200782.0
Shot Chart Detail,22100784,258,0,Opponent,1610612761,Toronto Raptors,2,4,7,Missed Shot,Driving Floating Jump Shot,,In The Paint (Non-RA),Center(C),Less Than 8 ft.,7,-22,75,1,0,20220201,TOR,MIA,22100784258,|1627783|1627832|1628384|1629018|1630567,0,REG,,,2022,1627783|1630567,10.0,,,,,,,,MIA,1610612748.0,
Shot Chart Detail,22100784,262,0,Opponent,1610612761,Toronto Raptors,2,3,53,Made Shot,Running Alley Oop Dunk Shot,,Restricted Area,Center(C),Less Than 8 ft.,1,6,13,1,1,20220201,TOR,MIA,22100784262,|1627783|1627832|1628384|1629018|1630567,1,REG,,,2022,1628384,12.0,SF,Wing Stopper,1.03,Adebayo 1' Running Alley Oop Dunk Shot (13 PTS) (Butler 4 AST),,,,MIA,1610612748.0,202710.0
Shot Chart Detail,22100784,272,0,Opponent,1610612761,Toronto Raptors,2,3,9,Missed Shot,Pullup Jump shot,,Mid-Range,Right Side(R),16-24 ft.,21,194,82,1,0,20220201,TOR,MIA,22100784272,|1627832|1628449|1629018|1630551|1630567,0,REG,,,2022,1628449,10.0,SF,Helper,0.4,MISS Vincent 21' Pullup Jump Shot,,,,MIA,1610612748.0,
Shot Chart Detail,22100784,276,0,Opponent,1610612761,Toronto Raptors,2,2,25,Missed Shot,Jump Shot,,Right Corner 3,Right Side(R),24+ ft.,22,227,8,1,0,20220201,TOR,MIA,22100784276,|1627832|1628449|1629018|1630551|1630567,0,REG,,,2022,1629018,7.0,SG,Chaser,0.19,MISS Tucker 3PT Jump Shot,,,,MIA,1610612748.0,
Shot Chart Detail,22100784,280,0,Opponent,1610612761,Toronto Raptors,2,2,4,Missed Shot,Jump Shot,,Above the Break 3,Right Side Center(RC),24+ ft.,26,190,185,1,0,20220201,TOR,MIA,22100784280,|1627832|1628449|1629018|1630551|1630567,0,REG,,,2022,1630551,7.0,SF,Helper,-0.61,MISS Strus 27' 3PT Jump Shot,,,,MIA,1610612748.0,
Shot Chart Detail,22100784,290,0,Opponent,1610612761,Toronto Raptors,2,1,13,Made Shot,Running Alley Oop Dunk Shot,,Restricted Area,Center(C),Less Than 8 ft.,0,1,9,1,1,20220201,TOR,MIA,22100784290,|1627832|1628449|1629018|1630551|1630567,1,REG,,,2022,1629018,11.0,SG,Chaser,0.19,Adebayo 1' Running Alley Oop Dunk Shot (17 PTS) (Butler 5 AST),,,,MIA,1610612748.0,202710.0
Shot Chart Detail,22100784,298,0,Opponent,1610612761,Toronto Raptors,2,0,34,Missed Shot,Step Back Jump shot,,Above the Break 3,Right Side Center(RC),24+ ft.,25,208,142,1,0,20220201,TOR,MIA,22100784298,|1627832|1628384|1628449|1629018|1630567,0,REG,,,2022,1628384,9.0,SF,Wing Stopper,1.03,MISS Butler 25' 3PT Step Back Jump Shot,,,,MIA,1610612748.0,
Shot Chart Detail,22100784,300,0,Opponent,1610612761,Toronto Raptors,2,0,25,Made Shot,Driving Finger Roll Layup Shot,,In The Paint (Non-RA),Center(C),Less Than 8 ft.,4,-5,47,1,1,20220201,TOR,MIA,22100784300,|1627832|1628384|1628449|1629018|1630567,1,REG,,,2022,1628449,11.0,SF,Helper,0.4,Adebayo 5' Driving Finger Roll Layup (19 PTS) (Butler 6 AST),,,,MIA,1610612748.0,202710.0
Shot Chart Detail,22100784,304,0,Opponent,1610612761,Toronto Raptors,2,0,0,Made Shot,Driving Floating Bank Jump Shot,,Above the Break 3,Center(C),24+ ft.,25,-3,254,1,1,20220201,TOR,MIA,22100784304,|1627832|1628384|1628449|1629018|1630567,0,REG,,,2022,1629018|1630567,12.0,,,,,,,,MIA,1610612748.0,
Shot Chart Detail,22100784,313,0,Opponent,1610612761,Toronto Raptors,3,11,34,Missed Shot,Jump Shot,,Above the Break 3,Right Side Center(RC),24+ ft.,25,169,195,1,0,20220201,TOR,MIA,22100784313,|1627783|1627832|1628384|1629018|1630567,0,REG,,,2022,1627783,12.0,PF,Helper,0.72,MISS Vincent 26' 3PT Jump Shot,,,,MIA,1610612748.0,
Shot Chart Detail,22100784,317,0,Opponent,1610612761,Toronto Raptors,3,11,20,Missed Shot,Pullup Jump shot,,Above the Break 3,Left Side Center(LC),24+ ft.,28,-154,237,1,0,20220201,TOR,MIA,22100784317,|1627783|1627832|1628384|1629018|1630567,0,REG,,,2022,1630567,12.0,PF,Helper,0.63,MISS Adebayo 28' 3PT Pullup Jump Shot,,,,MIA,1610612748.0,
Shot Chart Detail,22100784,321,0,Opponent,1610612761,Toronto Raptors,3,10,56,Made Shot,Jump Shot,,Left Corner 3,Left Side(L),24+ ft.,23,-232,21,1,1,20220201,TOR,MIA,22100784321,|1627783|1627832|1628384|1629018|1630567,1,REG,,,2022,,,,,,,,,,MIA,1610612748.0,202710.0
Shot Chart Detail,22100784,324,0,Opponent,1610612761,Toronto Raptors,3,10,17,Made Shot,Alley Oop Layup shot,,Restricted Area,Center(C),Less Than 8 ft.,2,-27,11,1,1,20220201,TOR,MIA,22100784324,|1627783|1627832|1628384|1629018|1630567,1,REG,,,2022,1627783,14.0,PF,Helper,0.72,Butler 3' Alley Oop Layup (10 PTS) (Vincent 2 AST),,,,MIA,1610612748.0,1629216.0
Shot Chart Detail,22100784,332,0,Opponent,1610612761,Toronto Raptors,3,9,23,Missed Shot,Cutting Layup Shot,,Restricted Area,Center(C),Less Than 8 ft.,3,38,12,1,0,20220201,TOR,MIA,22100784332,|1627783|1627832|1628384|1629018|1630567,0,REG,,,2022,1629018,11.0,SG,Chaser,0.19,MISS Tucker 4' Cutting Layup Shot,,,,MIA,1610612748.0,
Shot Chart Detail,22100784,343,0,Opponent,1610612761,Toronto Raptors,3,8,47,Missed Shot,Jump Shot,,Above the Break 3,Right Side Center(RC),24+ ft.,25,165,199,1,0,20220201,TOR,MIA,22100784343,|1627783|1627832|1628384|1629018|1630567,0,REG,,,2022,1630567,12.0,PF,Helper,0.63,MISS Robinson 26' 3PT Jump Shot,,,,MIA,1610612748.0,
Shot Chart Detail,22100784,353,0,Opponent,1610612761,Toronto Raptors,3,8,10,Missed Shot,Jump Shot,,Above the Break 3,Right Side Center(RC),24+ ft.,26,153,212,1,0,20220201,TOR,MIA,22100784353,|1627783|1627832|1628384|1629018|1630567,0,REG,,,2022,1629018,9.0,SG,Chaser,0.19,MISS Robinson 26' 3PT Jump Shot,,,,MIA,1610612748.0,
Shot Chart Detail,22100784,364,0,Opponent,1610612761,Toronto Raptors,3,7,39,Missed Shot,Step Back Jump shot,,Above the Break 3,Left Side Center(LC),24+ ft.,28,-132,248,1,0,20220201,TOR,MIA,22100784364,|1627783|1627832|1628384|1629018|1630567,0,REG,,,2022,1628384,4.0,SF,Wing Stopper,1.03,MISS Vincent 28' 3PT Step Back Jump Shot,,,,MIA,1610612748.0,
Shot Chart Detail,22100784,368,0,Opponent,1610612761,Toronto Raptors,3,7,27,Missed Shot,Driving Layup Shot,,Restricted Area,Center(C),Less Than 8 ft.,3,-26,18,1,0,20220201,TOR,MIA,22100784368,|1627783|1627832|1628384|1629018|1630567,0,REG,,,2022,1628384,4.0,SF,Wing Stopper,1.03,MISS Butler 3' Driving Layup,,,,MIA,1610612748.0,
Shot Chart Detail,22100784,370,0,Opponent,1610612761,Toronto Raptors,3,7,23,Made Shot,Tip Layup Shot,,Restricted Area,Center(C),Less Than 8 ft.,0,0,0,1,1,20220201,TOR,MIA,22100784370,|1627783|1627832|1628384|1629018|1630567,0,REG,,,2022,1628384,6.0,SF,Wing Stopper,1.03,Adebayo Tip Layup Shot (21 PTS),,,,MIA,1610612748.0,
Shot Chart Detail,22100784,375,0,Opponent,1610612761,Toronto Raptors,3,6,55,Missed Shot,Jump Shot,,Mid-Range,Center(C),16-24 ft.,18,-55,178,1,0,20220201,TOR,MIA,22100784375,|1627783|1627832|1628384|1629018|1630567,0,REG,,,2022,1630567,4.0,PF,Helper,0.63,MISS Adebayo 19' Jump Shot,,,,MIA,1610612748.0,
Shot Chart Detail,22100784,379,0,Opponent,1610612761,Toronto Raptors,3,6,33,Missed Shot,Jump Shot,,Right Corner 3,Right Side(R),24+ ft.,22,229,8,1,0,20220201,TOR,MIA,22100784379,|1627783|1627832|1628384|1629018|1630567,0,REG,,,2022,1627783,4.0,PF,Helper,0.72,MISS Tucker 3PT Jump Shot,,,,MIA,1610612748.0,
Shot Chart Detail,22100784,381,0,Opponent,1610612761,Toronto Raptors,3,6,31,Made Shot,Putback Layup Shot,,Restricted Area,Center(C),Less Than 8 ft.,1,12,10,1,1,20220201,TOR,MIA,22100784381,|1627783|1627832|1628384|1629018|1630567,0,REG,,,2022,1627832|1628384,6.0,,,,,,,,MIA,1610612748.0,
Shot Chart Detail,22100784,388,0,Opponent,1610612761,Toronto Raptors,3,5,59,Missed Shot,Jump Shot,,Left Corner 3,Left Side(L),24+ ft.,23,-230,-1,1,0,20220201,TOR,MIA,22100784388,|1627783|1627832|1628384|1629018|1630567,0,REG,,,2022,1628384,7.0,SF,Wing Stopper,1.03,MISS Butler 3PT Jump Shot,,,,MIA,1610612748.0,
Shot Chart Detail,22100784,401,0,Opponent,1610612761,Toronto Raptors,3,5,20,Missed Shot,Jump Shot,,Above the Break 3,Center(C),24+ ft.,24,44,246,1,0,20220201,TOR,MIA,22100784401,|1627783|1627832|1628449|1629018|1630567,0,REG,,,2022,1627783,6.0,PF,Helper,0.72,MISS Robinson 25' 3PT Jump Shot,,,,MIA,1610612748.0,
Shot Chart Detail,22100784,409,0,Opponent,1610612761,Toronto Raptors,3,5,0,Missed Shot,Jump Shot,,Right Corner 3,Right Side(R),24+ ft.,23,237,28,1,0,20220201,TOR,MIA,22100784409,|1627783|1627832|1628449|1629018|1630567,0,REG,,,2022,1629018,4.0,SG,Chaser,0.19,MISS Herro 24' 3PT Jump Shot,,,,MIA,1610612748.0,
Shot Chart Detail,22100784,431,0,Opponent,1610612761,Toronto Raptors,3,3,44,Made Shot,Floating Jump shot,,In The Paint (Non-RA),Center(C),Less Than 8 ft.,5,12,58,1,1,20220201,TOR,MIA,22100784431,|1627783|1627832|1628449|1629018|1630567,1,REG,,,2022,1628449|1627783,6.0,,,,,,,,MIA,1610612748.0,202710.0
Shot Chart Detail,22100784,434,0,Opponent,1610612761,Toronto Raptors,3,2,55,Missed Shot,Jump Shot,,Above the Break 3,Right Side Center(RC),24+ ft.,25,105,231,1,0,20220201,TOR,MIA,22100784434,|1627783|1627832|1628449|1629018|1630567,0,REG,,,2022,1627783,3.0,PF,Helper,0.72,MISS Herro 25' 3PT Jump Shot,,,,MIA,1610612748.0,
Shot Chart Detail,22100784,446,0,Opponent,1610612761,Toronto Raptors,3,2,24,Made Shot,Reverse Layup Shot,,Restricted Area,Center(C),Less Than 8 ft.,0,-1,4,1,1,20220201,TOR,MIA,22100784446,|1627783|1627832|1628384|1629018|1630173,1,REG,,,2022,1629018,4.0,SG,Chaser,0.19,Martin Reverse Layup (5 PTS) (Butler 9 AST),,,,MIA,1610612748.0,202710.0
Shot Chart Detail,22100784,452,0,Opponent,1610612761,Toronto Raptors,3,1,51,Missed Shot,Running Jump Shot,,Above the Break 3,Left Side Center(LC),24+ ft.,28,-153,238,1,0,20220201,TOR,MIA,22100784452,|1627783|1627832|1628384|1629018|1630173,0,REG,,,2022,1629018,4.0,SG,Chaser,0.19,MISS Herro 28' 3PT Running Jump Shot,,,,MIA,1610612748.0,
Shot Chart Detail,22100784,461,0,Opponent,1610612761,Toronto Raptors,3,1,23,Made Shot,Floating Jump shot,,In The Paint (Non-RA),Center(C),8-16 ft.,9,-22,97,1,1,20220201,TOR,MIA,22100784461,|1627832|1628384|1628449|1629018|1630173,1,REG,,,2022,1627832,5.0,PG,Point of Attack,0.9,Martin 10' Floating Jump Shot (7 PTS) (Butler 10 AST),,,,MIA,1610612748.0,202710.0
Shot Chart Detail,22100784,479,0,Opponent,1610612761,Toronto Raptors,3,0,2,Missed Shot,Pullup Jump shot,,Mid-Range,Right Side Center(RC),16-24 ft.,20,141,151,1,0,20220201,TOR,MIA,22100784479,|1627832|1628384|1628449|1629018|1630173,0,REG,,,2022,1628384,3.0,SF,Wing Stopper,1.03,MISS Martin 21' Pullup Jump Shot,,,,MIA,1610612748.0,
Shot Chart Detail,22100784,493,0,Opponent,1610612761,Toronto Raptors,4,11,39,Missed Shot,Pullup Jump shot,,Mid-Range,Right Side(R),8-16 ft.,13,135,36,1,0,20220201,TOR,MIA,22100784493,|1627783|1628384|1630173|1630567|1630625,0,REG,,,2022,1628384|1630173,3.0,,,,,,,,MIA,1610612748.0,
Shot Chart Detail,22100784,501,0,Opponent,1610612761,Toronto Raptors,4,11,2,Made Shot,Driving Reverse Layup Shot,,Restricted Area,Center(C),Less Than 8 ft.,1,10,13,1,1,20220201,TOR,MIA,22100784501,|1627783|1628384|1630173|1630567|1630625,1,REG,,,2022,1628384,5.0,SF,Wing Stopper,1.03,Tucker 2' Driving Reverse Layup (10 PTS) (Herro 5 AST),,,,MIA,1610612748.0,1629639.0
Shot Chart Detail,22100784,505,0,Opponent,1610612761,Toronto Raptors,4,10,25,Missed Shot,Pullup Jump shot,,Above the Break 3,Right Side Center(RC),24+ ft.,27,123,242,1,0,20220201,TOR,MIA,22100784505,|1627783|1628384|1630173|1630567|1630625,0,REG,,,2022,1627783,3.0,PF,Helper,0.72,MISS Vincent 27' 3PT Pullup Jump Shot,,,,MIA,1610612748.0,
Shot Chart Detail,22100784,515,0,Opponent,1610612761,Toronto Raptors,4,9,50,Missed Shot,Driving Floating Bank Jump Shot,,In The Paint (Non-RA),Right Side(R),8-16 ft.,8,53,60,1,0,20220201,TOR,MIA,22100784515,|1627783|1628384|1630173|1630567|1630625,0,REG,,,2022,1630625,0.0,PG,Chaser,0.27,MISS Butler 8' Driving Floating Bank Jump Shot,,,,MIA,1610612748.0,
Shot Chart Detail,22100784,531,0,Opponent,1610612761,Toronto Raptors,4,8,36,Made Shot,Driving Layup Shot,,Restricted Area,Center(C),Less Than 8 ft.,2,21,11,1,1,20220201,TOR,MIA,22100784531,|1627783|1628384|1630173|1630567|1630625,1,REG,,,2022,1630173,-3.0,C,Mobile Big,0.24,Adebayo 2' Driving Layup (26 PTS) (Butler 11 AST),,,,MIA,1610612748.0,202710.0
Shot Chart Detail,22100784,535,0,Opponent,1610612761,Toronto Raptors,4,8,20,Made Shot,Running Dunk Shot,,Restricted Area,Center(C),Less Than 8 ft.,0,0,-1,1,1,20220201,TOR,MIA,22100784535,|1627783|1628384|1630173|1630567|1630625,0,REG,,,2022,1628384|1630173,-1.0,,,,,,,,MIA,1610612748.0,
Shot Chart Detail,22100784,543,0,Opponent,1610612761,Toronto Raptors,4,7,35,Made Shot,Reverse Layup Shot,,Restricted Area,Center(C),Less Than 8 ft.,1,11,4,1,1,20220201,TOR,MIA,22100784543,|1627783|1627832|1628384|1630173|1630567,1,REG,,,2022,1627783,1.0,PF,Helper,0.72,Tucker 1' Reverse Layup (12 PTS) (Adebayo 1 AST),,,,MIA,1610612748.0,1628389.0
Shot Chart Detail,22100784,546,0,Opponent,1610612761,Toronto Raptors,4,7,7,Missed Shot,Driving Layup Shot,,In The Paint (Non-RA),Center(C),Less Than 8 ft.,4,-47,17,1,0,20220201,TOR,MIA,22100784546,|1627783|1627832|1628384|1630173|1630567,0,REG,,,2022,1630173,-1.0,C,Mobile Big,0.24,Achiuwa BLOCK (1 BLK),,,,MIA,1610612748.0,
Shot Chart Detail,22100784,564,0,Opponent,1610612761,Toronto Raptors,4,6,2,Missed Shot,Driving Floating Jump Shot,,In The Paint (Non-RA),Center(C),Less Than 8 ft.,4,-2,44,1,0,20220201,TOR,MIA,22100784564,|1627783|1627832|1628384|1629018|1630567,0,REG,,,2022,1627783,1.0,PF,Helper,0.72,MISS Tucker 4' Driving Floating Jump Shot,,,,MIA,1610612748.0,
Shot Chart Detail,22100784,569,0,Opponent,1610612761,Toronto Raptors,4,5,27,Missed Shot,Step Back Jump shot,,Mid-Range,Right Side(R),16-24 ft.,19,191,22,1,0,20220201,TOR,MIA,22100784569,|1627783|1627832|1628384|1629018|1630567,0,REG,,,2022,1627783,-2.0,PF,Helper,0.72,MISS Martin 19' Step Back Jump Shot,,,,MIA,1610612748.0,
Shot Chart Detail,22100784,589,0,Opponent,1610612761,Toronto Raptors,4,3,55,Made Shot,Jump Shot,,Above the Break 3,Right Side Center(RC),24+ ft.,24,210,123,1,1,20220201,TOR,MIA,22100784589,|1627783|1627832|1628384|1629018|1630567,1,REG,,,2022,1629018,-2.0,SG,Chaser,0.19,Herro 24' 3PT Jump Shot (14 PTS) (Butler 12 AST),,,,MIA,1610612748.0,202710.0
Shot Chart Detail,22100784,608,0,Opponent,1610612761,Toronto Raptors,4,2,44,Made Shot,Driving Dunk Shot,,Restricted Area,Center(C),Less Than 8 ft.,1,7,10,1,1,20220201,TOR,MIA,22100784608,|1627783|1627832|1628384|1629018|1630567,0,REG,,,2022,1630567,-6.0,PF,Helper,0.63,Adebayo 1' Driving Dunk (30 PTS),,,,MIA,1610612748.0,
Shot Chart Detail,22100784,611,0,Opponent,1610612761,Toronto Raptors,4,1,57,Missed Shot,Turnaround Fadeaway shot,,In The Paint (Non-RA),Center(C),8-16 ft.,11,-27,107,1,0,20220201,TOR,MIA,22100784611,|1627783|1627832|1628384|1629018|1630567,0,REG,,,2022,1627783,-6.0,PF,Helper,0.72,MISS Adebayo 11' Turnaround Fadeaway Shot,,,,MIA,1610612748.0,
Shot Chart Detail,22100784,616,0,Opponent,1610612761,Toronto Raptors,4,1,36,Made Shot,Driving Layup Shot,,Restricted Area,Center(C),Less Than 8 ft.,0,-5,4,1,1,20220201,TOR,MIA,22100784616,|1627783|1627832|1628384|1629018|1630567,0,REG,,,2022,1630567,-6.0,PF,Helper,0.63,Adebayo 1' Driving Layup (32 PTS),,,,MIA,1610612748.0,
Shot Chart Detail,22100784,623,0,Opponent,1610612761,Toronto Raptors,4,1,7,Missed Shot,Jump Shot,,Above the Break 3,Right Side Center(RC),24+ ft.,24,233,89,1,0,20220201,TOR,MIA,22100784623,|1627783|1627832|1628384|1629018|1630567,0,REG,,,2022,1627832,-6.0,PG,Point of Attack,0.9,VanVleet BLOCK (1 BLK),,,,MIA,1610612748.0,
Shot Chart Detail,22100784,629,0,Opponent,1610612761,Toronto Raptors,4,0,42,Made Shot,Running Layup Shot,,Restricted Area,Center(C),Less Than 8 ft.,2,-18,13,1,1,20220201,TOR,MIA,22100784629,|1627783|1627832|1628384|1629018|1630567,1,REG,,,2022,1627832|1630567,-4.0,,,,,,,,MIA,1610612748.0,1628389.0
Shot Chart Detail,22100784,633,0,Opponent,1610612761,Toronto Raptors,4,0,6,Made Shot,Driving Layup Shot,,Restricted Area,Center(C),Less Than 8 ft.,1,5,11,1,1,20220201,TOR,MIA,22100784633,|1627783|1627832|1628384|1629018|1630567,0,REG,,,2022,1628384,-2.0,SF,Wing Stopper,1.03,Herro 1' Driving Layup (18 PTS),,,,MIA,1610612748.0,
Shot Chart Detail,22100784,647,0,Opponent,1610612761,Toronto Raptors,4,0,4,Missed Shot,Floating Jump shot,,Above the Break 3,Center(C),24+ ft.,27,27,277,1,0,20220201,TOR,MIA,22100784647,|1627783|1627832|1628384|1629018|1630567,0,REG,,,2022,1627832,-4.0,PG,Point of Attack,0.9,MISS Strus 28' 3PT Floating Jump Shot,,,,MIA,1610612748.0,
Shot Chart Detail,22100430,22,0,Opponent,1610612761,Toronto Raptors,1,10,14,Made Shot,Jump Shot,,Above the Break 3,Center(C),24+ ft.,25,25,253,1,1,20220203,TOR,CHI,2210043022,|1627783|1627832|1628384|1629018|1630567,1,REG,,,2022,1630567,1.0,PF,Helper,0.63,Vucevic 25' 3PT Jump Shot (3 PTS) (LaVine 1 AST),,,,CHI,1610612741.0,203897.0
Shot Chart Detail,22100430,25,0,Opponent,1610612761,Toronto Raptors,1,9,44,Made Shot,Jump Shot,,Above the Break 3,Left Side Center(LC),24+ ft.,26,-145,220,1,1,20220203,TOR,CHI,2210043025,|1627783|1627832|1628384|1629018|1630567,1,REG,,,2022,1627832,2.0,PG,Point of Attack,0.9,Dosunmu 26' 3PT Jump Shot (3 PTS) (LaVine 2 AST),,,,CHI,1610612741.0,203897.0
Shot Chart Detail,22100430,38,0,Opponent,1610612761,Toronto Raptors,1,8,28,Missed Shot,Driving Layup Shot,,Restricted Area,Center(C),Less Than 8 ft.,1,-17,4,1,0,20220203,TOR,CHI,2210043038,|1627783|1627832|1628384|1629018|1630567,0,REG,,,2022,1628384,-1.0,SF,Wing Stopper,1.03,Anunoby BLOCK (1 BLK),,,,CHI,1610612741.0,
Shot Chart Detail,22100430,43,0,Opponent,1610612761,Toronto Raptors,1,7,56,Missed Shot,Jump Shot,,Above the Break 3,Right Side Center(RC),24+ ft.,26,103,239,1,0,20220203,TOR,CHI,2210043043,|1627783|1627832|1628384|1629018|1630567,0,REG,,,2022,1628384,-1.0,SF,Wing Stopper,1.03,MISS Green 26' 3PT Jump Shot,,,,CHI,1610612741.0,
Shot Chart Detail,22100430,48,0,Opponent,1610612761,Toronto Raptors,1,7,40,Made Shot,Running Dunk Shot,,Restricted Area,Center(C),Less Than 8 ft.,0,-2,0,1,1,20220203,TOR,CHI,2210043048,|1627783|1627832|1628384|1629018|1630567,1,REG,,,2022,1629018,1.0,SG,Chaser,0.19,LaVine Running Dunk (2 PTS) (Green 1 AST),,,,CHI,1610612741.0,1629750.0
Shot Chart Detail,22100430,54,0,Opponent,1610612761,Toronto Raptors,1,6,57,Missed Shot,Driving Hook Shot,,In The Paint (Non-RA),Center(C),Less Than 8 ft.,7,4,71,1,0,20220203,TOR,CHI,2210043054,|1627783|1627832|1628384|1629018|1630567,0,REG,,,2022,1630567,1.0,PF,Helper,0.63,MISS Vucevic 7' Driving Hook Shot,,,,CHI,1610612741.0,
Shot Chart Detail,22100430,72,0,Opponent,1610612761,Toronto Raptors,1,6,24,Missed Shot,Jump Shot,,Mid-Range,Left Side(L),16-24 ft.,18,-185,31,1,0,20220203,TOR,CHI,2210043072,|1627783|1627832|1628384|1629018|1630173,0,REG,,,2022,1630173,-2.0,C,Mobile Big,0.24,MISS Vucevic 19' Jump Shot,,,,CHI,1610612741.0,
Shot Chart Detail,22100430,88,0,Opponent,1610612761,Toronto Raptors,1,5,14,Missed Shot,Running Layup Shot,,Restricted Area,Center(C),Less Than 8 ft.,2,11,22,1,0,20220203,TOR,CHI,2210043088,|1627783|1627832|1628384|1629018|1630173,0,REG,,,2022,1627832,-3.0,PG,Point of Attack,0.9,MISS Dosunmu 2' Running Layup,,,,CHI,1610612741.0,
Shot Chart Detail,22100430,90,0,Opponent,1610612761,Toronto Raptors,1,5,9,Made Shot,Putback Dunk Shot,,Restricted Area,Center(C),Less Than 8 ft.,0,0,0,1,1,20220203,TOR,CHI,2210043090,|1627783|1627832|1628384|1629018|1630173,0,REG,,,2022,1630173,-1.0,C,Mobile Big,0.24,Vucevic Putback Dunk (5 PTS),,,,CHI,1610612741.0,
Shot Chart Detail,22100430,93,0,Opponent,1610612761,Toronto Raptors,1,4,32,Missed Shot,Jump Shot,,Above the Break 3,Center(C),24+ ft.,25,-43,256,1,0,20220203,TOR,CHI,2210043093,|1627783|1627832|1628384|1629018|1630173,0,REG,,,2022,1630173,-3.0,C,Mobile Big,0.24,MISS Dosunmu 26' 3PT Jump Shot,,,,CHI,1610612741.0,
Shot Chart Detail,22100430,97,0,Opponent,1610612761,Toronto Raptors,1,4,13,Made Shot,Driving Layup Shot,,Restricted Area,Center(C),Less Than 8 ft.,0,-5,4,1,1,20220203,TOR,CHI,2210043097,|1627783|1627832|1628384|1629018|1630173,0,REG,,,2022,1630173,-3.0,C,Mobile Big,0.24,LaVine 1' Driving Layup (5 PTS),,,,CHI,1610612741.0,
Shot Chart Detail,22100430,104,0,Opponent,1610612761,Toronto Raptors,1,3,34,Made Shot,Jump Shot,,Above the Break 3,Center(C),24+ ft.,26,70,252,1,1,20220203,TOR,CHI,22100430104,|1627783|1627832|1628449|1629018|1630173,1,REG,,,2022,1628449,0.0,SF,Helper,0.4,White 26' 3PT Jump Shot (3 PTS) (Dosunmu 1 AST),,,,CHI,1610612741.0,1630245.0
Shot Chart Detail,22100430,108,0,Opponent,1610612761,Toronto Raptors,1,3,6,Missed Shot,Jump Shot,,Above the Break 3,Center(C),24+ ft.,26,32,265,1,0,20220203,TOR,CHI,22100430108,|1627783|1627832|1628449|1629018|1630173,0,REG,,,2022,1627783,0.0,PF,Helper,0.72,MISS White 27' 3PT Jump Shot,,,,CHI,1610612741.0,
Shot Chart Detail,22100430,118,0,Opponent,1610612761,Toronto Raptors,1,2,26,Missed Shot,Jump Shot,,Right Corner 3,Right Side(R),24+ ft.,23,233,22,1,0,20220203,TOR,CHI,22100430118,|1627783|1627832|1628449|1629018|1630173,0,REG,,,2022,1627783,-2.0,PF,Helper,0.72,MISS Brown Jr. 3PT Jump Shot,,,,CHI,1610612741.0,
Shot Chart Detail,22100430,127,0,Opponent,1610612761,Toronto Raptors,1,1,55,Missed Shot,Jump Shot,,Left Corner 3,Left Side(L),24+ ft.,24,-234,55,1,0,20220203,TOR,CHI,22100430127,|1627832|1628384|1628449|1630173|1630567,0,REG,,,2022,1628449,-2.0,SF,Helper,0.4,MISS Brown Jr. 24' 3PT Jump Shot,,,,CHI,1610612741.0,
Shot Chart Detail,22100430,148,0,Opponent,1610612761,Toronto Raptors,1,0,43,Missed Shot,Pullup Jump shot,,In The Paint (Non-RA),Center(C),8-16 ft.,12,-15,120,1,0,20220203,TOR,CHI,22100430148,|1627832|1628384|1628449|1630173|1630567,0,REG,,,2022,1628384,-2.0,SF,Wing Stopper,1.03,MISS DeRozan 12' Pullup Jump Shot,,,,CHI,1610612741.0,
Shot Chart Detail,22100430,153,0,Opponent,1610612761,Toronto Raptors,1,0,5,Made Shot,Jump Shot,,Above the Break 3,Left Side Center(LC),24+ ft.,28,-135,248,1,1,20220203,TOR,CHI,22100430153,|1627832|1628384|1628449|1630173|1630567,1,REG,,,2022,1630567,-2.0,PF,Helper,0.63,Brown Jr. 28' 3PT Jump Shot (3 PTS) (White 1 AST),,,,CHI,1610612741.0,1629632.0
Shot Chart Detail,22100430,162,0,Opponent,1610612761,Toronto Raptors,2,11,50,Made Shot,Jump Shot,,Above the Break 3,Right Side Center(RC),24+ ft.,26,89,247,1,1,20220203,TOR,CHI,22100430162,|1627783|1628384|1628449|1630567|1630625,1,REG,,,2022,,,,,,,,,,CHI,1610612741.0,201942.0
Shot Chart Detail,22100430,169,0,Opponent,1610612761,Toronto Raptors,2,11,5,Missed Shot,Driving Bank Hook Shot,,In The Paint (Non-RA),Center(C),Less Than 8 ft.,6,-58,34,1,0,20220203,TOR,CHI,22100430169,|1627783|1628384|1628449|1630567|1630625,0,REG,,,2022,1630625,-1.0,PG,Chaser,0.27,MISS White 7' Driving Bank Hook Shot,,,,CHI,1610612741.0,
Shot Chart Detail,22100430,176,0,Opponent,1610612761,Toronto Raptors,2,10,28,Missed Shot,Jump Shot,,Right Corner 3,Right Side(R),24+ ft.,22,227,4,1,0,20220203,TOR,CHI,22100430176,|1627783|1628384|1628449|1630567|1630625,0,REG,,,2022,1627783,-3.0,PF,Helper,0.72,MISS Brown Jr. 3PT Jump Shot,,,,CHI,1610612741.0,
Shot Chart Detail,22100430,184,0,Opponent,1610612761,Toronto Raptors,2,10,0,Made Shot,Driving Finger Roll Layup Shot,,Restricted Area,Center(C),Less Than 8 ft.,1,15,-4,1,1,20220203,TOR,CHI,22100430184,|1627783|1628384|1628449|1630567|1630625,0,REG,,,2022,1628384,-3.0,SF,Wing Stopper,1.03,DeRozan 2' Driving Finger Roll Layup (4 PTS),,,,CHI,1610612741.0,
Shot Chart Detail,22100430,188,0,Opponent,1610612761,Toronto Raptors,2,9,26,Missed Shot,Pullup Jump shot,,Mid-Range,Left Side Center(LC),16-24 ft.,20,-75,190,1,0,20220203,TOR,CHI,22100430188,|1627783|1628384|1628449|1630567|1630625,0,REG,,,2022,1628384,-5.0,SF,Wing Stopper,1.03,MISS DeRozan 20' Pullup Jump Shot,,,,CHI,1610612741.0,
Shot Chart Detail,22100430,215,0,Opponent,1610612761,Toronto Raptors,2,7,57,Missed Shot,Driving Bank Hook Shot,,Mid-Range,Right Side(R),8-16 ft.,9,88,34,1,0,20220203,TOR,CHI,22100430215,|1627783|1628384|1628449|1630567|1630625,0,REG,,,2022,1630567,-8.0,PF,Helper,0.63,MISS White 9' Driving Bank Hook Shot,,,,CHI,1610612741.0,
Shot Chart Detail,22100430,219,0,Opponent,1610612761,Toronto Raptors,2,7,35,Missed Shot,Step Back Jump shot,,Above the Break 3,Left Side Center(LC),24+ ft.,26,-104,242,1,0,20220203,TOR,CHI,22100430219,|1627783|1628384|1628449|1630567|1630625,0,REG,,,2022,1628449,-8.0,SF,Helper,0.4,MISS LaVine 26' 3PT Step Back Jump Shot,,,,CHI,1610612741.0,
Shot Chart Detail,22100430,222,0,Opponent,1610612761,Toronto Raptors,2,7,16,Missed Shot,Jump Shot,,Mid-Range,Right Side(R),8-16 ft.,14,135,42,1,0,20220203,TOR,CHI,22100430222,|1627783|1628384|1628449|1630567|1630625,0,REG,,,2022,1630567,-8.0,PF,Helper,0.63,MISS Vucevic 14' Jump Shot,,,,CHI,1610612741.0,
Shot Chart Detail,22100430,226,0,Opponent,1610612761,Toronto Raptors,2,6,48,Made Shot,Cutting Dunk Shot,,Restricted Area,Center(C),Less Than 8 ft.,0,-2,5,1,1,20220203,TOR,CHI,22100430226,|1627783|1628384|1628449|1630567|1630625,1,REG,,,2022,1627783|1630567,-9.0,,,,,,,,CHI,1610612741.0,1630245.0
Shot Chart Detail,22100430,230,0,Opponent,1610612761,Toronto Raptors,2,6,25,Made Shot,Running Reverse Layup Shot,,Restricted Area,Center(C),Less Than 8 ft.,1,10,-5,1,1,20220203,TOR,CHI,22100430230,|1627783|1628384|1628449|1630567|1630625,1,REG,,,2022,1630567,-9.0,PF,Helper,0.63,Green 1' Running Reverse Layup (7 PTS) (Dosunmu 3 AST),,,,CHI,1610612741.0,1630245.0
Shot Chart Detail,22100430,234,0,Opponent,1610612761,Toronto Raptors,2,5,50,Made Shot,Pullup Jump shot,,Mid-Range,Left Side Center(LC),16-24 ft.,20,-88,189,1,1,20220203,TOR,CHI,22100430234,|1627783|1628384|1628449|1630567|1630625,1,REG,,,2022,1630625,-7.0,PG,Chaser,0.27,White 21' Pullup Jump Shot (8 PTS) (Vucevic 1 AST),,,,CHI,1610612741.0,202696.0
Shot Chart Detail,22100430,251,0,Opponent,1610612761,Toronto Raptors,2,5,6,Missed Shot,Driving Floating Jump Shot,,Restricted Area,Center(C),Less Than 8 ft.,3,29,11,1,0,20220203,TOR,CHI,22100430251,|1627783|1627832|1628384|1629018|203920,0,REG,,,2022,1627832|203920,-7.0,,,,,,,,CHI,1610612741.0,
Shot Chart Detail,22100430,255,0,Opponent,1610612761,Toronto Raptors,2,4,46,Made Shot,Reverse Layup Shot,,Restricted Area,Center(C),Less Than 8 ft.,0,5,7,1,1,20220203,TOR,CHI,22100430255,|1627783|1627832|1628384|1629018|203920,1,REG,,,2022,1627783,-7.0,PF,Helper,0.72,Dosunmu 1' Reverse Layup (5 PTS) (Vucevic 2 AST),,,,CHI,1610612741.0,202696.0
Shot Chart Detail,22100430,258,0,Opponent,1610612761,Toronto Raptors,2,4,13,Missed Shot,Driving Layup Shot,,Restricted Area,Center(C),Less Than 8 ft.,1,-15,4,1,0,20220203,TOR,CHI,22100430258,|1627783|1627832|1628384|1629018|203920,0,REG,,,2022,1627832,-9.0,PG,Point of Attack,0.9,MISS LaVine 2' Driving Layup,,,,CHI,1610612741.0,
Shot Chart Detail,22100430,265,0,Opponent,1610612761,Toronto Raptors,2,3,43,Made Shot,Jump Shot,,Above the Break 3,Center(C),24+ ft.,26,45,265,1,1,20220203,TOR,CHI,22100430265,|1627783|1627832|1628384|1629018|203920,1,REG,,,2022,203920,-8.0,C,Mobile Big,0.63,Vucevic 27' 3PT Jump Shot (10 PTS) (LaVine 3 AST),,,,CHI,1610612741.0,203897.0
Shot Chart Detail,22100430,273,0,Opponent,1610612761,Toronto Raptors,2,2,51,Made Shot,Jump Shot,,Mid-Range,Left Side(L),16-24 ft.,16,-163,34,1,1,20220203,TOR,CHI,22100430273,|1627783|1627832|1628384|1629018|203920,1,REG,,,2022,1627783,-6.0,PF,Helper,0.72,Vucevic 17' Jump Shot (12 PTS) (LaVine 4 AST),,,,CHI,1610612741.0,203897.0
Shot Chart Detail,22100430,290,0,Opponent,1610612761,Toronto Raptors,2,1,36,Made Shot,Driving Layup Shot,,Restricted Area,Center(C),Less Than 8 ft.,0,6,-1,1,1,20220203,TOR,CHI,22100430290,|1627783|1627832|1629018|1630567|203920,1,REG,,,2022,203920|1630567,-6.0,,,,,,,,CHI,1610612741.0,1630245.0
Shot Chart Detail,22100430,298,0,Opponent,1610612761,Toronto Raptors,2,0,37,Made Shot,Running Layup Shot,,Restricted Area,Center(C),Less Than 8 ft.,1,13,-3,1,1,20220203,TOR,CHI,22100430298,|1627783|1627832|1628384|1629018|1630567,1,REG,,,2022,,,,,,,,,,CHI,1610612741.0,201942.0
Shot Chart Detail,22100430,302,0,Opponent,1610612761,Toronto Raptors,2,0,11,Missed Shot,Driving Hook Shot,,In The Paint (Non-RA),Center(C),Less Than 8 ft.,6,-47,39,1,0,20220203,TOR,CHI,22100430302,|1627783|1627832|1628384|1629018|1630567,0,REG,,,2022,1630567,-4.0,PF,Helper,0.63,Barnes BLOCK (1 BLK),,,,CHI,1610612741.0,
Shot Chart Detail,22100430,310,0,Opponent,1610612761,Toronto Raptors,3,11,48,Made Shot,Jump Shot,,Mid-Range,Center(C),16-24 ft.,17,51,168,1,1,20220203,TOR,CHI,22100430310,|1627783|1627832|1628384|1629018|1630567,1,REG,,,2022,1630567,-2.0,PF,Helper,0.63,DeRozan 18' Jump Shot (10 PTS) (LaVine 5 AST),,,,CHI,1610612741.0,203897.0
Shot Chart Detail,22100430,314,0,Opponent,1610612761,Toronto Raptors,3,11,14,Made Shot,Floating Jump shot,,In The Paint (Non-RA),Left Side(L),8-16 ft.,8,-61,59,1,1,20220203,TOR,CHI,22100430314,|1627783|1627832|1628384|1629018|1630567,1,REG,,,2022,1627783,-3.0,PF,Helper,0.72,Vucevic 8' Floating Jump Shot (14 PTS) (DeRozan 3 AST),,,,CHI,1610612741.0,201942.0
Shot Chart Detail,22100430,318,0,Opponent,1610612761,Toronto Raptors,3,10,46,Made Shot,Jump Shot,,Above the Break 3,Center(C),24+ ft.,25,-70,245,1,1,20220203,TOR,CHI,22100430318,|1627783|1627832|1628384|1629018|1630567,1,REG,,,2022,1627783,0.0,PF,Helper,0.72,Vucevic 25' 3PT Jump Shot (17 PTS) (Dosunmu 5 AST),,,,CHI,1610612741.0,1630245.0
Shot Chart Detail,22100430,322,0,Opponent,1610612761,Toronto Raptors,3,10,12,Missed Shot,Jump Shot,,Left Corner 3,Left Side(L),24+ ft.,22,-222,9,1,0,20220203,TOR,CHI,22100430322,|1627783|1627832|1628384|1629018|1630567,0,REG,,,2022,1627832,0.0,PG,Point of Attack,0.9,MISS Dosunmu 3PT Jump Shot,,,,CHI,1610612741.0,
Shot Chart Detail,22100430,325,0,Opponent,1610612761,Toronto Raptors,3,9,50,Made Shot,Driving Layup Shot,,Restricted Area,Center(C),Less Than 8 ft.,2,-21,10,1,1,20220203,TOR,CHI,22100430325,|1627783|1627832|1628384|1629018|1630567,0,REG,,,2022,1627832,2.0,PG,Point of Attack,0.9,Dosunmu 2' Driving Layup (9 PTS),,,,CHI,1610612741.0,
Shot Chart Detail,22100430,342,0,Opponent,1610612761,Toronto Raptors,3,8,37,Missed Shot,Jump Shot,,Above the Break 3,Center(C),24+ ft.,27,0,272,1,0,20220203,TOR,CHI,22100430342,|1627783|1627832|1628384|1629018|1630567,0,REG,,,2022,1630567,1.0,PF,Helper,0.63,MISS Vucevic 27' 3PT Jump Shot,,,,CHI,1610612741.0,
Shot Chart Detail,22100430,346,0,Opponent,1610612761,Toronto Raptors,3,8,8,Made Shot,Jump Shot,,Above the Break 3,Right Side Center(RC),24+ ft.,25,192,166,1,1,20220203,TOR,CHI,22100430346,|1627783|1627832|1628384|1629018|1630567,1,REG,,,2022,1630567,4.0,PF,Helper,0.63,Vucevic 25' 3PT Jump Shot (20 PTS) (LaVine 6 AST),,,,CHI,1610612741.0,203897.0
Shot Chart Detail,22100430,350,0,Opponent,1610612761,Toronto Raptors,3,7,20,Made Shot,Cutting Layup Shot,,Restricted Area,Center(C),Less Than 8 ft.,1,-6,13,1,1,20220203,TOR,CHI,22100430350,|1627783|1627832|1628384|1629018|1630567,1,REG,,,2022,1627832,3.0,PG,Point of Attack,0.9,Green 1' Cutting Layup Shot (11 PTS) (Vucevic 3 AST),,,,CHI,1610612741.0,202696.0
Shot Chart Detail,22100430,365,0,Opponent,1610612761,Toronto Raptors,3,6,17,Missed Shot,Turnaround Jump Shot,,In The Paint (Non-RA),Center(C),8-16 ft.,8,-5,83,1,0,20220203,TOR,CHI,22100430365,|1627783|1627832|1628384|1629018|1630567,0,REG,,,2022,1627783,1.0,PF,Helper,0.72,Siakam BLOCK (1 BLK),,,,CHI,1610612741.0,
Shot Chart Detail,22100430,370,0,Opponent,1610612761,Toronto Raptors,3,6,0,Made Shot,Cutting Layup Shot,,Restricted Area,Center(C),Less Than 8 ft.,3,-7,30,1,1,20220203,TOR,CHI,22100430370,|1627783|1627832|1628384|1629018|1630567,1,REG,,,2022,1627832|1630567,3.0,,,,,,,,CHI,1610612741.0,1630245.0
Shot Chart Detail,22100430,383,0,Opponent,1610612761,Toronto Raptors,3,5,29,Missed Shot,Jump Shot,,Mid-Range,Right Side Center(RC),16-24 ft.,18,126,142,1,0,20220203,TOR,CHI,22100430383,|1627783|1627832|1628384|1628449|1629018,0,REG,,,2022,1628384,1.0,SF,Wing Stopper,1.03,MISS Vucevic 19' Jump Shot,,,,CHI,1610612741.0,
Shot Chart Detail,22100430,387,0,Opponent,1610612761,Toronto Raptors,3,4,56,Missed Shot,Jump Shot,,Above the Break 3,Center(C),24+ ft.,25,-37,257,1,0,20220203,TOR,CHI,22100430387,|1627783|1627832|1628384|1628449|1629018,0,REG,,,2022,1627832|1628384,-2.0,,,,,,,,CHI,1610612741.0,
Shot Chart Detail,22100430,389,0,Opponent,1610612761,Toronto Raptors,3,4,52,Made Shot,Floating Jump shot,,In The Paint (Non-RA),Center(C),8-16 ft.,8,7,88,1,1,20220203,TOR,CHI,22100430389,|1627783|1627832|1628384|1628449|1629018,0,REG,,,2022,1628449,0.0,SF,Helper,0.4,Brown Jr. 9' Floating Jump Shot (5 PTS),,,,CHI,1610612741.0,
Shot Chart Detail,22100430,400,0,Opponent,1610612761,Toronto Raptors,3,3,48,Made Shot,Driving Floating Jump Shot,,In The Paint (Non-RA),Center(C),Less Than 8 ft.,7,-28,68,1,1,20220203,TOR,CHI,22100430400,|1627783|1627832|1628384|1628449|1629018,1,REG,,,2022,1629018,-3.0,SG,Chaser,0.19,White 7' Driving Floating Jump Shot (10 PTS) (Dosunmu 7 AST),,,,CHI,1610612741.0,1630245.0
Shot Chart Detail,22100430,404,0,Opponent,1610612761,Toronto Raptors,3,3,18,Missed Shot,Jump Shot,,Right Corner 3,Right Side(R),24+ ft.,23,230,13,1,0,20220203,TOR,CHI,22100430404,|1627783|1627832|1628384|1628449|1629018,0,REG,,,2022,1629018,-5.0,SG,Chaser,0.19,MISS Dosunmu 3PT Jump Shot,,,,CHI,1610612741.0,
Shot Chart Detail,22100430,416,0,Opponent,1610612761,Toronto Raptors,3,3,1,Missed Shot,Driving Floating Jump Shot,,In The Paint (Non-RA),Right Side(R),8-16 ft.,12,72,106,1,0,20220203,TOR,CHI,22100430416,|1627783|1627832|1628449|1629018|1630173,0,REG,,,2022,1628449|1627832,-5.0,,,,,,,,CHI,1610612741.0,
Shot Chart Detail,22100430,418,0,Opponent,1610612761,Toronto Raptors,3,2,58,Made Shot,Tip Layup Shot,,Restricted Area,Center(C),Less Than 8 ft.,0,0,0,1,1,20220203,TOR,CHI,22100430418,|1627783|1627832|1628449|1629018|1630173,0,REG,,,2022,1630173,-3.0,C,Mobile Big,0.24,Cook Tip Layup Shot (2 PTS),,,,CHI,1610612741.0,
Shot Chart Detail,22100430,439,0,Opponent,1610612761,Toronto Raptors,3,2,0,Missed Shot,Pullup Jump shot,,Mid-Range,Left Side Center(LC),16-24 ft.,16,-71,150,1,0,20220203,TOR,CHI,22100430439,|1627832|1628449|1629018|1630173|1630567,0,REG,,,2022,1629018|1630173,-6.0,,,,,,,,CHI,1610612741.0,
Shot Chart Detail,22100430,451,0,Opponent,1610612761,Toronto Raptors,3,1,1,Missed Shot,Driving Layup Shot,,Restricted Area,Center(C),Less Than 8 ft.,3,21,22,1,0,20220203,TOR,CHI,22100430451,|1627832|1628449|1629018|1630173|1630567,0,REG,,,2022,1630173,-9.0,C,Mobile Big,0.24,MISS Cook 3' Driving Layup,,,,CHI,1610612741.0,
Shot Chart Detail,22100430,457,0,Opponent,1610612761,Toronto Raptors,3,0,41,Made Shot,Jump Shot,,Above the Break 3,Left Side Center(LC),24+ ft.,26,-167,210,1,1,20220203,TOR,CHI,22100430457,|1627832|1628449|1629018|1630173|1630567,1,REG,,,2022,1628449,-6.0,SF,Helper,0.4,White 27' 3PT Jump Shot (13 PTS) (DeRozan 4 AST),,,,CHI,1610612741.0,201942.0
Shot Chart Detail,22100430,461,0,Opponent,1610612761,Toronto Raptors,3,0,9,Missed Shot,Jump Shot,,Above the Break 3,Center(C),24+ ft.,25,-59,247,1,0,20220203,TOR,CHI,22100430461,|1627832|1628449|1629018|1630173|1630567,0,REG,,,2022,1627832,-6.0,PG,Point of Attack,0.9,MISS White 25' 3PT Jump Shot,,,,CHI,1610612741.0,
Shot Chart Detail,22100430,463,0,Opponent,1610612761,Toronto Raptors,3,0,0,Missed Shot,Step Back Jump shot,,Mid-Range,Center(C),16-24 ft.,21,-37,211,1,0,20220203,TOR,CHI,22100430463,|1627832|1628449|1629018|1630173|1630567,0,REG,,,2022,1627832,-6.0,PG,Point of Attack,0.9,MISS White 21' Step Back Jump Shot,,,,CHI,1610612741.0,
Shot Chart Detail,22100430,481,0,Opponent,1610612761,Toronto Raptors,4,11,24,Missed Shot,Driving Floating Jump Shot,,In The Paint (Non-RA),Center(C),8-16 ft.,9,20,90,1,0,20220203,TOR,CHI,22100430481,|1627783|1628449|1630173|1630567|1630625,0,REG,,,2022,1630567,-8.0,PF,Helper,0.63,Boucher BLOCK (1 BLK),,,,CHI,1610612741.0,
Shot Chart Detail,22100430,497,0,Opponent,1610612761,Toronto Raptors,4,10,37,Made Shot,Running Dunk Shot,,Restricted Area,Center(C),Less Than 8 ft.,1,4,15,1,1,20220203,TOR,CHI,22100430497,|1627783|1628449|1630173|1630567|1630625,1,REG,,,2022,1628449,-6.0,SF,Helper,0.4,DeRozan 2' Running Dunk (16 PTS) (Dosunmu 8 AST),,,,CHI,1610612741.0,1630245.0
Shot Chart Detail,22100430,500,0,Opponent,1610612761,Toronto Raptors,4,10,8,Made Shot,Jump Shot,,Right Corner 3,Right Side(R),24+ ft.,23,234,25,1,1,20220203,TOR,CHI,22100430500,|1627783|1628449|1630173|1630567|1630625,1,REG,,,2022,1627783,-5.0,PF,Helper,0.72,LaVine 24' 3PT Jump Shot (8 PTS) (White 2 AST),,,,CHI,1610612741.0,1629632.0
Shot Chart Detail,22100430,504,0,Opponent,1610612761,Toronto Raptors,4,9,39,Missed Shot,Driving Finger Roll Layup Shot,,Restricted Area,Center(C),Less Than 8 ft.,3,28,20,1,0,20220203,TOR,CHI,22100430504,|1627783|1628449|1630173|1630567|1630625,0,REG,,,2022,1628449,-7.0,SF,Helper,0.4,MISS Dosunmu 3' Driving Finger Roll Layup,,,,CHI,1610612741.0,
Shot Chart Detail,22100430,506,0,Opponent,1610612761,Toronto Raptors,4,9,36,Made Shot,Jump Shot,,Left Corner 3,Left Side(L),24+ ft.,23,-228,64,1,1,20220203,TOR,CHI,22100430506,|1627783|1628449|1630173|1630567|1630625,1,REG,,,2022,1630567,-4.0,PF,Helper,0.63,White 24' 3PT Jump Shot (16 PTS) (DeRozan 5 AST),,,,CHI,1610612741.0,201942.0
Shot Chart Detail,22100430,510,0,Opponent,1610612761,Toronto Raptors,4,9,13,Missed Shot,Jump Shot,,Above the Break 3,Left Side Center(LC),24+ ft.,24,-225,89,1,0,20220203,TOR,CHI,22100430510,|1627783|1628449|1630173|1630567|1630625,0,REG,,,2022,1630567,-4.0,PF,Helper,0.63,MISS LaVine 24' 3PT Jump Shot,,,,CHI,1610612741.0,
Shot Chart Detail,22100430,528,0,Opponent,1610612761,Toronto Raptors,4,8,23,Made Shot,Running Dunk Shot,,Restricted Area,Center(C),Less Than 8 ft.,1,-5,13,1,1,20220203,TOR,CHI,22100430528,|1627783|1628449|1630173|1630567|1630625,1,REG,,,2022,1630567,-4.0,PF,Helper,0.63,LaVine 1' Running Dunk (10 PTS) (DeRozan 6 AST),,,,CHI,1610612741.0,201942.0
Shot Chart Detail,22100430,534,0,Opponent,1610612761,Toronto Raptors,4,7,34,Missed Shot,Jump Shot,,Above the Break 3,Right Side Center(RC),24+ ft.,28,162,239,1,0,20220203,TOR,CHI,22100430534,|1627783|1628449|1630173|1630567|1630625,0,REG,,,2022,1627783,-4.0,PF,Helper,0.72,MISS DeRozan 29' 3PT Jump Shot,,,,CHI,1610612741.0,
Shot Chart Detail,22100430,536,0,Opponent,1610612761,Toronto Raptors,4,7,30,Missed Shot,Cutting Finger Roll Layup Shot,,Restricted Area,Center(C),Less Than 8 ft.,2,20,4,1,0,20220203,TOR,CHI,22100430536,|1627783|1628449|1630173|1630567|1630625,0,REG,,,2022,1630625|1630173,-4.0,,,,,,,,CHI,1610612741.0,
Shot Chart Detail,22100430,566,0,Opponent,1610612761,Toronto Raptors,4,6,41,Missed Shot,Driving Reverse Layup Shot,,Restricted Area,Center(C),Less Than 8 ft.,2,-15,17,1,0,20220203,TOR,CHI,22100430566,|1627832|1628384|1628449|1629018|1630173,0,REG,,,2022,1627832|1628384|1630173,-4.0,,,,,,,,CHI,1610612741.0,
Shot Chart Detail,22100430,568,0,Opponent,1610612761,Toronto Raptors,4,6,37,Missed Shot,Tip Layup Shot,,Restricted Area,Center(C),Less Than 8 ft.,0,0,0,1,0,20220203,TOR,CHI,22100430568,|1627832|1628384|1628449|1629018|1630173,0,REG,,,2022,1629018|1628384,-4.0,,,,,,,,CHI,1610612741.0,
Shot Chart Detail,22100430,581,0,Opponent,1610612761,Toronto Raptors,4,6,0,Missed Shot,Jump Shot,,Above the Break 3,Left Side Center(LC),24+ ft.,26,-98,246,1,0,20220203,TOR,CHI,22100430581,|1627832|1628384|1628449|1629018|1630173,0,REG,,,2022,1629018,-7.0,SG,Chaser,0.19,MISS White 26' 3PT Jump Shot,,,,CHI,1610612741.0,
Shot Chart Detail,22100430,584,0,Opponent,1610612761,Toronto Raptors,4,5,24,Made Shot,Floating Jump shot,,In The Paint (Non-RA),Center(C),Less Than 8 ft.,7,69,19,1,1,20220203,TOR,CHI,22100430584,|1627832|1628384|1628449|1629018|1630173,1,REG,,,2022,1627832,-8.0,PG,Point of Attack,0.9,Green 7' Floating Jump Shot (13 PTS) (Vucevic 4 AST),,,,CHI,1610612741.0,202696.0
Shot Chart Detail,22100430,594,0,Opponent,1610612761,Toronto Raptors,4,4,44,Made Shot,Cutting Layup Shot,,Restricted Area,Center(C),Less Than 8 ft.,1,-6,11,1,1,20220203,TOR,CHI,22100430594,|1627832|1628384|1628449|1629018|1630173,1,REG,,,2022,1627832,-6.0,PG,Point of Attack,0.9,Vucevic 1' Cutting Layup Shot (24 PTS) (Green 2 AST),,,,CHI,1610612741.0,1629750.0
Shot Chart Detail,22100430,597,0,Opponent,1610612761,Toronto Raptors,4,4,17,Made Shot,Step Back Jump shot,,Above the Break 3,Left Side Center(LC),24+ ft.,25,-165,197,1,1,20220203,TOR,CHI,22100430597,|1627832|1628384|1628449|1629018|1630173,1,REG,,,2022,1630173,-5.0,C,Mobile Big,0.24,LaVine 26' 3PT Step Back Jump Shot (13 PTS) (DeRozan 7 AST),,,,CHI,1610612741.0,201942.0
Shot Chart Detail,22100430,606,0,Opponent,1610612761,Toronto Raptors,4,3,43,Made Shot,Driving Finger Roll Layup Shot,,Restricted Area,Center(C),Less Than 8 ft.,3,15,30,1,1,20220203,TOR,CHI,22100430606,|1627783|1627832|1628384|1629018|1630567,0,REG,,,2022,1630567,-3.0,PF,Helper,0.63,LaVine 3' Driving Finger Roll Layup (15 PTS),,,,CHI,1610612741.0,
Shot Chart Detail,22100430,609,0,Opponent,1610612761,Toronto Raptors,4,3,15,Made Shot,Cutting Dunk Shot,,Restricted Area,Center(C),Less Than 8 ft.,1,-12,5,1,1,20220203,TOR,CHI,22100430609,|1627783|1627832|1628384|1629018|1630567,1,REG,,,2022,1629018|1627783,-3.0,,,,,,,,CHI,1610612741.0,203897.0
Shot Chart Detail,22100430,616,0,Opponent,1610612761,Toronto Raptors,4,2,43,Missed Shot,Floating Jump shot,,In The Paint (Non-RA),Center(C),Less Than 8 ft.,6,-10,68,1,0,20220203,TOR,CHI,22100430616,|1627783|1627832|1628384|1629018|1630567,0,REG,,,2022,1627783,-4.0,PF,Helper,0.72,MISS DeRozan 7' Floating Jump Shot,,,,CHI,1610612741.0,
Shot Chart Detail,22100430,618,0,Opponent,1610612761,Toronto Raptors,4,2,34,Missed Shot,Fadeaway Jump Shot,,Mid-Range,Center(C),8-16 ft.,15,-12,159,1,0,20220203,TOR,CHI,22100430618,|1627783|1627832|1628384|1629018|1630567,0,REG,,,2022,1627783,-4.0,PF,Helper,0.72,MISS DeRozan 16' Fadeaway Jumper,,,,CHI,1610612741.0,
Shot Chart Detail,22100430,624,0,Opponent,1610612761,Toronto Raptors,4,2,4,Missed Shot,Reverse Layup Shot,,Restricted Area,Center(C),Less Than 8 ft.,1,12,11,1,0,20220203,TOR,CHI,22100430624,|1627783|1627832|1628384|1629018|1630567,0,REG,,,2022,1630567,-6.0,PF,Helper,0.63,MISS Green 2' Reverse Layup,,,,CHI,1610612741.0,
Shot Chart Detail,22100430,626,0,Opponent,1610612761,Toronto Raptors,4,2,0,Made Shot,Tip Layup Shot,,Restricted Area,Center(C),Less Than 8 ft.,0,0,0,1,1,20220203,TOR,CHI,22100430626,|1627783|1627832|1628384|1629018|1630567,0,REG,,,2022,1627783|1630567,-4.0,,,,,,,,CHI,1610612741.0,
Shot Chart Detail,22100430,641,0,Opponent,1610612761,Toronto Raptors,4,0,47,Made Shot,Fadeaway Jump Shot,,In The Paint (Non-RA),Center(C),8-16 ft.,10,-44,92,1,1,20220203,TOR,CHI,22100430641,|1627783|1627832|1628384|1629018|1630567,0,REG,,,2022,1628384|1630567,0.0,,,,,,,,CHI,1610612741.0,
Shot Chart Detail,22100430,647,0,Opponent,1610612761,Toronto Raptors,4,0,8,Made Shot,Layup Shot,,Restricted Area,Center(C),Less Than 8 ft.,3,-13,35,1,1,20220203,TOR,CHI,22100430647,|1627783|1627832|1628384|1629018|1630567,0,REG,,,2022,1627832,2.0,PG,Point of Attack,0.9,Vucevic 4' Layup (30 PTS),,,,CHI,1610612741.0,
Shot Chart Detail,22100430,657,0,Opponent,1610612761,Toronto Raptors,4,0,0,Missed Shot,Turnaround Fadeaway Bank Jump Shot,,Above the Break 3,Center(C),24+ ft.,26,-65,262,1,0,20220203,TOR,CHI,22100430657,|1627783|1627832|1628384|1629018|1630567,0,REG,,,2022,1627783,0.0,PF,Helper,0.72,MISS Vucevic 27' 3PT Turnaround Fadeaway Bank Jump Shot,,,,CHI,1610612741.0,
Shot Chart Detail,22100430,667,0,Opponent,1610612761,Toronto Raptors,5,4,50,Missed Shot,Pullup Jump shot,,In The Paint (Non-RA),Center(C),8-16 ft.,9,7,99,1,0,20220203,TOR,CHI,22100430667,|1627783|1627832|1628384|1629018|1630567,0,REG,,,2022,1628384,0.0,SF,Wing Stopper,1.03,MISS DeRozan 10' Pullup Jump Shot,,,,CHI,1610612741.0,
Shot Chart Detail,22100430,671,0,Opponent,1610612761,Toronto Raptors,5,4,17,Missed Shot,Jump Shot,,Left Corner 3,Left Side(L),24+ ft.,22,-227,8,1,0,20220203,TOR,CHI,22100430671,|1627783|1627832|1628384|1629018|1630567,0,REG,,,2022,1627783,0.0,PF,Helper,0.72,MISS Dosunmu 3PT Jump Shot,,,,CHI,1610612741.0,
Shot Chart Detail,22100430,673,0,Opponent,1610612761,Toronto Raptors,5,4,7,Made Shot,Driving Layup Shot,,Restricted Area,Center(C),Less Than 8 ft.,1,10,1,1,1,20220203,TOR,CHI,22100430673,|1627783|1627832|1628384|1629018|1630567,0,REG,,,2022,1630567,2.0,PF,Helper,0.63,DeRozan 1' Driving Layup (26 PTS),,,,CHI,1610612741.0,
Shot Chart Detail,22100430,675,0,Opponent,1610612761,Toronto Raptors,5,3,13,Made Shot,Jump Bank Shot,,Mid-Range,Right Side(R),8-16 ft.,12,107,56,1,1,20220203,TOR,CHI,22100430675,|1627783|1627832|1628384|1629018|1630567,0,REG,,,2022,1630567,1.0,PF,Helper,0.63,DeRozan 12' Jump Bank Shot (28 PTS),,,,CHI,1610612741.0,
Shot Chart Detail,22100430,678,0,Opponent,1610612761,Toronto Raptors,5,2,38,Made Shot,Driving Finger Roll Layup Shot,,Restricted Area,Center(C),Less Than 8 ft.,3,37,13,1,1,20220203,TOR,CHI,22100430678,|1627783|1627832|1628384|1629018|1630567,0,REG,,,2022,1627832,0.0,PG,Point of Attack,0.9,Dosunmu 4' Driving Finger Roll Layup (11 PTS),,,,CHI,1610612741.0,
Shot Chart Detail,22100430,681,0,Opponent,1610612761,Toronto Raptors,5,1,57,Missed Shot,Turnaround Hook Shot,,In The Paint (Non-RA),Center(C),Less Than 8 ft.,5,53,11,1,0,20220203,TOR,CHI,22100430681,|1627783|1627832|1628384|1629018|1630567,0,REG,,,2022,1630567,0.0,PF,Helper,0.63,MISS Vucevic 5' Turnaround Hook Shot,,,,CHI,1610612741.0,
Shot Chart Detail,22100430,684,0,Opponent,1610612761,Toronto Raptors,5,1,33,Missed Shot,Pullup Jump shot,,Mid-Range,Center(C),16-24 ft.,19,-58,189,1,0,20220203,TOR,CHI,22100430684,|1627783|1627832|1628384|1629018|1630567,0,REG,,,2022,1628384,-2.0,SF,Wing Stopper,1.03,MISS DeRozan 20' Pullup Jump Shot,,,,CHI,1610612741.0,
Shot Chart Detail,22100430,704,0,Opponent,1610612761,Toronto Raptors,5,0,9,Missed Shot,Driving Finger Roll Layup Shot,,Restricted Area,Center(C),Less Than 8 ft.,1,-15,13,1,0,20220203,TOR,CHI,22100430704,|1627783|1627832|1628384|1628449|1629018,0,REG,,,2022,1629018,-5.0,SG,Chaser,0.19,MISS LaVine 2' Driving Finger Roll Layup,,,,CHI,1610612741.0,
Shot Chart Detail,22100790,7,0,Opponent,1610612761,Toronto Raptors,1,11,40,Missed Shot,Pullup Jump shot,,Above the Break 3,Left Side Center(LC),24+ ft.,30,-111,287,1,0,20220204,TOR,ATL,221007907,|1627783|1627832|1628384|1629018|1630567,0,REG,,,2022,1627832,0.0,PG,Point of Attack,0.9,MISS Young 31' 3PT Pullup Jump Shot,,,,ATL,1610612737.0,
Shot Chart Detail,22100790,11,0,Opponent,1610612761,Toronto Raptors,1,11,19,Made Shot,Floating Jump shot,,In The Paint (Non-RA),Center(C),8-16 ft.,10,-42,100,1,1,20220204,TOR,ATL,2210079011,|1627783|1627832|1628384|1629018|1630567,0,REG,,,2022,1630567,2.0,PF,Helper,0.63,Young 11' Floating Jump Shot (2 PTS),,,,ATL,1610612737.0,
Shot Chart Detail,22100790,14,0,Opponent,1610612761,Toronto Raptors,1,10,47,Made Shot,Layup Shot,,Restricted Area,Center(C),Less Than 8 ft.,1,12,10,1,1,20220204,TOR,ATL,2210079014,|1627783|1627832|1628384|1629018|1630567,1,REG,,,2022,1628384,2.0,SF,Wing Stopper,1.03,Hunter 2' Layup (2 PTS) (Young 1 AST),,,,ATL,1610612737.0,1629027.0
Shot Chart Detail,22100790,17,0,Opponent,1610612761,Toronto Raptors,1,10,26,Made Shot,Cutting Dunk Shot,,Restricted Area,Center(C),Less Than 8 ft.,2,12,17,1,1,20220204,TOR,ATL,2210079017,|1627783|1627832|1628384|1629018|1630567,1,REG,,,2022,1627783,4.0,PF,Helper,0.72,Collins 2' Cutting Dunk Shot (2 PTS) (Young 2 AST),,,,ATL,1610612737.0,1629027.0
Shot Chart Detail,22100790,20,0,Opponent,1610612761,Toronto Raptors,1,10,0,Made Shot,Alley Oop Dunk Shot,,Restricted Area,Center(C),Less Than 8 ft.,1,12,14,1,1,20220204,TOR,ATL,2210079020,|1627783|1627832|1628384|1629018|1630567,1,REG,,,2022,1627783,4.0,PF,Helper,0.72,Capela 2' Alley Oop Dunk (2 PTS) (Young 3 AST),,,,ATL,1610612737.0,1629027.0
Shot Chart Detail,22100790,24,0,Opponent,1610612761,Toronto Raptors,1,9,34,Missed Shot,Pullup Jump shot,,Above the Break 3,Right Side Center(RC),24+ ft.,26,123,240,1,0,20220204,TOR,ATL,2210079024,|1627783|1627832|1628384|1629018|1630567,0,REG,,,2022,1627832,2.0,PG,Point of Attack,0.9,MISS Collins 27' 3PT Pullup Jump Shot,,,,ATL,1610612737.0,
Shot Chart Detail,22100790,29,0,Opponent,1610612761,Toronto Raptors,1,9,17,Made Shot,Cutting Layup Shot,,Restricted Area,Center(C),Less Than 8 ft.,1,15,10,1,1,20220204,TOR,ATL,2210079029,|1627783|1627832|1628384|1629018|1630567,1,REG,,,2022,1627783,4.0,PF,Helper,0.72,Collins 2' Cutting Layup Shot (4 PTS) (Young 4 AST),,,,ATL,1610612737.0,1629027.0
Shot Chart Detail,22100790,33,0,Opponent,1610612761,Toronto Raptors,1,8,46,Made Shot,Pullup Jump shot,,Mid-Range,Left Side(L),16-24 ft.,16,-165,38,1,1,20220204,TOR,ATL,2210079033,|1627783|1627832|1628384|1629018|1630567,0,REG,,,2022,1627783,6.0,PF,Helper,0.72,Young 17' Pullup Jump Shot (4 PTS),,,,ATL,1610612737.0,
Shot Chart Detail,22100790,36,0,Opponent,1610612761,Toronto Raptors,1,8,20,Missed Shot,Jump Shot,,Mid-Range,Right Side(R),16-24 ft.,19,194,25,1,0,20220204,TOR,ATL,2210079036,|1627783|1627832|1628384|1629018|1630567,0,REG,,,2022,1630567,6.0,PF,Helper,0.63,MISS Hunter 20' Jump Shot,,,,ATL,1610612737.0,
Shot Chart Detail,22100790,38,0,Opponent,1610612761,Toronto Raptors,1,8,14,Made Shot,Driving Floating Jump Shot,,In The Paint (Non-RA),Center(C),8-16 ft.,11,50,103,1,1,20220204,TOR,ATL,2210079038,|1627783|1627832|1628384|1629018|1630567,0,REG,,,2022,1627783,8.0,PF,Helper,0.72,Young 11' Driving Floating Jump Shot (6 PTS),,,,ATL,1610612737.0,
Shot Chart Detail,22100790,40,0,Opponent,1610612761,Toronto Raptors,1,7,45,Missed Shot,Tip Layup Shot,,Restricted Area,Center(C),Less Than 8 ft.,2,22,5,1,0,20220204,TOR,ATL,2210079040,|1627783|1627832|1628384|1629018|1630567,0,REG,,,2022,1628384|1630567,6.0,,,,,,,,ATL,1610612737.0,
Shot Chart Detail,22100790,50,0,Opponent,1610612761,Toronto Raptors,1,6,51,Made Shot,Floating Jump shot,,In The Paint (Non-RA),Center(C),8-16 ft.,12,51,111,1,1,20220204,TOR,ATL,2210079050,|1627783|1627832|1628384|1629018|1630567,1,REG,,,2022,1627783,3.0,PF,Helper,0.72,Collins 12' Floating Jump Shot (6 PTS) (Young 5 AST),,,,ATL,1610612737.0,1629027.0
Shot Chart Detail,22100790,57,0,Opponent,1610612761,Toronto Raptors,1,7,46,Missed Shot,Layup Shot,,Restricted Area,Center(C),Less Than 8 ft.,0,9,1,1,0,20220204,TOR,ATL,2210079057,|1627783|1627832|1628384|1629018|1630567,0,REG,,,2022,1628384|1630567,6.0,,,,,,,,ATL,1610612737.0,
Shot Chart Detail,22100790,63,0,Opponent,1610612761,Toronto Raptors,1,6,23,Missed Shot,Pullup Jump shot,,Above the Break 3,Center(C),24+ ft.,31,-47,314,1,0,20220204,TOR,ATL,2210079063,|1627783|1627832|1628384|1629018|1630567,0,REG,,,2022,1629018,1.0,SG,Chaser,0.19,MISS Young 32' 3PT Pullup Jump Shot,,,,ATL,1610612737.0,
Shot Chart Detail,22100790,66,0,Opponent,1610612761,Toronto Raptors,1,5,48,Missed Shot,Pullup Jump shot,,Above the Break 3,Left Side Center(LC),24+ ft.,25,-225,124,1,0,20220204,TOR,ATL,2210079066,|1627783|1627832|1628384|1629018|1630567,0,REG,,,2022,1628384,-1.0,SF,Wing Stopper,1.03,MISS Huerter 26' 3PT Pullup Jump Shot,,,,ATL,1610612737.0,
Shot Chart Detail,22100790,71,0,Opponent,1610612761,Toronto Raptors,1,5,29,Missed Shot,Running Pull-Up Jump Shot,,Above the Break 3,Left Side Center(LC),24+ ft.,26,-114,243,1,0,20220204,TOR,ATL,2210079071,|1627783|1627832|1628384|1629018|1630567,0,REG,,,2022,1627783,-1.0,PF,Helper,0.72,MISS Collins 27' 3PT Running Pull-Up Jump Shot,,,,ATL,1610612737.0,
Shot Chart Detail,22100790,75,0,Opponent,1610612761,Toronto Raptors,1,4,57,Missed Shot,Reverse Layup Shot,,Restricted Area,Center(C),Less Than 8 ft.,0,1,4,1,0,20220204,TOR,ATL,2210079075,|1627783|1627832|1628384|1629018|1630567,0,REG,,,2022,1630567,-4.0,PF,Helper,0.63,MISS Okongwu Reverse Layup,,,,ATL,1610612737.0,
Shot Chart Detail,22100790,88,0,Opponent,1610612761,Toronto Raptors,1,4,19,Missed Shot,Pullup Jump shot,,In The Paint (Non-RA),Center(C),8-16 ft.,10,2,109,1,0,20220204,TOR,ATL,2210079088,|1627783|1627832|1628449|1629018|1630173,0,REG,,,2022,1627783,-6.0,PF,Helper,0.72,MISS Huerter 11' Pullup Jump Shot,,,,ATL,1610612737.0,
Shot Chart Detail,22100790,92,0,Opponent,1610612761,Toronto Raptors,1,3,52,Missed Shot,Floating Jump shot,,In The Paint (Non-RA),Center(C),Less Than 8 ft.,6,29,58,1,0,20220204,TOR,ATL,2210079092,|1627783|1627832|1628449|1629018|1630173,0,REG,,,2022,1630173,-9.0,C,Mobile Big,0.24,MISS Collins 6' Floating Jump Shot,,,,ATL,1610612737.0,
Shot Chart Detail,22100790,94,0,Opponent,1610612761,Toronto Raptors,1,3,47,Made Shot,Alley Oop Dunk Shot,,Restricted Area,Center(C),Less Than 8 ft.,1,9,17,1,1,20220204,TOR,ATL,2210079094,|1627783|1627832|1628449|1629018|1630173,1,REG,,,2022,1628449,-7.0,SF,Helper,0.4,Collins 2' Alley Oop Dunk (9 PTS) (Young 6 AST),,,,ATL,1610612737.0,1629027.0
Shot Chart Detail,22100790,99,0,Opponent,1610612761,Toronto Raptors,1,3,11,Missed Shot,Driving Floating Jump Shot,,In The Paint (Non-RA),Center(C),8-16 ft.,8,-18,84,1,0,20220204,TOR,ATL,2210079099,|1627783|1627832|1628449|1629018|1630173,0,REG,,,2022,1630173,-7.0,C,Mobile Big,0.24,MISS Young 9' Driving Floating Jump Shot,,,,ATL,1610612737.0,
Shot Chart Detail,22100790,109,0,Opponent,1610612761,Toronto Raptors,1,2,46,Missed Shot,Jump Shot,,Right Corner 3,Right Side(R),24+ ft.,24,233,61,1,0,20220204,TOR,ATL,22100790109,|1627783|1627832|1628449|1629018|1630173,0,REG,,,2022,1628449,-10.0,SF,Helper,0.4,Boucher BLOCK (1 BLK),,,,ATL,1610612737.0,
Shot Chart Detail,22100790,123,0,Opponent,1610612761,Toronto Raptors,1,2,25,Missed Shot,Jump Shot,,Right Corner 3,Right Side(R),24+ ft.,23,230,45,1,0,20220204,TOR,ATL,22100790123,|1627783|1627832|1628384|1628449|1630173,0,REG,,,2022,1627832,-12.0,PG,Point of Attack,0.9,MISS Wright 3PT Jump Shot,,,,ATL,1610612737.0,
Shot Chart Detail,22100790,127,0,Opponent,1610612761,Toronto Raptors,1,1,52,Missed Shot,Driving Floating Bank Jump Shot,,In The Paint (Non-RA),Right Side(R),8-16 ft.,8,70,47,1,0,20220204,TOR,ATL,22100790127,|1627783|1627832|1628384|1628449|1630173,0,REG,,,2022,1630173,-14.0,C,Mobile Big,0.24,MISS Hunter 8' Driving Floating Bank Jump Shot,,,,ATL,1610612737.0,
Shot Chart Detail,22100790,135,0,Opponent,1610612761,Toronto Raptors,1,0,56,Made Shot,Step Back Jump shot,,Mid-Range,Left Side(L),16-24 ft.,22,-219,55,1,1,20220204,TOR,ATL,22100790135,|1627783|1627832|1628384|1628449|1630173,1,REG,,,2022,1628384,-15.0,SF,Wing Stopper,1.03,Bogdanovic 3PT Step Back Jump Shot (3 PTS) (Hunter 1 AST),,,,ATL,1610612737.0,1629631.0
Shot Chart Detail,22100790,140,0,Opponent,1610612761,Toronto Raptors,1,0,28,Made Shot,Driving Reverse Layup Shot,,Restricted Area,Center(C),Less Than 8 ft.,2,-15,17,1,1,20220204,TOR,ATL,22100790140,|1627783|1627832|1628384|1628449|1630173,1,REG,,,2022,1628384,-15.0,SF,Wing Stopper,1.03,Wright 2' Driving Reverse Layup (2 PTS) (Bogdanovic 1 AST),,,,ATL,1610612737.0,203992.0
Shot Chart Detail,22100790,149,0,Opponent,1610612761,Toronto Raptors,1,0,0,Made Shot,Driving Floating Jump Shot,,Above the Break 3,Center(C),24+ ft.,26,-74,250,1,1,20220204,TOR,ATL,22100790149,|1627783|1627832|1628384|1628449|1630173,1,REG,,,2022,1628449,-11.0,SF,Helper,0.4,Bogdanovic 26' 3PT Driving Floating Jump Shot (6 PTS) (Wright 1 AST),,,,ATL,1610612737.0,1626153.0
Shot Chart Detail,22100790,169,0,Opponent,1610612761,Toronto Raptors,2,11,8,Missed Shot,Pullup Jump shot,,In The Paint (Non-RA),Center(C),8-16 ft.,14,-64,135,1,0,20220204,TOR,ATL,22100790169,|1628384|1629018|1630173|1630567|1630625,0,REG,,,2022,1630625|1630173,-9.0,,,,,,,,ATL,1610612737.0,
Shot Chart Detail,22100790,173,0,Opponent,1610612761,Toronto Raptors,2,10,52,Made Shot,Step Back Jump shot,,Above the Break 3,Right Side Center(RC),24+ ft.,26,145,219,1,1,20220204,TOR,ATL,22100790173,|1628384|1629018|1630173|1630567|1630625,0,REG,,,2022,1630173,-6.0,C,Mobile Big,0.24,Bogdanovic 26' 3PT Step Back Jump Shot (9 PTS),,,,ATL,1610612737.0,
Shot Chart Detail,22100790,189,0,Opponent,1610612761,Toronto Raptors,2,9,26,Made Shot,Turnaround Fadeaway shot,,Mid-Range,Right Side(R),8-16 ft.,10,108,19,1,1,20220204,TOR,ATL,22100790189,|1628384|1628449|1629018|1630567|1630625,1,REG,,,2022,1629018,-4.0,SG,Chaser,0.19,Hunter 11' Turnaround Fadeaway (6 PTS) (Bogdanovic 2 AST),,,,ATL,1610612737.0,203992.0
Shot Chart Detail,22100790,205,0,Opponent,1610612761,Toronto Raptors,2,8,12,Made Shot,Jump Shot,,Above the Break 3,Center(C),24+ ft.,25,44,256,1,1,20220204,TOR,ATL,22100790205,|1628384|1628449|1629018|1630567|1630625,0,REG,,,2022,1628449,-1.0,SF,Helper,0.4,Hunter 26' 3PT Jump Shot (9 PTS),,,,ATL,1610612737.0,
Shot Chart Detail,22100790,209,0,Opponent,1610612761,Toronto Raptors,2,7,35,Missed Shot,Jump Shot,,Right Corner 3,Right Side(R),24+ ft.,23,233,53,1,0,20220204,TOR,ATL,22100790209,|1628384|1628449|1629018|1630567|1630625,0,REG,,,2022,1630567,-3.0,PF,Helper,0.63,MISS Bogdanovic 24' 3PT Jump Shot,,,,ATL,1610612737.0,
Shot Chart Detail,22100790,213,0,Opponent,1610612761,Toronto Raptors,2,7,20,Missed Shot,Jump Shot,,In The Paint (Non-RA),Center(C),8-16 ft.,9,16,94,1,0,20220204,TOR,ATL,22100790213,|1628384|1628449|1629018|1630567|1630625,0,REG,,,2022,1628449,-3.0,SF,Helper,0.4,MISS Hunter 10' Jump Shot,,,,ATL,1610612737.0,
Shot Chart Detail,22100790,235,0,Opponent,1610612761,Toronto Raptors,2,6,25,Missed Shot,Floating Jump shot,,Restricted Area,Center(C),Less Than 8 ft.,3,-32,19,1,0,20220204,TOR,ATL,22100790235,|1627783|1627832|1629018|1630567|203920,0,REG,,,2022,1627783,-5.0,PF,Helper,0.72,MISS Huerter 4' Floating Jump Shot,,,,ATL,1610612737.0,
Shot Chart Detail,22100790,241,0,Opponent,1610612761,Toronto Raptors,2,6,1,Missed Shot,Pullup Jump shot,,Mid-Range,Left Side Center(LC),16-24 ft.,20,-71,188,1,0,20220204,TOR,ATL,22100790241,|1627783|1627832|1629018|1630567|203920,0,REG,,,2022,1630567,-8.0,PF,Helper,0.63,MISS Collins 20' Pullup Jump Shot,,,,ATL,1610612737.0,
Shot Chart Detail,22100790,245,0,Opponent,1610612761,Toronto Raptors,2,5,49,Missed Shot,Running Layup Shot,,Restricted Area,Center(C),Less Than 8 ft.,3,26,20,1,0,20220204,TOR,ATL,22100790245,|1627783|1627832|1629018|1630567|203920,0,REG,,,2022,1627832|1630567,-8.0,,,,,,,,ATL,1610612737.0,
Shot Chart Detail,22100790,249,0,Opponent,1610612761,Toronto Raptors,2,5,18,Missed Shot,Jump Shot,,Mid-Range,Right Side Center(RC),16-24 ft.,18,104,159,1,0,20220204,TOR,ATL,22100790249,|1627783|1627832|1629018|1630567|203920,0,REG,,,2022,203920,-11.0,C,Mobile Big,0.63,MISS Collins 19' Jump Shot,,,,ATL,1610612737.0,
Shot Chart Detail,22100790,251,0,Opponent,1610612761,Toronto Raptors,2,5,8,Made Shot,Driving Floating Jump Shot,,In The Paint (Non-RA),Center(C),8-16 ft.,9,31,95,1,1,20220204,TOR,ATL,22100790251,|1627783|1627832|1629018|1630567|203920,1,REG,,,2022,1630567,-9.0,PF,Helper,0.63,Young 10' Driving Floating Jump Shot (8 PTS) (Wright 2 AST),,,,ATL,1610612737.0,1626153.0
Shot Chart Detail,22100790,255,0,Opponent,1610612761,Toronto Raptors,2,4,49,Made Shot,Running Reverse Layup Shot,,Restricted Area,Center(C),Less Than 8 ft.,0,-4,8,1,1,20220204,TOR,ATL,22100790255,|1627783|1627832|1629018|1630567|203920,0,REG,,,2022,1629018,-7.0,SG,Chaser,0.19,Wright 1' Running Reverse Layup (6 PTS),,,,ATL,1610612737.0,
Shot Chart Detail,22100790,269,0,Opponent,1610612761,Toronto Raptors,2,3,43,Made Shot,Running Layup Shot,,Restricted Area,Center(C),Less Than 8 ft.,2,-9,19,1,1,20220204,TOR,ATL,22100790269,|1627783|1627832|1629018|1630567|203920,1,REG,,,2022,203920,-5.0,C,Mobile Big,0.63,Hunter 2' Running Layup (11 PTS) (Young 7 AST),,,,ATL,1610612737.0,1629027.0
Shot Chart Detail,22100790,275,0,Opponent,1610612761,Toronto Raptors,2,3,15,Missed Shot,Jump Shot,,Above the Break 3,Left Side Center(LC),24+ ft.,25,-114,232,1,0,20220204,TOR,ATL,22100790275,|1627783|1627832|1629018|1630567|203920,0,REG,,,2022,1630567,-6.0,PF,Helper,0.63,MISS Collins 26' 3PT Jump Shot,,,,ATL,1610612737.0,
Shot Chart Detail,22100790,282,0,Opponent,1610612761,Toronto Raptors,2,2,54,Made Shot,Driving Floating Bank Jump Shot,,Mid-Range,Right Side(R),8-16 ft.,11,113,22,1,1,20220204,TOR,ATL,22100790282,|1627783|1627832|1629018|1630567|203920,0,REG,,,2022,1627832,-4.0,PG,Point of Attack,0.9,Young 12' Driving Floating Bank Jump Shot (12 PTS),,,,ATL,1610612737.0,
Shot Chart Detail,22100790,287,0,Opponent,1610612761,Toronto Raptors,2,2,24,Made Shot,Driving Floating Bank Jump Shot,,Restricted Area,Center(C),Less Than 8 ft.,3,27,21,1,1,20220204,TOR,ATL,22100790287,|1627783|1627832|1629018|1630567|203920,1,REG,,,2022,1627783,-2.0,PF,Helper,0.72,Hunter 3' Driving Floating Bank Jump Shot (14 PTS) (Young 8 AST),,,,ATL,1610612737.0,1629027.0
Shot Chart Detail,22100790,298,0,Opponent,1610612761,Toronto Raptors,2,1,53,Made Shot,Driving Bank Hook Shot,,In The Paint (Non-RA),Left Side(L),8-16 ft.,8,-62,53,1,1,20220204,TOR,ATL,22100790298,|1627783|1627832|1628384|1630567|203920,0,REG,,,2022,1627783,-2.0,PF,Helper,0.72,Huerter 8' Driving Bank Hook Shot (2 PTS),,,,ATL,1610612737.0,
Shot Chart Detail,22100790,306,0,Opponent,1610612761,Toronto Raptors,2,1,13,Missed Shot,Jump Shot,,Right Corner 3,Right Side(R),24+ ft.,23,234,5,1,0,20220204,TOR,ATL,22100790306,|1627783|1627832|1628384|1628449|1630173,0,REG,,,2022,1628449,-2.0,SF,Helper,0.4,MISS Huerter 3PT Jump Shot,,,,ATL,1610612737.0,
Shot Chart Detail,22100790,311,0,Opponent,1610612761,Toronto Raptors,2,0,39,Missed Shot,Driving Layup Shot,,Restricted Area,Center(C),Less Than 8 ft.,2,-16,13,1,0,20220204,TOR,ATL,22100790311,|1627783|1627832|1628384|1628449|1630173,0,REG,,,2022,1630173,-2.0,C,Mobile Big,0.24,Achiuwa BLOCK (1 BLK),,,,ATL,1610612737.0,
Shot Chart Detail,22100790,314,0,Opponent,1610612761,Toronto Raptors,2,0,34,Missed Shot,Jump Shot,,Left Corner 3,Left Side(L),24+ ft.,22,-223,20,1,0,20220204,TOR,ATL,22100790314,|1627783|1627832|1628384|1628449|1630173,0,REG,,,2022,1627832,-2.0,PG,Point of Attack,0.9,MISS Bogdanovic 3PT Jump Shot,,,,ATL,1610612737.0,
Shot Chart Detail,22100790,321,0,Opponent,1610612761,Toronto Raptors,2,0,0,Made Shot,Alley Oop Layup shot,,Restricted Area,Center(C),Less Than 8 ft.,2,-2,29,1,1,20220204,TOR,ATL,22100790321,|1627783|1627832|1628384|1628449|1630173,1,REG,,,2022,1628449,-1.0,SF,Helper,0.4,Collins 3' Alley Oop Layup (11 PTS) (Huerter 1 AST),,,,ATL,1610612737.0,1628989.0
Shot Chart Detail,22100790,333,0,Opponent,1610612761,Toronto Raptors,3,11,19,Made Shot,Jump Shot,,In The Paint (Non-RA),Center(C),8-16 ft.,9,37,83,1,1,20220204,TOR,ATL,22100790333,|1627783|1627832|1628384|1629018|1630567,1,REG,,,2022,1629018|1627783,-2.0,,,,,,,,ATL,1610612737.0,1628989.0
Shot Chart Detail,22100790,341,0,Opponent,1610612761,Toronto Raptors,3,10,38,Missed Shot,Driving Floating Jump Shot,,Mid-Range,Left Side(L),8-16 ft.,13,-131,49,1,0,20220204,TOR,ATL,22100790341,|1627783|1627832|1628384|1629018|1630567,0,REG,,,2022,1627783,-2.0,PF,Helper,0.72,MISS Hunter 14' Driving Floating Jump Shot,,,,ATL,1610612737.0,
Shot Chart Detail,22100790,345,0,Opponent,1610612761,Toronto Raptors,3,10,6,Made Shot,Alley Oop Dunk Shot,,Restricted Area,Center(C),Less Than 8 ft.,0,5,-4,1,1,20220204,TOR,ATL,22100790345,|1627783|1627832|1628384|1629018|1630567,1,REG,,,2022,1630567,-2.0,PF,Helper,0.63,Capela 1' Alley Oop Dunk (4 PTS) (Huerter 3 AST),,,,ATL,1610612737.0,1628989.0
Shot Chart Detail,22100790,349,0,Opponent,1610612761,Toronto Raptors,3,9,45,Made Shot,Driving Finger Roll Layup Shot,,Restricted Area,Center(C),Less Than 8 ft.,0,1,1,1,1,20220204,TOR,ATL,22100790349,|1627783|1627832|1628384|1629018|1630567,0,REG,,,2022,1627832|1630567,-2.0,,,,,,,,ATL,1610612737.0,
Shot Chart Detail,22100790,352,0,Opponent,1610612761,Toronto Raptors,3,9,22,Missed Shot,Jump Shot,,Above the Break 3,Right Side Center(RC),24+ ft.,26,121,231,1,0,20220204,TOR,ATL,22100790352,|1627783|1627832|1628384|1629018|1630567,0,REG,,,2022,1627783,-2.0,PF,Helper,0.72,MISS Collins 26' 3PT Jump Shot,,,,ATL,1610612737.0,
Shot Chart Detail,22100790,354,0,Opponent,1610612761,Toronto Raptors,3,9,14,Missed Shot,Alley Oop Layup shot,,Restricted Area,Center(C),Less Than 8 ft.,2,10,28,1,0,20220204,TOR,ATL,22100790354,|1627783|1627832|1628384|1629018|1630567,0,REG,,,2022,1630567,-2.0,PF,Helper,0.63,MISS Capela 3' Alley Oop Layup,,,,ATL,1610612737.0,
Shot Chart Detail,22100790,358,0,Opponent,1610612761,Toronto Raptors,3,9,1,Missed Shot,Jump Shot,,Above the Break 3,Left Side Center(LC),24+ ft.,29,-184,232,1,0,20220204,TOR,ATL,22100790358,|1627783|1627832|1628384|1629018|1630567,0,REG,,,2022,1630567,-4.0,PF,Helper,0.63,MISS Huerter 30' 3PT Jump Shot,,,,ATL,1610612737.0,
Shot Chart Detail,22100790,367,0,Opponent,1610612761,Toronto Raptors,3,8,34,Made Shot,Jump Shot,,In The Paint (Non-RA),Center(C),8-16 ft.,11,-2,113,1,1,20220204,TOR,ATL,22100790367,|1627783|1627832|1628384|1629018|1630567,1,REG,,,2022,1630567,-3.0,PF,Helper,0.63,Collins 11' Jump Shot (15 PTS) (Hunter 2 AST),,,,ATL,1610612737.0,1629631.0
Shot Chart Detail,22100790,376,0,Opponent,1610612761,Toronto Raptors,3,7,26,Made Shot,Reverse Layup Shot,,Restricted Area,Center(C),Less Than 8 ft.,0,-9,4,1,1,20220204,TOR,ATL,22100790376,|1627783|1627832|1628384|1629018|1630567,1,REG,,,2022,1628384,-1.0,SF,Wing Stopper,1.03,Capela 1' Reverse Layup (6 PTS) (Young 9 AST),,,,ATL,1610612737.0,1629027.0
Shot Chart Detail,22100790,383,0,Opponent,1610612761,Toronto Raptors,3,6,27,Made Shot,Reverse Layup Shot,,Restricted Area,Center(C),Less Than 8 ft.,0,6,1,1,1,20220204,TOR,ATL,22100790383,|1627783|1627832|1628384|1629018|1630567,1,REG,,,2022,1628384|1627783,-2.0,,,,,,,,ATL,1610612737.0,1629027.0
Shot Chart Detail,22100790,400,0,Opponent,1610612761,Toronto Raptors,3,5,28,Missed Shot,Driving Floating Jump Shot,,In The Paint (Non-RA),Center(C),8-16 ft.,10,11,104,1,0,20220204,TOR,ATL,22100790400,|1627783|1627832|1628384|1629018|1630567,0,REG,,,2022,1627783,-4.0,PF,Helper,0.72,MISS Young 10' Driving Floating Jump Shot,,,,ATL,1610612737.0,
Shot Chart Detail,22100790,404,0,Opponent,1610612761,Toronto Raptors,3,5,0,Made Shot,Driving Floating Bank Jump Shot,,In The Paint (Non-RA),Center(C),Less Than 8 ft.,7,48,63,1,1,20220204,TOR,ATL,22100790404,|1627783|1627832|1628384|1629018|1630567,0,REG,,,2022,1627832,-5.0,PG,Point of Attack,0.9,Young 8' Driving Floating Bank Jump Shot (16 PTS),,,,ATL,1610612737.0,
Shot Chart Detail,22100790,407,0,Opponent,1610612761,Toronto Raptors,3,4,31,Missed Shot,Jump Shot,,Mid-Range,Center(C),8-16 ft.,15,1,155,1,0,20220204,TOR,ATL,22100790407,|1627783|1627832|1628384|1629018|1630567,0,REG,,,2022,1627783,-8.0,PF,Helper,0.72,MISS Collins 16' Jump Shot,,,,ATL,1610612737.0,
Shot Chart Detail,22100790,410,0,Opponent,1610612761,Toronto Raptors,3,4,22,Missed Shot,Jump Shot,,Right Corner 3,Right Side(R),24+ ft.,23,230,-5,1,0,20220204,TOR,ATL,22100790410,|1627783|1627832|1628384|1629018|1630567,0,REG,,,2022,1627783,-8.0,PF,Helper,0.72,MISS Bogdanovic 3PT Jump Shot,,,,ATL,1610612737.0,
Shot Chart Detail,22100790,412,0,Opponent,1610612761,Toronto Raptors,3,4,13,Made Shot,Driving Layup Shot,,Restricted Area,Center(C),Less Than 8 ft.,0,-4,0,1,1,20220204,TOR,ATL,22100790412,|1627783|1627832|1628384|1629018|1630567,1,REG,,,2022,1630567,-6.0,PF,Helper,0.63,Bogdanovic Driving Layup (13 PTS) (Okongwu 1 AST),,,,ATL,1610612737.0,1630168.0
Shot Chart Detail,22100790,415,0,Opponent,1610612761,Toronto Raptors,3,3,33,Missed Shot,Driving Floating Jump Shot,,Mid-Range,Left Side(L),8-16 ft.,12,-92,86,1,0,20220204,TOR,ATL,22100790415,|1627783|1627832|1628384|1629018|1630567,0,REG,,,2022,1627832,-8.0,PG,Point of Attack,0.9,MISS Young 13' Driving Floating Jump Shot,,,,ATL,1610612737.0,
Shot Chart Detail,22100790,429,0,Opponent,1610612761,Toronto Raptors,3,2,54,Missed Shot,Running Jump Shot,,Above the Break 3,Right Side Center(RC),24+ ft.,24,121,211,1,0,20220204,TOR,ATL,22100790429,|1627832|1628384|1628449|1629018|1630173,0,REG,,,2022,,,,,,,,,,ATL,1610612737.0,
Shot Chart Detail,22100790,441,0,Opponent,1610612761,Toronto Raptors,3,2,17,Missed Shot,Running Jump Shot,,Mid-Range,Center(C),8-16 ft.,14,-21,148,1,0,20220204,TOR,ATL,22100790441,|1627832|1628384|1628449|1629018|1630173,0,REG,,,2022,1629018,-6.0,SG,Chaser,0.19,MISS Young 15' Running Jump Shot,,,,ATL,1610612737.0,
Shot Chart Detail,22100790,444,0,Opponent,1610612761,Toronto Raptors,3,1,48,Made Shot,Step Back Jump shot,,Above the Break 3,Center(C),24+ ft.,27,2,270,1,1,20220204,TOR,ATL,22100790444,|1627832|1628384|1628449|1629018|1630173,0,REG,,,2022,1630173,-6.0,C,Mobile Big,0.24,Bogdanovic 27' 3PT Step Back Jump Shot (16 PTS),,,,ATL,1610612737.0,
Shot Chart Detail,22100790,448,0,Opponent,1610612761,Toronto Raptors,3,0,58,Missed Shot,Jump Shot,,Mid-Range,Left Side(L),16-24 ft.,21,-194,98,1,0,20220204,TOR,ATL,22100790448,|1627832|1628384|1628449|1629018|1630173,0,REG,,,2022,1628449,-8.0,SF,Helper,0.4,MISS Bogdanovic 22' Jump Shot,,,,ATL,1610612737.0,
Shot Chart Detail,22100790,459,0,Opponent,1610612761,Toronto Raptors,3,0,9,Missed Shot,Step Back Jump shot,,Mid-Range,Center(C),16-24 ft.,18,-17,184,1,0,20220204,TOR,ATL,22100790459,|1627832|1628384|1628449|1629018|1630173,0,REG,,,2022,1630173,-12.0,C,Mobile Big,0.24,MISS Williams 18' Step Back Jump Shot,,,,ATL,1610612737.0,
Shot Chart Detail,22100790,461,0,Opponent,1610612761,Toronto Raptors,3,0,7,Made Shot,Tip Layup Shot,,Restricted Area,Center(C),Less Than 8 ft.,0,0,0,1,1,20220204,TOR,ATL,22100790461,|1627832|1628384|1628449|1629018|1630173,0,REG,,,2022,1628449|1628384,-10.0,,,,,,,,ATL,1610612737.0,
Shot Chart Detail,22100790,470,0,Opponent,1610612761,Toronto Raptors,4,11,48,Missed Shot,Pullup Jump shot,,Mid-Range,Center(C),16-24 ft.,21,-23,214,1,0,20220204,TOR,ATL,22100790470,|1627783|1628449|1630173|1630567|1630625,0,REG,,,2022,1630173,-10.0,C,Mobile Big,0.24,MISS Hunter 22' Pullup Jump Shot,,,,ATL,1610612737.0,
Shot Chart Detail,22100790,476,0,Opponent,1610612761,Toronto Raptors,4,11,14,Missed Shot,Running Layup Shot,,Restricted Area,Center(C),Less Than 8 ft.,1,-12,11,1,0,20220204,TOR,ATL,22100790476,|1627783|1628449|1630173|1630567|1630625,0,REG,,,2022,1630173,-10.0,C,Mobile Big,0.24,MISS Hunter 2' Running Layup,,,,ATL,1610612737.0,
Shot Chart Detail,22100790,480,0,Opponent,1610612761,Toronto Raptors,4,10,53,Made Shot,Cutting Dunk Shot,,Restricted Area,Center(C),Less Than 8 ft.,0,1,-4,1,1,20220204,TOR,ATL,22100790480,|1627783|1628449|1630173|1630567|1630625,1,REG,,,2022,1630625,-10.0,PG,Chaser,0.27,Okongwu Cutting Dunk Shot (4 PTS) (Bogdanovic 3 AST),,,,ATL,1610612737.0,203992.0
Shot Chart Detail,22100790,486,0,Opponent,1610612761,Toronto Raptors,4,10,23,Made Shot,Driving Layup Shot,,Restricted Area,Center(C),Less Than 8 ft.,0,2,8,1,1,20220204,TOR,ATL,22100790486,|1627783|1628449|1630173|1630567|1630625,0,REG,,,2022,1630173,-10.0,C,Mobile Big,0.24,Bogdanovic 1' Driving Layup (18 PTS),,,,ATL,1610612737.0,
Shot Chart Detail,22100790,490,0,Opponent,1610612761,Toronto Raptors,4,9,44,Missed Shot,Jump Shot,,Above the Break 3,Left Side Center(LC),24+ ft.,26,-93,253,1,0,20220204,TOR,ATL,22100790490,|1627783|1628449|1630173|1630567|1630625,0,REG,,,2022,1627783,-13.0,PF,Helper,0.72,MISS Hunter 27' 3PT Jump Shot,,,,ATL,1610612737.0,
Shot Chart Detail,22100790,492,0,Opponent,1610612761,Toronto Raptors,4,9,40,Missed Shot,Jump Shot,,Above the Break 3,Left Side Center(LC),24+ ft.,26,-201,165,1,0,20220204,TOR,ATL,22100790492,|1627783|1628449|1630173|1630567|1630625,0,REG,,,2022,1630625,-13.0,PG,Chaser,0.27,MISS Williams 26' 3PT Jump Shot,,,,ATL,1610612737.0,
Shot Chart Detail,22100790,496,0,Opponent,1610612761,Toronto Raptors,4,9,15,Missed Shot,Jump Shot,,Right Corner 3,Right Side(R),24+ ft.,22,222,57,1,0,20220204,TOR,ATL,22100790496,|1627783|1628449|1630173|1630567|1630625,0,REG,,,2022,1630625,-13.0,PG,Chaser,0.27,MISS Bogdanovic 3PT Jump Shot,,,,ATL,1610612737.0,
Shot Chart Detail,22100790,504,0,Opponent,1610612761,Toronto Raptors,4,8,38,Missed Shot,Fadeaway Jump Shot,,Mid-Range,Left Side Center(LC),16-24 ft.,19,-76,181,1,0,20220204,TOR,ATL,22100790504,|1627783|1628449|1630173|1630567|1630625,0,REG,,,2022,1630625|1627783,-14.0,,,,,,,,ATL,1610612737.0,
Shot Chart Detail,22100790,508,0,Opponent,1610612761,Toronto Raptors,4,8,26,Made Shot,Running Layup Shot,,Restricted Area,Center(C),Less Than 8 ft.,1,-6,12,1,1,20220204,TOR,ATL,22100790508,|1627783|1628449|1630173|1630567|1630625,0,REG,,,2022,1628449,-12.0,SF,Helper,0.4,Hunter 1' Running Layup (20 PTS),,,,ATL,1610612737.0,
Shot Chart Detail,22100790,516,0,Opponent,1610612761,Toronto Raptors,4,7,52,Missed Shot,Jump Shot,,Above the Break 3,Right Side Center(RC),24+ ft.,25,80,242,1,0,20220204,TOR,ATL,22100790516,|1627783|1628449|1630173|1630567|1630625,0,REG,,,2022,1627783,-14.0,PF,Helper,0.72,MISS Hunter 25' 3PT Jump Shot,,,,ATL,1610612737.0,
Shot Chart Detail,22100790,529,0,Opponent,1610612761,Toronto Raptors,4,7,24,Made Shot,Jump Shot,,Above the Break 3,Left Side Center(LC),24+ ft.,26,-164,206,1,1,20220204,TOR,ATL,22100790529,|1627783|1627832|1628449|1630173|1630567,1,REG,,,2022,1630567,-13.0,PF,Helper,0.63,Hunter 26' 3PT Jump Shot (23 PTS) (Collins 1 AST),,,,ATL,1610612737.0,1628381.0
Shot Chart Detail,22100790,532,0,Opponent,1610612761,Toronto Raptors,4,6,51,Made Shot,Jump Shot,,Above the Break 3,Left Side Center(LC),24+ ft.,26,-108,242,1,1,20220204,TOR,ATL,22100790532,|1627783|1627832|1628449|1630173|1630567,1,REG,,,2022,1630173,-12.0,C,Mobile Big,0.24,Collins 27' 3PT Jump Shot (18 PTS) (Young 11 AST),,,,ATL,1610612737.0,1629027.0
Shot Chart Detail,22100790,535,0,Opponent,1610612761,Toronto Raptors,4,6,18,Made Shot,Jump Shot,,Above the Break 3,Left Side Center(LC),24+ ft.,26,-197,170,1,1,20220204,TOR,ATL,22100790535,|1627783|1627832|1628449|1630173|1630567,1,REG,,,2022,1628449,-12.0,SF,Helper,0.4,Huerter 26' 3PT Jump Shot (5 PTS) (Bogdanovic 4 AST),,,,ATL,1610612737.0,203992.0
Shot Chart Detail,22100790,543,0,Opponent,1610612761,Toronto Raptors,4,5,47,Missed Shot,Running Jump Shot,,Mid-Range,Right Side Center(RC),16-24 ft.,22,115,194,1,0,20220204,TOR,ATL,22100790543,|1627783|1627832|1628384|1630173|1630567,0,REG,,,2022,1627832,-12.0,PG,Point of Attack,0.9,MISS Hunter 23' Running Jump Shot,,,,ATL,1610612737.0,
Shot Chart Detail,22100790,547,0,Opponent,1610612761,Toronto Raptors,4,5,31,Made Shot,Running Jump Shot,,In The Paint (Non-RA),Center(C),Less Than 8 ft.,5,31,48,1,1,20220204,TOR,ATL,22100790547,|1627783|1627832|1628384|1630173|1630567,1,REG,,,2022,1628384,-10.0,SF,Wing Stopper,1.03,Huerter 6' Running Jump Shot (7 PTS) (Young 12 AST),,,,ATL,1610612737.0,1629027.0
Shot Chart Detail,22100790,551,0,Opponent,1610612761,Toronto Raptors,4,4,45,Made Shot,Jump Shot,,Right Corner 3,Right Side(R),24+ ft.,22,223,5,1,1,20220204,TOR,ATL,22100790551,|1627783|1627832|1628384|1630173|1630567,1,REG,,,2022,1628384,-7.0,SF,Wing Stopper,1.03,Collins 3PT Jump Shot (21 PTS) (Bogdanovic 5 AST),,,,ATL,1610612737.0,203992.0
Shot Chart Detail,22100790,558,0,Opponent,1610612761,Toronto Raptors,4,4,11,Made Shot,Alley Oop Dunk Shot,,Restricted Area,Center(C),Less Than 8 ft.,1,0,11,1,1,20220204,TOR,ATL,22100790558,|1627783|1627832|1628384|1629018|1630567,1,REG,,,2022,1630567,-5.0,PF,Helper,0.63,Collins 1' Alley Oop Dunk (23 PTS) (Young 13 AST),,,,ATL,1610612737.0,1629027.0
Shot Chart Detail,22100790,567,0,Opponent,1610612761,Toronto Raptors,4,3,26,Made Shot,Step Back Jump shot,,Mid-Range,Left Side Center(LC),16-24 ft.,19,-72,185,1,1,20220204,TOR,ATL,22100790567,|1627783|1627832|1628384|1629018|1630567,0,REG,,,2022,1630567,-3.0,PF,Helper,0.63,Young 20' Step Back Jump Shot (20 PTS),,,,ATL,1610612737.0,
Shot Chart Detail,22100790,574,0,Opponent,1610612761,Toronto Raptors,4,2,26,Missed Shot,Fadeaway Jump Shot,,Restricted Area,Center(C),Less Than 8 ft.,3,22,26,1,0,20220204,TOR,ATL,22100790574,|1627783|1627832|1628384|1629018|1630567,0,REG,,,2022,1627832|1627783,-3.0,,,,,,,,ATL,1610612737.0,
Shot Chart Detail,22100790,579,0,Opponent,1610612761,Toronto Raptors,4,2,10,Missed Shot,Pullup Jump shot,,Above the Break 3,Right Side Center(RC),24+ ft.,26,142,223,1,0,20220204,TOR,ATL,22100790579,|1627783|1627832|1628384|1629018|1630567,0,REG,,,2022,1628384,-5.0,SF,Wing Stopper,1.03,Anunoby BLOCK (1 BLK),,,,ATL,1610612737.0,
Shot Chart Detail,22100790,586,0,Opponent,1610612761,Toronto Raptors,4,1,39,Made Shot,Driving Finger Roll Layup Shot,,Restricted Area,Center(C),Less Than 8 ft.,1,5,13,1,1,20220204,TOR,ATL,22100790586,|1627783|1627832|1628384|1629018|1630567,0,REG,,,2022,1627832,-6.0,PG,Point of Attack,0.9,Young 1' Driving Finger Roll Layup (22 PTS),,,,ATL,1610612737.0,
Shot Chart Detail,22100790,589,0,Opponent,1610612761,Toronto Raptors,4,1,16,Missed Shot,Driving Reverse Layup Shot,,Restricted Area,Center(C),Less Than 8 ft.,0,-4,0,1,0,20220204,TOR,ATL,22100790589,|1627783|1627832|1628384|1629018|1630567,0,REG,,,2022,1627832|1628384,-8.0,,,,,,,,ATL,1610612737.0,
Shot Chart Detail,22100790,595,0,Opponent,1610612761,Toronto Raptors,4,0,47,Missed Shot,Turnaround Jump Shot,,Mid-Range,Right Side(R),8-16 ft.,15,143,50,1,0,20220204,TOR,ATL,22100790595,|1627783|1627832|1628384|1629018|1630567,0,REG,,,2022,1627783,-11.0,PF,Helper,0.72,MISS Hunter 15' Turnaround Jump Shot,,,,ATL,1610612737.0,
Shot Chart Detail,22100810,8,0,Opponent,1610612761,Toronto Raptors,1,11,35,Missed Shot,Jump Shot,,Above the Break 3,Left Side Center(LC),24+ ft.,25,-116,232,1,0,20220207,CHA,TOR,221008108,|1627783|1627832|1628384|1629018|1630567,0,REG,,,2022,1630567,0.0,PF,Helper,0.63,MISS Bridges 26' 3PT Jump Shot,,,,CHA,1610612766.0,
Shot Chart Detail,22100810,10,0,Opponent,1610612761,Toronto Raptors,1,11,27,Made Shot,Cutting Layup Shot,,Restricted Area,Center(C),Less Than 8 ft.,0,9,0,1,1,20220207,CHA,TOR,2210081010,|1627783|1627832|1628384|1629018|1630567,1,REG,,,2022,1627832,2.0,PG,Point of Attack,0.9,Bridges 1' Cutting Layup Shot (2 PTS) (Plumlee 1 AST),,,,CHA,1610612766.0,203486.0
Shot Chart Detail,22100810,14,0,Opponent,1610612761,Toronto Raptors,1,10,57,Missed Shot,Alley Oop Layup shot,,Restricted Area,Center(C),Less Than 8 ft.,2,23,12,1,0,20220207,CHA,TOR,2210081014,|1627783|1627832|1628384|1629018|1630567,0,REG,,,2022,1627832,2.0,PG,Point of Attack,0.9,MISS Hayward 3' Alley Oop Layup,,,,CHA,1610612766.0,
Shot Chart Detail,22100810,24,0,Opponent,1610612761,Toronto Raptors,1,9,59,Missed Shot,Step Back Jump shot,,Mid-Range,Left Side Center(LC),16-24 ft.,17,-143,105,1,0,20220207,CHA,TOR,2210081024,|1627783|1627832|1628384|1629018|1630567,0,REG,,,2022,1629018,-2.0,SG,Chaser,0.19,MISS Rozier 18' Step Back Jump Shot,,,,CHA,1610612766.0,
Shot Chart Detail,22100810,28,0,Opponent,1610612761,Toronto Raptors,1,9,41,Made Shot,Driving Reverse Layup Shot,,Restricted Area,Center(C),Less Than 8 ft.,1,15,6,1,1,20220207,CHA,TOR,2210081028,|1627783|1627832|1628384|1629018|1630567,0,REG,,,2022,1627832|1630567,-3.0,,,,,,,,CHA,1610612766.0,
Shot Chart Detail,22100810,40,0,Opponent,1610612761,Toronto Raptors,1,9,2,Made Shot,Pullup Jump shot,,Mid-Range,Center(C),16-24 ft.,17,23,176,1,1,20220207,CHA,TOR,2210081040,|1627783|1627832|1628384|1629018|1630173,0,REG,,,2022,1628384,0.0,SF,Wing Stopper,1.03,Rozier 18' Pullup Jump Shot (2 PTS),,,,CHA,1610612766.0,
Shot Chart Detail,22100810,42,0,Opponent,1610612761,Toronto Raptors,1,8,28,Missed Shot,Jump Shot,,Right Corner 3,Right Side(R),24+ ft.,22,229,17,1,0,20220207,CHA,TOR,2210081042,|1627783|1627832|1628384|1629018|1630173,0,REG,,,2022,1630173,-3.0,C,Mobile Big,0.24,MISS Ball 3PT Jump Shot,,,,CHA,1610612766.0,
Shot Chart Detail,22100810,49,0,Opponent,1610612761,Toronto Raptors,1,8,7,Made Shot,Driving Dunk Shot,,Restricted Area,Center(C),Less Than 8 ft.,0,5,6,1,1,20220207,CHA,TOR,2210081049,|1627783|1627832|1628384|1629018|1630173,0,REG,,,2022,1627783,-4.0,PF,Helper,0.72,Bridges 1' Driving Dunk (4 PTS),,,,CHA,1610612766.0,
Shot Chart Detail,22100810,55,0,Opponent,1610612761,Toronto Raptors,1,7,45,Made Shot,Pullup Jump shot,,Above the Break 3,Center(C),24+ ft.,27,15,274,1,1,20220207,CHA,TOR,2210081055,|1627783|1627832|1628384|1629018|1630173,1,REG,,,2022,1627832,-2.0,PG,Point of Attack,0.9,Ball 27' 3PT Pullup Jump Shot (6 PTS) (Bridges 1 AST),,,,CHA,1610612766.0,1628970.0
Shot Chart Detail,22100810,59,0,Opponent,1610612761,Toronto Raptors,1,6,56,Missed Shot,Jump Shot,,Above the Break 3,Left Side Center(LC),24+ ft.,27,-170,212,1,0,20220207,CHA,TOR,2210081059,|1627783|1627832|1628384|1629018|1630173,0,REG,,,2022,1629018,-5.0,SG,Chaser,0.19,MISS Rozier 27' 3PT Jump Shot,,,,CHA,1610612766.0,
Shot Chart Detail,22100810,63,0,Opponent,1610612761,Toronto Raptors,1,6,40,Made Shot,Jump Shot,,Above the Break 3,Center(C),24+ ft.,25,18,257,1,1,20220207,CHA,TOR,2210081063,|1627783|1627832|1628384|1629018|1630173,1,REG,,,2022,1629018,-2.0,SG,Chaser,0.19,Hayward 26' 3PT Jump Shot (3 PTS) (Bridges 2 AST),,,,CHA,1610612766.0,1628970.0
Shot Chart Detail,22100810,67,0,Opponent,1610612761,Toronto Raptors,1,6,5,Missed Shot,Jump Shot,,Above the Break 3,Left Side Center(LC),24+ ft.,25,-232,100,1,0,20220207,CHA,TOR,2210081067,|1627783|1627832|1628384|1629018|1630173,0,REG,,,2022,1627832,-2.0,PG,Point of Attack,0.9,MISS Hayward 25' 3PT Jump Shot,,,,CHA,1610612766.0,
Shot Chart Detail,22100810,71,0,Opponent,1610612761,Toronto Raptors,1,5,42,Missed Shot,Jump Shot,,Above the Break 3,Left Side Center(LC),24+ ft.,25,-178,185,1,0,20220207,CHA,TOR,2210081071,|1627783|1627832|1628384|1629018|1630173,0,REG,,,2022,1630173,-4.0,C,Mobile Big,0.24,MISS Bridges 26' 3PT Jump Shot,,,,CHA,1610612766.0,
Shot Chart Detail,22100810,82,0,Opponent,1610612761,Toronto Raptors,1,5,0,Missed Shot,Jump Shot,,Mid-Range,Left Side(L),8-16 ft.,13,-138,1,1,0,20220207,CHA,TOR,2210081082,|1627783|1627832|1628384|1629018|1630173,0,REG,,,2022,1630173,-6.0,C,Mobile Big,0.24,MISS Washington 14' Jump Shot,,,,CHA,1610612766.0,
Shot Chart Detail,22100810,85,0,Opponent,1610612761,Toronto Raptors,1,4,35,Made Shot,Cutting Dunk Shot,,Restricted Area,Center(C),Less Than 8 ft.,0,5,6,1,1,20220207,CHA,TOR,2210081085,|1627783|1627832|1628384|1629018|1630173,1,REG,,,2022,1627832,-6.0,PG,Point of Attack,0.9,Washington 1' Cutting Dunk Shot (2 PTS) (Ball 1 AST),,,,CHA,1610612766.0,1630163.0
Shot Chart Detail,22100810,89,0,Opponent,1610612761,Toronto Raptors,1,4,11,Missed Shot,Running Jump Shot,,Left Corner 3,Left Side(L),24+ ft.,23,-233,20,1,0,20220207,CHA,TOR,2210081089,|1627783|1627832|1628384|1629018|1630173,0,REG,,,2022,1628384,-6.0,SF,Wing Stopper,1.03,MISS Oubre Jr. 3PT Running Jump Shot,,,,CHA,1610612766.0,
Shot Chart Detail,22100810,98,0,Opponent,1610612761,Toronto Raptors,1,3,18,Missed Shot,Jump Shot,,Right Corner 3,Right Side(R),24+ ft.,22,228,29,1,0,20220207,CHA,TOR,2210081098,|1627783|1627832|1628449|1629018|1630173,0,REG,,,2022,1627783,-8.0,PF,Helper,0.72,MISS Oubre Jr. 3PT Jump Shot,,,,CHA,1610612766.0,
Shot Chart Detail,22100810,100,0,Opponent,1610612761,Toronto Raptors,1,3,15,Missed Shot,Putback Layup Shot,,Restricted Area,Center(C),Less Than 8 ft.,2,4,20,1,0,20220207,CHA,TOR,22100810100,|1627783|1627832|1628449|1629018|1630173,0,REG,,,2022,1627832,-8.0,PG,Point of Attack,0.9,MISS Ball 2' Putback Layup,,,,CHA,1610612766.0,
Shot Chart Detail,22100810,102,0,Opponent,1610612761,Toronto Raptors,1,3,12,Missed Shot,Putback Layup Shot,,Restricted Area,Center(C),Less Than 8 ft.,1,10,12,1,0,20220207,CHA,TOR,22100810102,|1627783|1627832|1628449|1629018|1630173,0,REG,,,2022,1627832|1630173,-8.0,,,,,,,,CHA,1610612766.0,
Shot Chart Detail,22100810,125,0,Opponent,1610612761,Toronto Raptors,1,1,28,Made Shot,Driving Layup Shot,,Restricted Area,Center(C),Less Than 8 ft.,2,4,29,1,1,20220207,CHA,TOR,22100810125,|1627832|1628384|1628449|1629018|1630173,1,REG,,,2022,1628384,-11.0,SF,Wing Stopper,1.03,Bridges 3' Driving Layup (6 PTS) (Oubre Jr. 1 AST),,,,CHA,1610612766.0,1626162.0
Shot Chart Detail,22100810,129,0,Opponent,1610612761,Toronto Raptors,1,1,12,Made Shot,Running Layup Shot,,Restricted Area,Center(C),Less Than 8 ft.,1,2,11,1,1,20220207,CHA,TOR,22100810129,|1627832|1628384|1628449|1629018|1630173,1,REG,,,2022,1627832,-9.0,PG,Point of Attack,0.9,Oubre Jr. 1' Running Layup (2 PTS) (Bridges 3 AST),,,,CHA,1610612766.0,1628970.0
Shot Chart Detail,22100810,136,0,Opponent,1610612761,Toronto Raptors,1,0,52,Missed Shot,Driving Layup Shot,,Restricted Area,Center(C),Less Than 8 ft.,2,17,18,1,0,20220207,CHA,TOR,22100810136,|1627832|1628384|1628449|1629018|1630173,0,REG,,,2022,1627832,-11.0,PG,Point of Attack,0.9,MISS Smith 2' Driving Layup,,,,CHA,1610612766.0,
Shot Chart Detail,22100810,146,0,Opponent,1610612761,Toronto Raptors,1,0,1,Missed Shot,Jump Shot,,Mid-Range,Right Side Center(RC),16-24 ft.,19,97,164,1,0,20220207,CHA,TOR,22100810146,|1627832|1628384|1628449|1629018|1630173,0,REG,,,2022,1630173,-14.0,C,Mobile Big,0.24,MISS Rozier 19' Jump Shot,,,,CHA,1610612766.0,
Shot Chart Detail,22100810,170,0,Opponent,1610612761,Toronto Raptors,2,11,14,Made Shot,Layup Shot,,Restricted Area,Center(C),Less Than 8 ft.,1,10,8,1,1,20220207,CHA,TOR,22100810170,|1627783|1628384|1628449|1630567|1630625,1,REG,,,2022,1630567,-12.0,PF,Helper,0.63,Oubre Jr. 1' Layup (4 PTS) (Ball 2 AST),,,,CHA,1610612766.0,1630163.0
Shot Chart Detail,22100810,175,0,Opponent,1610612761,Toronto Raptors,2,10,55,Missed Shot,Fadeaway Jump Shot,,In The Paint (Non-RA),Center(C),8-16 ft.,11,49,106,1,0,20220207,CHA,TOR,22100810175,|1627783|1628384|1628449|1630567|1630625,0,REG,,,2022,1628449|1627783,-12.0,,,,,,,,CHA,1610612766.0,
Shot Chart Detail,22100810,178,0,Opponent,1610612761,Toronto Raptors,2,10,29,Missed Shot,Jump Shot,,Above the Break 3,Center(C),24+ ft.,26,11,269,1,0,20220207,CHA,TOR,22100810178,|1627783|1628384|1628449|1630567|1630625,0,REG,,,2022,,,,,,,,,,CHA,1610612766.0,
Shot Chart Detail,22100810,181,0,Opponent,1610612761,Toronto Raptors,2,9,51,Missed Shot,Driving Layup Shot,,Restricted Area,Center(C),Less Than 8 ft.,3,12,29,1,0,20220207,CHA,TOR,22100810181,|1627783|1628384|1628449|1630567|1630625,0,REG,,,2022,1630625,-17.0,PG,Chaser,0.27,MISS Ball 3' Driving Layup,,,,CHA,1610612766.0,
Shot Chart Detail,22100810,189,0,Opponent,1610612761,Toronto Raptors,2,9,16,Missed Shot,Step Back Jump shot,,Above the Break 3,Left Side Center(LC),24+ ft.,29,-151,254,1,0,20220207,CHA,TOR,22100810189,|1627783|1628384|1628449|1630567|1630625,0,REG,,,2022,1627783,-19.0,PF,Helper,0.72,MISS Ball 30' 3PT Step Back Jump Shot,,,,CHA,1610612766.0,
Shot Chart Detail,22100810,191,0,Opponent,1610612761,Toronto Raptors,2,9,10,Missed Shot,Pullup Jump shot,,Above the Break 3,Right Side Center(RC),24+ ft.,25,140,216,1,0,20220207,CHA,TOR,22100810191,|1627783|1628384|1628449|1630567|1630625,0,REG,,,2022,1628449,-19.0,SF,Helper,0.4,MISS Washington 26' 3PT Pullup Jump Shot,,,,CHA,1610612766.0,
Shot Chart Detail,22100810,204,0,Opponent,1610612761,Toronto Raptors,2,8,12,Made Shot,Running Layup Shot,,Restricted Area,Center(C),Less Than 8 ft.,1,12,7,1,1,20220207,CHA,TOR,22100810204,|1627783|1628384|1628449|1630567|1630625,1,REG,,,2022,1627783,-19.0,PF,Helper,0.72,Washington 1' Running Layup (4 PTS) (Ball 3 AST),,,,CHA,1610612766.0,1630163.0
Shot Chart Detail,22100810,215,0,Opponent,1610612761,Toronto Raptors,2,7,46,Made Shot,Driving Layup Shot,,Restricted Area,Center(C),Less Than 8 ft.,2,-18,23,1,1,20220207,CHA,TOR,22100810215,|1627783|1628384|1630567|1630625|203920,0,REG,,,2022,1627783,-18.0,PF,Helper,0.72,Ball 3' Driving Layup (8 PTS),,,,CHA,1610612766.0,
Shot Chart Detail,22100810,218,0,Opponent,1610612761,Toronto Raptors,2,7,12,Missed Shot,Fadeaway Jump Shot,,Above the Break 3,Left Side Center(LC),24+ ft.,25,-154,209,1,0,20220207,CHA,TOR,22100810218,|1627783|1628384|1630567|1630625|203920,0,REG,,,2022,1630625,-18.0,PG,Chaser,0.27,MISS Rozier 26' 3PT Fadeaway Jumper,,,,CHA,1610612766.0,
Shot Chart Detail,22100810,221,0,Opponent,1610612761,Toronto Raptors,2,6,35,Missed Shot,Pullup Jump shot,,Mid-Range,Center(C),16-24 ft.,18,42,180,1,0,20220207,CHA,TOR,22100810221,|1627783|1628384|1630567|1630625|203920,0,REG,,,2022,1630567,-20.0,PF,Helper,0.63,MISS Rozier 18' Pullup Jump Shot,,,,CHA,1610612766.0,
Shot Chart Detail,22100810,225,0,Opponent,1610612761,Toronto Raptors,2,6,12,Missed Shot,Pullup Jump shot,,Above the Break 3,Left Side Center(LC),24+ ft.,26,-103,241,1,0,20220207,CHA,TOR,22100810225,|1627783|1628384|1630567|1630625|203920,0,REG,,,2022,1627783,-22.0,PF,Helper,0.72,MISS Oubre Jr. 26' 3PT Pullup Jump Shot,,,,CHA,1610612766.0,
Shot Chart Detail,22100810,232,0,Opponent,1610612761,Toronto Raptors,2,5,48,Made Shot,Dunk Shot,,Restricted Area,Center(C),Less Than 8 ft.,0,6,6,1,1,20220207,CHA,TOR,22100810232,|1627783|1627832|1629018|1630567|203920,1,REG,,,2022,1627832,-20.0,PG,Point of Attack,0.9,Washington 1' Dunk (6 PTS) (Ball 4 AST),,,,CHA,1610612766.0,1630163.0
Shot Chart Detail,22100810,236,0,Opponent,1610612761,Toronto Raptors,2,5,21,Made Shot,Floating Jump shot,,In The Paint (Non-RA),Center(C),8-16 ft.,8,-21,86,1,1,20220207,CHA,TOR,22100810236,|1627783|1627832|1629018|1630567|203920,0,REG,,,2022,203920|1627783,-21.0,,,,,,,,CHA,1610612766.0,
Shot Chart Detail,22100810,246,0,Opponent,1610612761,Toronto Raptors,2,4,38,Missed Shot,Jump Shot,,Right Corner 3,Right Side(R),24+ ft.,23,230,39,1,0,20220207,CHA,TOR,22100810246,|1627783|1627832|1629018|1630567|203920,0,REG,,,2022,1630567,-21.0,PF,Helper,0.63,MISS Oubre Jr. 3PT Jump Shot,,,,CHA,1610612766.0,
Shot Chart Detail,22100810,250,0,Opponent,1610612761,Toronto Raptors,2,4,14,Made Shot,Cutting Dunk Shot,,Restricted Area,Center(C),Less Than 8 ft.,2,11,17,1,1,20220207,CHA,TOR,22100810250,|1627783|1627832|1629018|1630567|203920,1,REG,,,2022,,,,,,,,,,CHA,1610612766.0,1629023.0
Shot Chart Detail,22100810,255,0,Opponent,1610612761,Toronto Raptors,2,3,46,Missed Shot,Jump Shot,,Left Corner 3,Left Side(L),24+ ft.,24,-229,80,1,0,20220207,CHA,TOR,22100810255,|1627783|1627832|1629018|1630567|203920,0,REG,,,2022,1627832,-19.0,PG,Point of Attack,0.9,MISS Rozier 24' 3PT Jump Shot,,,,CHA,1610612766.0,
Shot Chart Detail,22100810,259,0,Opponent,1610612761,Toronto Raptors,2,3,23,Missed Shot,Driving Layup Shot,,Restricted Area,Center(C),Less Than 8 ft.,2,-16,17,1,0,20220207,CHA,TOR,22100810259,|1627783|1627832|1629018|1630567|203920,0,REG,,,2022,1629018,-19.0,SG,Chaser,0.19,MISS Ball 2' Driving Layup,,,,CHA,1610612766.0,
Shot Chart Detail,22100810,277,0,Opponent,1610612761,Toronto Raptors,2,2,21,Missed Shot,Driving Layup Shot,,Restricted Area,Center(C),Less Than 8 ft.,2,18,11,1,0,20220207,CHA,TOR,22100810277,|1627783|1627832|1628384|1629018|1630567,0,REG,,,2022,1628384,-19.0,SF,Wing Stopper,1.03,MISS Ball 2' Driving Layup,,,,CHA,1610612766.0,
Shot Chart Detail,22100810,281,0,Opponent,1610612761,Toronto Raptors,2,2,9,Missed Shot,Running Layup Shot,,Restricted Area,Center(C),Less Than 8 ft.,0,7,-1,1,0,20220207,CHA,TOR,22100810281,|1627783|1627832|1628384|1629018|1630567,0,REG,,,2022,1627832,-19.0,PG,Point of Attack,0.9,MISS Ball 1' Running Layup,,,,CHA,1610612766.0,
Shot Chart Detail,22100810,283,0,Opponent,1610612761,Toronto Raptors,2,1,57,Missed Shot,Jump Shot,,Right Corner 3,Right Side(R),24+ ft.,23,232,4,1,0,20220207,CHA,TOR,22100810283,|1627783|1627832|1628384|1629018|1630567,0,REG,,,2022,1627783,-19.0,PF,Helper,0.72,MISS Ball 3PT Jump Shot,,,,CHA,1610612766.0,
Shot Chart Detail,22100810,287,0,Opponent,1610612761,Toronto Raptors,2,1,47,Made Shot,Layup Shot,,Restricted Area,Center(C),Less Than 8 ft.,1,6,8,1,1,20220207,CHA,TOR,22100810287,|1627783|1627832|1628384|1629018|1630567,0,REG,,,2022,1627832,-17.0,PG,Point of Attack,0.9,Washington 1' Layup (8 PTS),,,,CHA,1610612766.0,
Shot Chart Detail,22100810,290,0,Opponent,1610612761,Toronto Raptors,2,1,20,Made Shot,Running Layup Shot,,Restricted Area,Center(C),Less Than 8 ft.,1,15,10,1,1,20220207,CHA,TOR,22100810290,|1627783|1627832|1628384|1629018|1630567,0,REG,,,2022,1629018|1627783,-15.0,,,,,,,,CHA,1610612766.0,
Shot Chart Detail,22100810,293,0,Opponent,1610612761,Toronto Raptors,2,0,51,Made Shot,Cutting Layup Shot,,Restricted Area,Center(C),Less Than 8 ft.,1,13,13,1,1,20220207,CHA,TOR,22100810293,|1627783|1627832|1628384|1629018|1630567,1,REG,,,2022,1628384,-15.0,SF,Wing Stopper,1.03,Oubre Jr. 2' Cutting Layup Shot (10 PTS) (Ball 5 AST),,,,CHA,1610612766.0,1630163.0
Shot Chart Detail,22100810,297,0,Opponent,1610612761,Toronto Raptors,2,0,20,Missed Shot,Jump Shot,,Left Corner 3,Left Side(L),24+ ft.,23,-233,12,1,0,20220207,CHA,TOR,22100810297,|1627783|1627832|1628384|1629018|1630567,0,REG,,,2022,1627832,-15.0,PG,Point of Attack,0.9,MISS Oubre Jr. 3PT Jump Shot,,,,CHA,1610612766.0,
Shot Chart Detail,22100810,302,0,Opponent,1610612761,Toronto Raptors,2,2,9,Missed Shot,Putback Layup Shot,,Restricted Area,Center(C),Less Than 8 ft.,2,5,28,1,0,20220207,CHA,TOR,22100810302,|1627783|1627832|1628384|1629018|1630567,0,REG,,,2022,1627832|1629018,-19.0,,,,,,,,CHA,1610612766.0,
Shot Chart Detail,22100810,313,0,Opponent,1610612761,Toronto Raptors,3,11,20,Made Shot,Jump Shot,,Right Corner 3,Right Side(R),24+ ft.,22,222,3,1,1,20220207,CHA,TOR,22100810313,|1627783|1627832|1628384|1629018|1630567,1,REG,,,2022,1630567,-13.0,PF,Helper,0.63,Rozier 3PT Jump Shot (7 PTS) (Oubre Jr. 2 AST),,,,CHA,1610612766.0,1626162.0
Shot Chart Detail,22100810,317,0,Opponent,1610612761,Toronto Raptors,3,10,58,Made Shot,Running Layup Shot,,Restricted Area,Center(C),Less Than 8 ft.,2,12,16,1,1,20220207,CHA,TOR,22100810317,|1627783|1627832|1628384|1629018|1630567,1,REG,,,2022,1627832,-11.0,PG,Point of Attack,0.9,Plumlee 2' Running Layup (2 PTS) (Bridges 4 AST),,,,CHA,1610612766.0,1628970.0
Shot Chart Detail,22100810,321,0,Opponent,1610612761,Toronto Raptors,3,10,42,Made Shot,Running Alley Oop Dunk Shot,,Restricted Area,Center(C),Less Than 8 ft.,1,6,8,1,1,20220207,CHA,TOR,22100810321,|1627783|1627832|1628384|1629018|1630567,1,REG,,,2022,1627783,-9.0,PF,Helper,0.72,Ball 1' Running Alley Oop Dunk Shot (12 PTS) (Rozier 1 AST),,,,CHA,1610612766.0,1626179.0
Shot Chart Detail,22100810,325,0,Opponent,1610612761,Toronto Raptors,3,10,14,Made Shot,Running Layup Shot,,Restricted Area,Center(C),Less Than 8 ft.,1,-12,9,1,1,20220207,CHA,TOR,22100810325,|1627783|1627832|1628384|1629018|1630567,1,REG,,,2022,1629018,-7.0,SG,Chaser,0.19,Oubre Jr. 2' Running Layup (12 PTS) (Plumlee 2 AST),,,,CHA,1610612766.0,203486.0
Shot Chart Detail,22100810,333,0,Opponent,1610612761,Toronto Raptors,3,9,28,Missed Shot,Driving Layup Shot,,In The Paint (Non-RA),Center(C),Less Than 8 ft.,6,1,61,1,0,20220207,CHA,TOR,22100810333,|1627783|1627832|1628384|1629018|1630567,0,REG,,,2022,1628384|1630567,-9.0,,,,,,,,CHA,1610612766.0,
Shot Chart Detail,22100810,337,0,Opponent,1610612761,Toronto Raptors,3,9,5,Made Shot,Driving Layup Shot,,Restricted Area,Center(C),Less Than 8 ft.,1,-13,3,1,1,20220207,CHA,TOR,22100810337,|1627783|1627832|1628384|1629018|1630567,0,REG,,,2022,1627832,-7.0,PG,Point of Attack,0.9,Rozier 1' Driving Layup (9 PTS),,,,CHA,1610612766.0,
Shot Chart Detail,22100810,340,0,Opponent,1610612761,Toronto Raptors,3,8,30,Missed Shot,Driving Floating Bank Jump Shot,,In The Paint (Non-RA),Center(C),Less Than 8 ft.,6,65,25,1,0,20220207,CHA,TOR,22100810340,|1627783|1627832|1628384|1629018|1630567,0,REG,,,2022,1630567,-10.0,PF,Helper,0.63,MISS Bridges 7' Driving Floating Bank Jump Shot,,,,CHA,1610612766.0,
Shot Chart Detail,22100810,344,0,Opponent,1610612761,Toronto Raptors,3,8,4,Made Shot,Layup Shot,,Restricted Area,Center(C),Less Than 8 ft.,1,1,19,1,1,20220207,CHA,TOR,22100810344,|1627783|1627832|1628384|1629018|1630567,1,REG,,,2022,1627783|1630567,-11.0,,,,,,,,CHA,1610612766.0,1630163.0
Shot Chart Detail,22100810,347,0,Opponent,1610612761,Toronto Raptors,3,7,42,Made Shot,Driving Layup Shot,,Restricted Area,Center(C),Less Than 8 ft.,1,16,5,1,1,20220207,CHA,TOR,22100810347,|1627783|1627832|1628384|1629018|1630567,0,REG,,,2022,1627783|1630567,-9.0,,,,,,,,CHA,1610612766.0,
Shot Chart Detail,22100810,351,0,Opponent,1610612761,Toronto Raptors,3,7,8,Made Shot,Jump Shot,,Right Corner 3,Right Side(R),24+ ft.,23,230,4,1,1,20220207,CHA,TOR,22100810351,|1627783|1627832|1628384|1629018|1630567,1,REG,,,2022,1629018,-9.0,SG,Chaser,0.19,Rozier 3PT Jump Shot (12 PTS) (Plumlee 3 AST),,,,CHA,1610612766.0,203486.0
Shot Chart Detail,22100810,355,0,Opponent,1610612761,Toronto Raptors,3,6,45,Missed Shot,Running Jump Shot,,Above the Break 3,Left Side Center(LC),24+ ft.,24,-213,127,1,0,20220207,CHA,TOR,22100810355,|1627783|1627832|1628384|1629018|1630567,0,REG,,,2022,1630567,-9.0,PF,Helper,0.63,MISS Ball 25' 3PT Running Jump Shot,,,,CHA,1610612766.0,
Shot Chart Detail,22100810,359,0,Opponent,1610612761,Toronto Raptors,3,6,25,Missed Shot,Jump Shot,,Left Corner 3,Left Side(L),24+ ft.,22,-229,14,1,0,20220207,CHA,TOR,22100810359,|1627783|1627832|1628384|1629018|1630567,0,REG,,,2022,1627783,-12.0,PF,Helper,0.72,MISS Oubre Jr. 3PT Jump Shot,,,,CHA,1610612766.0,
Shot Chart Detail,22100810,368,0,Opponent,1610612761,Toronto Raptors,3,5,58,Missed Shot,Hook Shot,,In The Paint (Non-RA),Center(C),Less Than 8 ft.,7,5,74,1,0,20220207,CHA,TOR,22100810368,|1627783|1627832|1628384|1629018|1630173,0,REG,,,2022,1628384,-14.0,SF,Wing Stopper,1.03,MISS Washington 7' Hook Shot,,,,CHA,1610612766.0,
Shot Chart Detail,22100810,376,0,Opponent,1610612761,Toronto Raptors,3,5,24,Made Shot,Jump Shot,,Above the Break 3,Right Side Center(RC),24+ ft.,25,179,184,1,1,20220207,CHA,TOR,22100810376,|1627783|1627832|1628384|1629018|1630173,1,REG,,,2022,,,,,,,,,,CHA,1610612766.0,1626179.0
Shot Chart Detail,22100810,380,0,Opponent,1610612761,Toronto Raptors,3,4,59,Missed Shot,Running Layup Shot,,Restricted Area,Center(C),Less Than 8 ft.,1,-15,13,1,0,20220207,CHA,TOR,22100810380,|1627783|1627832|1628384|1629018|1630173,0,REG,,,2022,1627783,-9.0,PF,Helper,0.72,MISS Rozier 2' Running Layup,,,,CHA,1610612766.0,
Shot Chart Detail,22100810,384,0,Opponent,1610612761,Toronto Raptors,3,4,47,Made Shot,Driving Layup Shot,,Restricted Area,Center(C),Less Than 8 ft.,1,-10,17,1,1,20220207,CHA,TOR,22100810384,|1627783|1627832|1628384|1629018|1630173,1,REG,,,2022,1628384|1630173,-7.0,,,,,,,,CHA,1610612766.0,1626179.0
Shot Chart Detail,22100810,387,0,Opponent,1610612761,Toronto Raptors,3,4,5,Missed Shot,Jump Shot,,Above the Break 3,Right Side Center(RC),24+ ft.,24,221,105,1,0,20220207,CHA,TOR,22100810387,|1627783|1627832|1628384|1629018|1630173,0,REG,,,2022,1627783,-10.0,PF,Helper,0.72,MISS Bridges 24' 3PT Jump Shot,,,,CHA,1610612766.0,
Shot Chart Detail,22100810,393,0,Opponent,1610612761,Toronto Raptors,3,3,40,Made Shot,Running Dunk Shot,,Restricted Area,Center(C),Less Than 8 ft.,0,-9,-1,1,1,20220207,CHA,TOR,22100810393,|1627783|1627832|1628384|1629018|1630173,0,REG,,,2022,1629018|1627783,-8.0,,,,,,,,CHA,1610612766.0,
Shot Chart Detail,22100810,396,0,Opponent,1610612761,Toronto Raptors,3,3,9,Made Shot,Jump Shot,,Above the Break 3,Right Side Center(RC),24+ ft.,25,165,198,1,1,20220207,CHA,TOR,22100810396,|1627783|1627832|1628384|1629018|1630173,1,REG,,,2022,1627783,-5.0,PF,Helper,0.72,Rozier 26' 3PT Jump Shot (17 PTS) (Ball 7 AST),,,,CHA,1610612766.0,1630163.0
Shot Chart Detail,22100810,404,0,Opponent,1610612761,Toronto Raptors,3,2,33,Made Shot,Driving Layup Shot,,Restricted Area,Center(C),Less Than 8 ft.,1,-17,8,1,1,20220207,CHA,TOR,22100810404,|1627783|1627832|1628449|1629018|1630173,1,REG,,,2022,1627783,-3.0,PF,Helper,0.72,Bridges 2' Driving Layup (12 PTS) (Rozier 4 AST),,,,CHA,1610612766.0,1626179.0
Shot Chart Detail,22100810,412,0,Opponent,1610612761,Toronto Raptors,3,1,56,Missed Shot,Jump Shot,,Above the Break 3,Left Side Center(LC),24+ ft.,25,-102,235,1,0,20220207,CHA,TOR,22100810412,|1627783|1627832|1628449|1629018|1630173,0,REG,,,2022,1630173,-5.0,C,Mobile Big,0.24,MISS Bridges 26' 3PT Jump Shot,,,,CHA,1610612766.0,
Shot Chart Detail,22100810,433,0,Opponent,1610612761,Toronto Raptors,3,0,45,Missed Shot,Fadeaway Jump Shot,,Above the Break 3,Right Side Center(RC),24+ ft.,25,188,168,1,0,20220207,CHA,TOR,22100810433,|1627832|1628449|1629018|1630173|1630567,0,REG,,,2022,1629018,-5.0,SG,Chaser,0.19,MISS Rozier 25' 3PT Fadeaway Jumper,,,,CHA,1610612766.0,
Shot Chart Detail,22100810,437,0,Opponent,1610612761,Toronto Raptors,3,0,22,Missed Shot,Jump Shot,,Left Corner 3,Left Side(L),24+ ft.,23,-230,-11,1,0,20220207,CHA,TOR,22100810437,|1627832|1628449|1629018|1630173|1630567,0,REG,,,2022,1630567,-5.0,PF,Helper,0.63,MISS Oubre Jr. 3PT Jump Shot,,,,CHA,1610612766.0,
Shot Chart Detail,22100810,454,0,Opponent,1610612761,Toronto Raptors,4,11,45,Missed Shot,Pullup Jump shot,,Mid-Range,Left Side Center(LC),16-24 ft.,16,-96,140,1,0,20220207,CHA,TOR,22100810454,|1627783|1628384|1628449|1630567|1630625,0,REG,,,2022,1630625,-5.0,PG,Chaser,0.27,MISS Smith 17' Pullup Jump Shot,,,,CHA,1610612766.0,
Shot Chart Detail,22100810,461,0,Opponent,1610612761,Toronto Raptors,4,10,57,Made Shot,Cutting Dunk Shot,,Restricted Area,Center(C),Less Than 8 ft.,1,-9,5,1,1,20220207,CHA,TOR,22100810461,|1627783|1628384|1628449|1630567|1630625,1,REG,,,2022,1630625,-5.0,PG,Chaser,0.27,Plumlee 1' Cutting Dunk Shot (6 PTS) (Ball 8 AST),,,,CHA,1610612766.0,1630163.0
Shot Chart Detail,22100810,477,0,Opponent,1610612761,Toronto Raptors,4,9,34,Missed Shot,Jump Shot,,Above the Break 3,Right Side Center(RC),24+ ft.,26,123,236,1,0,20220207,CHA,TOR,22100810477,|1627783|1628384|1628449|1630567|1630625,0,REG,,,2022,1630625,-8.0,PG,Chaser,0.27,MISS Washington 27' 3PT Jump Shot,,,,CHA,1610612766.0,
Shot Chart Detail,22100810,480,0,Opponent,1610612761,Toronto Raptors,4,9,27,Missed Shot,Jump Shot,,Above the Break 3,Center(C),24+ ft.,25,-47,248,1,0,20220207,CHA,TOR,22100810480,|1627783|1628384|1628449|1630567|1630625,0,REG,,,2022,1627783|1630567,-8.0,,,,,,,,CHA,1610612766.0,
Shot Chart Detail,22100810,486,0,Opponent,1610612761,Toronto Raptors,4,9,6,Missed Shot,Driving Layup Shot,,Restricted Area,Center(C),Less Than 8 ft.,2,11,20,1,0,20220207,CHA,TOR,22100810486,|1627783|1628384|1628449|1630567|1630625,0,REG,,,2022,1630625|1630567,-8.0,,,,,,,,CHA,1610612766.0,
Shot Chart Detail,22100810,497,0,Opponent,1610612761,Toronto Raptors,4,8,52,Missed Shot,Pullup Jump shot,,Above the Break 3,Center(C),24+ ft.,26,5,263,1,0,20220207,CHA,TOR,22100810497,|1627783|1628384|1628449|1630567|1630625,0,REG,,,2022,1628449|1628384,-9.0,,,,,,,,CHA,1610612766.0,
Shot Chart Detail,22100810,505,0,Opponent,1610612761,Toronto Raptors,4,8,31,Missed Shot,Pullup Jump shot,,Mid-Range,Left Side Center(LC),16-24 ft.,17,-92,148,1,0,20220207,CHA,TOR,22100810505,|1627783|1628384|1628449|1630567|1630625,0,REG,,,2022,1628384,-9.0,SF,Wing Stopper,1.03,MISS Ball 17' Pullup Jump Shot,,,,CHA,1610612766.0,
Shot Chart Detail,22100810,520,0,Opponent,1610612761,Toronto Raptors,4,7,31,Made Shot,Cutting Layup Shot,,Restricted Area,Center(C),Less Than 8 ft.,1,13,5,1,1,20220207,CHA,TOR,22100810520,|1627783|1627832|1628384|1628449|203920,1,REG,,,2022,203920,-9.0,C,Mobile Big,0.63,Oubre Jr. 1' Cutting Layup Shot (15 PTS) (Plumlee 4 AST),,,,CHA,1610612766.0,203486.0
Shot Chart Detail,22100810,524,0,Opponent,1610612761,Toronto Raptors,4,7,7,Missed Shot,Running Pull-Up Jump Shot,,Mid-Range,Right Side Center(RC),16-24 ft.,22,115,188,1,0,20220207,CHA,TOR,22100810524,|1627783|1627832|1628384|1628449|203920,0,REG,,,2022,203920,-9.0,C,Mobile Big,0.63,MISS Bridges 22' Running Pull-Up Jump Shot,,,,CHA,1610612766.0,
Shot Chart Detail,22100810,533,0,Opponent,1610612761,Toronto Raptors,4,6,4,Made Shot,Jump Shot,,Right Corner 3,Right Side(R),24+ ft.,23,233,14,1,1,20220207,CHA,TOR,22100810533,|1627783|1627832|1628384|1628449|203920,1,REG,,,2022,,,,,,,,,,CHA,1610612766.0,1626179.0
Shot Chart Detail,22100810,537,0,Opponent,1610612761,Toronto Raptors,4,5,23,Missed Shot,Pullup Jump shot,,Above the Break 3,Center(C),24+ ft.,27,-29,273,1,0,20220207,CHA,TOR,22100810537,|1627783|1627832|1628384|1628449|203920,0,REG,,,2022,1627783,-12.0,PF,Helper,0.72,MISS Ball 27' 3PT Pullup Jump Shot,,,,CHA,1610612766.0,
Shot Chart Detail,22100810,547,0,Opponent,1610612761,Toronto Raptors,4,5,11,Missed Shot,Driving Layup Shot,,In The Paint (Non-RA),Center(C),Less Than 8 ft.,5,-15,53,1,0,20220207,CHA,TOR,22100810547,|1627783|1627832|1628449|1629018|203920,0,REG,,,2022,1627832|203920,-14.0,,,,,,,,CHA,1610612766.0,
Shot Chart Detail,22100810,565,0,Opponent,1610612761,Toronto Raptors,4,4,38,Missed Shot,Layup Shot,,Restricted Area,Center(C),Less Than 8 ft.,2,15,22,1,0,20220207,CHA,TOR,22100810565,|1627783|1627832|1628449|1629018|1630567,0,REG,,,2022,1629018,-14.0,SG,Chaser,0.19,MISS Bridges 3' Layup,,,,CHA,1610612766.0,
Shot Chart Detail,22100810,568,0,Opponent,1610612761,Toronto Raptors,4,4,29,Made Shot,Layup Shot,,Restricted Area,Center(C),Less Than 8 ft.,1,9,5,1,1,20220207,CHA,TOR,22100810568,|1627783|1627832|1628449|1629018|1630567,1,REG,,,2022,1630567,-12.0,PF,Helper,0.63,Oubre Jr. 1' Layup (17 PTS) (Rozier 6 AST),,,,CHA,1610612766.0,1626179.0
Shot Chart Detail,22100810,571,0,Opponent,1610612761,Toronto Raptors,4,3,52,Missed Shot,Driving Floating Jump Shot,,In The Paint (Non-RA),Center(C),Less Than 8 ft.,5,-6,56,1,0,20220207,CHA,TOR,22100810571,|1627783|1627832|1628449|1629018|1630567,0,REG,,,2022,1627832,-14.0,PG,Point of Attack,0.9,MISS Ball 6' Driving Floating Jump Shot,,,,CHA,1610612766.0,
Shot Chart Detail,22100810,573,0,Opponent,1610612761,Toronto Raptors,4,3,49,Made Shot,Tip Layup Shot,,Restricted Area,Center(C),Less Than 8 ft.,0,0,0,1,1,20220207,CHA,TOR,22100810573,|1627783|1627832|1628449|1629018|1630567,0,REG,,,2022,1628449|1630567,-12.0,,,,,,,,CHA,1610612766.0,
Shot Chart Detail,22100810,585,0,Opponent,1610612761,Toronto Raptors,4,3,22,Missed Shot,Jump Shot,,Above the Break 3,Left Side Center(LC),24+ ft.,24,-168,184,1,0,20220207,CHA,TOR,22100810585,|1627783|1627832|1628384|1629018|1630567,0,REG,,,2022,1630567,-14.0,PF,Helper,0.63,MISS Rozier 25' 3PT Jump Shot,,,,CHA,1610612766.0,
Shot Chart Detail,22100810,588,0,Opponent,1610612761,Toronto Raptors,4,2,57,Made Shot,Cutting Layup Shot,,Restricted Area,Center(C),Less Than 8 ft.,1,11,14,1,1,20220207,CHA,TOR,22100810588,|1627783|1627832|1628384|1629018|1630567,1,REG,,,2022,1627832|1630567,-12.0,,,,,,,,CHA,1610612766.0,1630163.0
Shot Chart Detail,22100810,612,0,Opponent,1610612761,Toronto Raptors,4,1,19,Missed Shot,Jump Shot,,Above the Break 3,Center(C),24+ ft.,26,-38,263,1,0,20220207,CHA,TOR,22100810612,|1627783|1627832|1628384|1629018|1630567,0,REG,,,2022,1627783,-14.0,PF,Helper,0.72,MISS Washington 27' 3PT Jump Shot,,,,CHA,1610612766.0,
Shot Chart Detail,22100810,614,0,Opponent,1610612761,Toronto Raptors,4,1,12,Made Shot,Jump Shot,,Right Corner 3,Right Side(R),24+ ft.,23,230,20,1,1,20220207,CHA,TOR,22100810614,|1627783|1627832|1628384|1629018|1630567,1,REG,,,2022,1630567,-11.0,PF,Helper,0.63,Rozier 3PT Jump Shot (20 PTS) (Bridges 5 AST),,,,CHA,1610612766.0,1628970.0
Shot Chart Detail,22100810,630,0,Opponent,1610612761,Toronto Raptors,4,0,53,Missed Shot,Jump Shot,,Above the Break 3,Right Side Center(RC),24+ ft.,25,96,237,1,0,20220207,CHA,TOR,22100810630,|1629004|1629139|1630201|1630567|1630625,0,REG,,,2022,1629139,-14.0,SF,Helper,0.1,MISS Rozier 26' 3PT Jump Shot,,,,CHA,1610612766.0,
Shot Chart Detail,22100810,636,0,Opponent,1610612761,Toronto Raptors,4,0,33,Made Shot,Jump Shot,,Above the Break 3,Left Side Center(LC),24+ ft.,25,-168,188,1,1,20220207,CHA,TOR,22100810636,|1629004|1629139|1630201|1630567|1630625,1,REG,,,2022,1630625,-13.0,PG,Chaser,0.27,Bridges 25' 3PT Jump Shot (25 PTS) (Washington 2 AST),,,,CHA,1610612766.0,1629023.0
Shot Chart Detail,22100810,639,0,Opponent,1610612761,Toronto Raptors,4,0,18,Missed Shot,Pullup Jump shot,,Above the Break 3,Left Side Center(LC),24+ ft.,24,-105,226,1,0,20220207,CHA,TOR,22100810639,|1629004|1629139|1630201|1630567|1630625,0,REG,,,2022,1629139,-13.0,SF,Helper,0.1,MISS Bridges 25' 3PT Pullup Jump Shot,,,,CHA,1610612766.0,
Shot Chart Detail,22100810,645,0,Opponent,1610612761,Toronto Raptors,4,0,7,Missed Shot,Pullup Jump shot,,Above the Break 3,Right Side Center(RC),24+ ft.,28,100,272,1,0,20220207,CHA,TOR,22100810645,|1629004|1629139|1630201|1630567|1630625,0,REG,,,2022,1629139,-15.0,SF,Helper,0.1,MISS Washington 29' 3PT Pullup Jump Shot,,,,CHA,1610612766.0,
Shot Chart Detail,22100827,8,0,Opponent,1610612761,Toronto Raptors,1,11,24,Made Shot,Jump Shot,,Above the Break 3,Center(C),24+ ft.,27,12,276,1,1,20220209,OKC,TOR,221008278,|1627783|1627832|1628384|1629018|1630567,1,REG,,,2022,1627783,1.0,PF,Helper,0.72,Dort 28' 3PT Jump Shot (3 PTS) (Giddey 1 AST),,,,OKC,1610612760.0,1630581.0
Shot Chart Detail,22100827,13,0,Opponent,1610612761,Toronto Raptors,1,10,58,Missed Shot,Jump Shot,,Above the Break 3,Right Side Center(RC),24+ ft.,27,208,184,1,0,20220209,OKC,TOR,2210082713,|1627783|1627832|1628384|1629018|1630567,0,REG,,,2022,1629018,1.0,SG,Chaser,0.19,MISS Mann 28' 3PT Jump Shot,,,,OKC,1610612760.0,
Shot Chart Detail,22100827,23,0,Opponent,1610612761,Toronto Raptors,1,10,0,Missed Shot,Driving Floating Jump Shot,,Mid-Range,Left Side(L),8-16 ft.,9,-94,-1,1,0,20220209,OKC,TOR,2210082723,|1627783|1627832|1628384|1629018|1630567,0,REG,,,2022,1627832,-1.0,PG,Point of Attack,0.9,MISS Mann 9' Driving Floating Jump Shot,,,,OKC,1610612760.0,
Shot Chart Detail,22100827,25,0,Opponent,1610612761,Toronto Raptors,1,9,53,Missed Shot,Jump Shot,,Mid-Range,Left Side(L),8-16 ft.,9,-93,5,1,0,20220209,OKC,TOR,2210082725,|1627783|1627832|1628384|1629018|1630567,0,REG,,,2022,1627783,-1.0,PF,Helper,0.72,MISS Giddey 9' Jump Shot,,,,OKC,1610612760.0,
Shot Chart Detail,22100827,27,0,Opponent,1610612761,Toronto Raptors,1,9,49,Missed Shot,Jump Shot,,Above the Break 3,Center(C),24+ ft.,26,71,256,1,0,20220209,OKC,TOR,2210082727,|1627783|1627832|1628384|1629018|1630567,0,REG,,,2022,1628384,-1.0,SF,Wing Stopper,1.03,MISS Dort 27' 3PT Jump Shot,,,,OKC,1610612760.0,
Shot Chart Detail,22100827,33,0,Opponent,1610612761,Toronto Raptors,1,9,21,Made Shot,Driving Dunk Shot,,Restricted Area,Center(C),Less Than 8 ft.,3,-28,24,1,1,20220209,OKC,TOR,2210082733,|1627783|1627832|1628384|1629018|1630567,1,REG,,,2022,1630567|1628384,-1.0,,,,,,,,OKC,1610612760.0,1629652.0
Shot Chart Detail,22100827,39,0,Opponent,1610612761,Toronto Raptors,1,8,53,Missed Shot,Driving Reverse Layup Shot,,In The Paint (Non-RA),Center(C),Less Than 8 ft.,4,29,31,1,0,20220209,OKC,TOR,2210082739,|1627783|1627832|1628384|1629018|1630567,0,REG,,,2022,1627783,-3.0,PF,Helper,0.72,MISS Bazley 4' Driving Reverse Layup,,,,OKC,1610612760.0,
Shot Chart Detail,22100827,43,0,Opponent,1610612761,Toronto Raptors,1,8,26,Missed Shot,Pullup Jump shot,,Above the Break 3,Center(C),24+ ft.,27,56,269,1,0,20220209,OKC,TOR,2210082743,|1627783|1627832|1628384|1629018|1630567,0,REG,,,2022,1628384,-3.0,SF,Wing Stopper,1.03,MISS Dort 27' 3PT Pullup Jump Shot,,,,OKC,1610612760.0,
Shot Chart Detail,22100827,47,0,Opponent,1610612761,Toronto Raptors,1,8,12,Missed Shot,Running Layup Shot,,In The Paint (Non-RA),Center(C),Less Than 8 ft.,6,48,40,1,0,20220209,OKC,TOR,2210082747,|1627783|1627832|1628384|1629018|1630567,0,REG,,,2022,1627783,-3.0,PF,Helper,0.72,MISS Dort 6' Running Layup,,,,OKC,1610612760.0,
Shot Chart Detail,22100827,49,0,Opponent,1610612761,Toronto Raptors,1,8,6,Made Shot,Driving Layup Shot,,In The Paint (Non-RA),Right Side(R),8-16 ft.,8,58,58,1,1,20220209,OKC,TOR,2210082749,|1627783|1627832|1628384|1629018|1630567,1,REG,,,2022,1627783,-1.0,PF,Helper,0.72,Dort 8' Driving Layup (5 PTS) (Bazley 1 AST),,,,OKC,1610612760.0,1629647.0
Shot Chart Detail,22100827,60,0,Opponent,1610612761,Toronto Raptors,1,6,41,Missed Shot,Pullup Jump shot,,In The Paint (Non-RA),Center(C),Less Than 8 ft.,5,-33,41,1,0,20220209,OKC,TOR,2210082760,|1627783|1627832|1628384|1629018|1630567,0,REG,,,2022,1627832,-2.0,PG,Point of Attack,0.9,MISS Giddey 5' Pullup Jump Shot,,,,OKC,1610612760.0,
Shot Chart Detail,22100827,71,0,Opponent,1610612761,Toronto Raptors,1,6,14,Missed Shot,Jump Shot,,Above the Break 3,Center(C),24+ ft.,27,-76,268,1,0,20220209,OKC,TOR,2210082771,|1627783|1627832|1628384|1629018|1630173,0,REG,,,2022,1629018,-4.0,SG,Chaser,0.19,MISS Mann 28' 3PT Jump Shot,,,,OKC,1610612760.0,
Shot Chart Detail,22100827,76,0,Opponent,1610612761,Toronto Raptors,1,5,48,Made Shot,Running Jump Shot,,Left Corner 3,Left Side(L),24+ ft.,24,-237,67,1,1,20220209,OKC,TOR,2210082776,|1627783|1627832|1628384|1629018|1630173,1,REG,,,2022,1627783,-1.0,PF,Helper,0.72,Pokusevski 25' 3PT Running Jump Shot (3 PTS) (Mann 1 AST),,,,OKC,1610612760.0,1630544.0
Shot Chart Detail,22100827,80,0,Opponent,1610612761,Toronto Raptors,1,5,11,Missed Shot,Driving Layup Shot,,In The Paint (Non-RA),Center(C),Less Than 8 ft.,5,33,47,1,0,20220209,OKC,TOR,2210082780,|1627783|1627832|1628384|1629018|1630173,0,REG,,,2022,1630173,-4.0,C,Mobile Big,0.24,MISS Mann 6' Driving Layup,,,,OKC,1610612760.0,
Shot Chart Detail,22100827,83,0,Opponent,1610612761,Toronto Raptors,1,4,52,Made Shot,Driving Dunk Shot,,In The Paint (Non-RA),Center(C),Less Than 8 ft.,6,43,43,1,1,20220209,OKC,TOR,2210082783,|1627783|1627832|1628384|1629018|1630173,1,REG,,,2022,1630173,-4.0,C,Mobile Big,0.24,Bazley 6' Driving Dunk (4 PTS) (Giddey 2 AST),,,,OKC,1610612760.0,1630581.0
Shot Chart Detail,22100827,85,0,Opponent,1610612761,Toronto Raptors,1,4,37,Missed Shot,Jump Shot,,Above the Break 3,Right Side Center(RC),24+ ft.,26,232,124,1,0,20220209,OKC,TOR,2210082785,|1627783|1627832|1628384|1629018|1630173,0,REG,,,2022,1627832,-6.0,PG,Point of Attack,0.9,MISS Dort 26' 3PT Jump Shot,,,,OKC,1610612760.0,
Shot Chart Detail,22100827,116,0,Opponent,1610612761,Toronto Raptors,1,3,2,Missed Shot,Layup Shot,,Restricted Area,Center(C),Less Than 8 ft.,3,-20,29,1,0,20220209,OKC,TOR,22100827116,|1627783|1627832|1628449|1629018|1630173,0,REG,,,2022,1627783,-5.0,PF,Helper,0.72,MISS Bazley 4' Layup,,,,OKC,1610612760.0,
Shot Chart Detail,22100827,119,0,Opponent,1610612761,Toronto Raptors,1,2,57,Missed Shot,Pullup Jump shot,,Above the Break 3,Center(C),24+ ft.,26,26,267,1,0,20220209,OKC,TOR,22100827119,|1627783|1627832|1628449|1629018|1630173,0,REG,,,2022,1629018,-5.0,SG,Chaser,0.19,MISS Jerome 27' 3PT Pullup Jump Shot,,,,OKC,1610612760.0,
Shot Chart Detail,22100827,133,0,Opponent,1610612761,Toronto Raptors,1,2,1,Missed Shot,Jump Shot,,Above the Break 3,Left Side Center(LC),24+ ft.,26,-126,232,1,0,20220209,OKC,TOR,22100827133,|1627832|1628449|1629018|1630173|1630567,0,REG,,,2022,1627832,-5.0,PG,Point of Attack,0.9,MISS Jerome 26' 3PT Jump Shot,,,,OKC,1610612760.0,
Shot Chart Detail,22100827,137,0,Opponent,1610612761,Toronto Raptors,1,1,22,Made Shot,Driving Layup Shot,,In The Paint (Non-RA),Center(C),Less Than 8 ft.,5,13,50,1,1,20220209,OKC,TOR,22100827137,|1627832|1628449|1629018|1630173|1630567,1,REG,,,2022,1627832|1630173,-5.0,,,,,,,,OKC,1610612760.0,1629026.0
Shot Chart Detail,22100827,140,0,Opponent,1610612761,Toronto Raptors,1,0,53,Missed Shot,Jump Shot,,Above the Break 3,Center(C),24+ ft.,26,-67,261,1,0,20220209,OKC,TOR,22100827140,|1627832|1628449|1629018|1630173|1630567,0,REG,,,2022,1628449,-8.0,SF,Helper,0.4,MISS Williams 27' 3PT Jump Shot,,,,OKC,1610612760.0,
Shot Chart Detail,22100827,146,0,Opponent,1610612761,Toronto Raptors,1,0,27,Made Shot,Layup Shot,,Restricted Area,Center(C),Less Than 8 ft.,3,-28,17,1,1,20220209,OKC,TOR,22100827146,|1627832|1628449|1629018|1630173|1630567,1,REG,,,2022,1628449,-10.0,SF,Helper,0.4,Pokusevski 3' Layup (5 PTS) (Dort 2 AST),,,,OKC,1610612760.0,1629652.0
Shot Chart Detail,22100827,160,0,Opponent,1610612761,Toronto Raptors,2,11,47,Missed Shot,Jump Shot,,Above the Break 3,Left Side Center(LC),24+ ft.,25,-145,215,1,0,20220209,OKC,TOR,22100827160,|1627783|1628384|1628449|1630567|1630625,0,REG,,,2022,1630567,-12.0,PF,Helper,0.63,MISS Jerome 26' 3PT Jump Shot,,,,OKC,1610612760.0,
Shot Chart Detail,22100827,163,0,Opponent,1610612761,Toronto Raptors,2,11,13,Made Shot,Pullup Jump shot,,Mid-Range,Right Side(R),8-16 ft.,15,141,56,1,1,20220209,OKC,TOR,22100827163,|1627783|1628384|1628449|1630567|1630625,1,REG,,,2022,1627783,-13.0,PF,Helper,0.72,Giddey 15' Pullup Jump Shot (2 PTS) (Williams 2 AST),,,,OKC,1610612760.0,1629026.0
Shot Chart Detail,22100827,167,0,Opponent,1610612761,Toronto Raptors,2,10,47,Missed Shot,Jump Shot,,Above the Break 3,Right Side Center(RC),24+ ft.,28,109,268,1,0,20220209,OKC,TOR,22100827167,|1627783|1628384|1628449|1630567|1630625,0,REG,,,2022,1630567,-13.0,PF,Helper,0.63,MISS Maledon 29' 3PT Jump Shot,,,,OKC,1610612760.0,
Shot Chart Detail,22100827,172,0,Opponent,1610612761,Toronto Raptors,2,10,7,Made Shot,Layup Shot,,In The Paint (Non-RA),Center(C),Less Than 8 ft.,4,25,43,1,1,20220209,OKC,TOR,22100827172,|1627783|1628384|1628449|1630567|1630625,0,REG,,,2022,1628384|1627783,-13.0,,,,,,,,OKC,1610612760.0,
Shot Chart Detail,22100827,175,0,Opponent,1610612761,Toronto Raptors,2,9,45,Missed Shot,Jump Shot,,Above the Break 3,Left Side Center(LC),24+ ft.,26,-167,211,1,0,20220209,OKC,TOR,22100827175,|1627783|1628384|1628449|1630567|1630625,0,REG,,,2022,1630625,-13.0,PG,Chaser,0.27,MISS Pokusevski 27' 3PT Jump Shot,,,,OKC,1610612760.0,
Shot Chart Detail,22100827,182,0,Opponent,1610612761,Toronto Raptors,2,9,15,Missed Shot,Running Layup Shot,,In The Paint (Non-RA),Center(C),Less Than 8 ft.,5,40,40,1,0,20220209,OKC,TOR,22100827182,|1627783|1628384|1628449|1630567|1630625,0,REG,,,2022,1627783,-13.0,PF,Helper,0.72,MISS Maledon 6' Running Layup,,,,OKC,1610612760.0,
Shot Chart Detail,22100827,189,0,Opponent,1610612761,Toronto Raptors,2,8,56,Made Shot,Cutting Layup Shot,,In The Paint (Non-RA),Center(C),Less Than 8 ft.,6,38,51,1,1,20220209,OKC,TOR,22100827189,|1627783|1628384|1628449|1630567|1630625,1,REG,,,2022,1628384,-14.0,SF,Wing Stopper,1.03,Jerome 6' Cutting Layup Shot (2 PTS) (Williams 3 AST),,,,OKC,1610612760.0,1629026.0
Shot Chart Detail,22100827,193,0,Opponent,1610612761,Toronto Raptors,2,8,33,Made Shot,Driving Finger Roll Layup Shot,,Restricted Area,Center(C),Less Than 8 ft.,3,28,21,1,1,20220209,OKC,TOR,22100827193,|1627783|1628384|1628449|1630567|1630625,0,REG,,,2022,1627783,-12.0,PF,Helper,0.72,Williams 4' Driving Finger Roll Layup (2 PTS),,,,OKC,1610612760.0,
Shot Chart Detail,22100827,199,0,Opponent,1610612761,Toronto Raptors,2,7,56,Missed Shot,Jump Shot,,Right Corner 3,Right Side(R),24+ ft.,24,230,84,1,0,20220209,OKC,TOR,22100827199,|1627783|1628384|1628449|1630567|1630625,0,REG,,,2022,1628384,-12.0,SF,Wing Stopper,1.03,MISS Maledon 24' 3PT Jump Shot,,,,OKC,1610612760.0,
Shot Chart Detail,22100827,203,0,Opponent,1610612761,Toronto Raptors,2,7,32,Missed Shot,Jump Shot,,Left Corner 3,Left Side(L),24+ ft.,22,-229,1,1,0,20220209,OKC,TOR,22100827203,|1627783|1628384|1628449|1630567|1630625,0,REG,,,2022,1630567,-12.0,PF,Helper,0.63,MISS Jerome 3PT Jump Shot,,,,OKC,1610612760.0,
Shot Chart Detail,22100827,213,0,Opponent,1610612761,Toronto Raptors,2,6,55,Missed Shot,Jump Shot,,Left Corner 3,Left Side(L),24+ ft.,22,-225,3,1,0,20220209,OKC,TOR,22100827213,|1627783|1627832|1628384|1630567|203920,0,REG,,,2022,1628384,-15.0,SF,Wing Stopper,1.03,MISS Giddey 3PT Jump Shot,,,,OKC,1610612760.0,
Shot Chart Detail,22100827,217,0,Opponent,1610612761,Toronto Raptors,2,6,33,Made Shot,Running Jump Shot,,Above the Break 3,Left Side Center(LC),24+ ft.,26,-200,177,1,1,20220209,OKC,TOR,22100827217,|1627783|1627832|1628384|1630567|203920,1,REG,,,2022,1627783,-12.0,PF,Helper,0.72,Jerome 27' 3PT Running Jump Shot (5 PTS) (Williams 4 AST),,,,OKC,1610612760.0,1629026.0
Shot Chart Detail,22100827,221,0,Opponent,1610612761,Toronto Raptors,2,6,12,Made Shot,Running Jump Shot,,Above the Break 3,Left Side Center(LC),24+ ft.,25,-199,161,1,1,20220209,OKC,TOR,22100827221,|1627783|1627832|1628384|1630567|203920,1,REG,,,2022,1630567,-9.0,PF,Helper,0.63,Jerome 26' 3PT Running Jump Shot (8 PTS) (Pokusevski 1 AST),,,,OKC,1610612760.0,1630197.0
Shot Chart Detail,22100827,233,0,Opponent,1610612761,Toronto Raptors,2,5,40,Missed Shot,Running Layup Shot,,In The Paint (Non-RA),Center(C),Less Than 8 ft.,6,49,36,1,0,20220209,OKC,TOR,22100827233,|1627783|1627832|1628384|1629018|203920,0,REG,,,2022,1627783,-9.0,PF,Helper,0.72,MISS Bazley 6' Running Layup,,,,OKC,1610612760.0,
Shot Chart Detail,22100827,244,0,Opponent,1610612761,Toronto Raptors,2,4,46,Made Shot,Jump Shot,,Above the Break 3,Right Side Center(RC),24+ ft.,31,175,266,1,1,20220209,OKC,TOR,22100827244,|1627783|1627832|1628384|1629018|203920,1,REG,,,2022,203920,-8.0,C,Mobile Big,0.63,Jerome 32' 3PT Jump Shot (11 PTS) (Giddey 3 AST),,,,OKC,1610612760.0,1630581.0
Shot Chart Detail,22100827,250,0,Opponent,1610612761,Toronto Raptors,2,4,6,Made Shot,Running Jump Shot,,Above the Break 3,Left Side Center(LC),24+ ft.,25,-199,164,1,1,20220209,OKC,TOR,22100827250,|1627783|1627832|1628384|1629018|203920,1,REG,,,2022,,,,,,,,,,OKC,1610612760.0,1629026.0
Shot Chart Detail,22100827,253,0,Opponent,1610612761,Toronto Raptors,2,3,32,Missed Shot,Layup Shot,,In The Paint (Non-RA),Center(C),Less Than 8 ft.,6,33,55,1,0,20220209,OKC,TOR,22100827253,|1627783|1627832|1628384|1629018|203920,0,REG,,,2022,1627783,-7.0,PF,Helper,0.72,MISS Bazley 6' Layup,,,,OKC,1610612760.0,
Shot Chart Detail,22100827,255,0,Opponent,1610612761,Toronto Raptors,2,3,26,Missed Shot,Step Back Jump shot,,Above the Break 3,Left Side Center(LC),24+ ft.,26,-107,242,1,0,20220209,OKC,TOR,22100827255,|1627783|1627832|1628384|1629018|203920,0,REG,,,2022,203920,-7.0,C,Mobile Big,0.63,MISS Jerome 26' 3PT Step Back Jump Shot,,,,OKC,1610612760.0,
Shot Chart Detail,22100827,277,0,Opponent,1610612761,Toronto Raptors,2,2,22,Missed Shot,Jump Shot,,Right Corner 3,Right Side(R),24+ ft.,23,234,21,1,0,20220209,OKC,TOR,22100827277,|1627783|1627832|1628384|1629018|1630567,0,REG,,,2022,1630567,-14.0,PF,Helper,0.63,MISS Mann 3PT Jump Shot,,,,OKC,1610612760.0,
Shot Chart Detail,22100827,284,0,Opponent,1610612761,Toronto Raptors,2,1,47,Made Shot,Jump Shot,,Above the Break 3,Left Side Center(LC),24+ ft.,24,-222,103,1,1,20220209,OKC,TOR,22100827284,|1627783|1627832|1628384|1629018|1630567,1,REG,,,2022,1628384,-11.0,SF,Wing Stopper,1.03,Bazley 24' 3PT Jump Shot (10 PTS) (Maledon 1 AST),,,,OKC,1610612760.0,1630177.0
Shot Chart Detail,22100827,288,0,Opponent,1610612761,Toronto Raptors,2,1,13,Made Shot,Running Finger Roll Layup Shot,,In The Paint (Non-RA),Center(C),Less Than 8 ft.,6,27,56,1,1,20220209,OKC,TOR,22100827288,|1627783|1627832|1628384|1629018|1630567,0,REG,,,2022,1628384,-9.0,SF,Wing Stopper,1.03,Pokusevski 6' Running Finger Roll Layup (7 PTS),,,,OKC,1610612760.0,
Shot Chart Detail,22100827,291,0,Opponent,1610612761,Toronto Raptors,2,0,56,Made Shot,Cutting Dunk Shot,,Restricted Area,Center(C),Less Than 8 ft.,3,32,11,1,1,20220209,OKC,TOR,22100827291,|1627783|1627832|1628384|1629018|1630567,1,REG,,,2022,1629018,-7.0,SG,Chaser,0.19,Bazley 3' Cutting Dunk Shot (12 PTS) (Maledon 2 AST),,,,OKC,1610612760.0,1630177.0
Shot Chart Detail,22100827,295,0,Opponent,1610612761,Toronto Raptors,2,0,30,Made Shot,Running Layup Shot,,In The Paint (Non-RA),Center(C),Less Than 8 ft.,5,44,40,1,1,20220209,OKC,TOR,22100827295,|1627783|1627832|1628384|1629018|1630567,1,REG,,,2022,1627783,-5.0,PF,Helper,0.72,Maledon 6' Running Layup (2 PTS) (Dort 3 AST),,,,OKC,1610612760.0,1629652.0
Shot Chart Detail,22100827,303,0,Opponent,1610612761,Toronto Raptors,2,0,0,Missed Shot,Pullup Jump shot,,Mid-Range,Right Side Center(RC),16-24 ft.,21,115,180,1,0,20220209,OKC,TOR,22100827303,|1627783|1627832|1628384|1629018|1630567,0,REG,,,2022,1628384,-8.0,SF,Wing Stopper,1.03,MISS Dort 21' Pullup Jump Shot,,,,OKC,1610612760.0,
Shot Chart Detail,22100827,319,0,Opponent,1610612761,Toronto Raptors,3,11,25,Missed Shot,Jump Shot,,Right Corner 3,Right Side(R),24+ ft.,22,229,5,1,0,20220209,OKC,TOR,22100827319,|1627783|1627832|1628384|1629018|1630567,0,REG,,,2022,1627783,-8.0,PF,Helper,0.72,MISS Bazley 3PT Jump Shot,,,,OKC,1610612760.0,
Shot Chart Detail,22100827,323,0,Opponent,1610612761,Toronto Raptors,3,11,0,Made Shot,Jump Shot,,Above the Break 3,Right Side Center(RC),24+ ft.,27,202,186,1,1,20220209,OKC,TOR,22100827323,|1627783|1627832|1628384|1629018|1630567,1,REG,,,2022,1627783,-5.0,PF,Helper,0.72,Dort 27' 3PT Jump Shot (13 PTS) (Bazley 2 AST),,,,OKC,1610612760.0,1629647.0
Shot Chart Detail,22100827,331,0,Opponent,1610612761,Toronto Raptors,3,9,56,Missed Shot,Driving Layup Shot,,In The Paint (Non-RA),Center(C),Less Than 8 ft.,5,-43,27,1,0,20220209,OKC,TOR,22100827331,|1627783|1627832|1628384|1629018|1630567,0,REG,,,2022,1630567,-8.0,PF,Helper,0.63,MISS Mann 5' Driving Layup,,,,OKC,1610612760.0,
Shot Chart Detail,22100827,335,0,Opponent,1610612761,Toronto Raptors,3,9,27,Missed Shot,Jump Shot,,Above the Break 3,Left Side Center(LC),24+ ft.,27,-191,194,1,0,20220209,OKC,TOR,22100827335,|1627783|1627832|1628384|1629018|1630567,0,REG,,,2022,1630567,-11.0,PF,Helper,0.63,MISS Giddey 27' 3PT Jump Shot,,,,OKC,1610612760.0,
Shot Chart Detail,22100827,339,0,Opponent,1610612761,Toronto Raptors,3,9,9,Missed Shot,Jump Shot,,Above the Break 3,Right Side Center(RC),24+ ft.,26,180,190,1,0,20220209,OKC,TOR,22100827339,|1627783|1627832|1628384|1629018|1630567,0,REG,,,2022,1630567,-11.0,PF,Helper,0.63,MISS Dort 26' 3PT Jump Shot,,,,OKC,1610612760.0,
Shot Chart Detail,22100827,341,0,Opponent,1610612761,Toronto Raptors,3,9,4,Made Shot,Floating Jump shot,,In The Paint (Non-RA),Center(C),Less Than 8 ft.,6,-60,27,1,1,20220209,OKC,TOR,22100827341,|1627783|1627832|1628384|1629018|1630567,0,REG,,,2022,1629018,-9.0,SG,Chaser,0.19,Giddey 7' Floating Jump Shot (9 PTS),,,,OKC,1610612760.0,
Shot Chart Detail,22100827,346,0,Opponent,1610612761,Toronto Raptors,3,8,25,Made Shot,Driving Floating Jump Shot,,In The Paint (Non-RA),Center(C),Less Than 8 ft.,7,-1,71,1,1,20220209,OKC,TOR,22100827346,|1627783|1627832|1628384|1629018|1630567,0,REG,,,2022,1630567|1627832|1627783,-9.0,,,,,,,,OKC,1610612760.0,
Shot Chart Detail,22100827,353,0,Opponent,1610612761,Toronto Raptors,3,7,42,Missed Shot,Turnaround Fadeaway Bank Jump Shot,,In The Paint (Non-RA),Center(C),Less Than 8 ft.,7,-49,57,1,0,20220209,OKC,TOR,22100827353,|1627783|1627832|1628384|1629018|1630567,0,REG,,,2022,1627783,-11.0,PF,Helper,0.72,MISS Maledon 8' Turnaround Fadeaway Bank Jump Shot,,,,OKC,1610612760.0,
Shot Chart Detail,22100827,372,0,Opponent,1610612761,Toronto Raptors,3,6,10,Missed Shot,Jump Shot,,Above the Break 3,Right Side Center(RC),24+ ft.,27,159,225,1,0,20220209,OKC,TOR,22100827372,|1627783|1627832|1628384|1629018|1630567,0,REG,,,2022,1627783,-16.0,PF,Helper,0.72,MISS Maledon 28' 3PT Jump Shot,,,,OKC,1610612760.0,
Shot Chart Detail,22100827,376,0,Opponent,1610612761,Toronto Raptors,3,5,50,Made Shot,Layup Shot,,In The Paint (Non-RA),Center(C),Less Than 8 ft.,6,-26,60,1,1,20220209,OKC,TOR,22100827376,|1627783|1627832|1628384|1629018|1630567,0,REG,,,2022,1629018,-14.0,SG,Chaser,0.19,Maledon 7' Layup (4 PTS),,,,OKC,1610612760.0,
Shot Chart Detail,22100827,385,0,Opponent,1610612761,Toronto Raptors,3,5,16,Missed Shot,Jump Shot,,Left Corner 3,Left Side(L),24+ ft.,23,-234,15,1,0,20220209,OKC,TOR,22100827385,|1627783|1627832|1628384|1629018|1630173,0,REG,,,2022,1630173,-17.0,C,Mobile Big,0.24,MISS Williams 3PT Jump Shot,,,,OKC,1610612760.0,
Shot Chart Detail,22100827,387,0,Opponent,1610612761,Toronto Raptors,3,5,9,Missed Shot,Jump Shot,,Above the Break 3,Left Side Center(LC),24+ ft.,28,-159,232,1,0,20220209,OKC,TOR,22100827387,|1627783|1627832|1628384|1629018|1630173,0,REG,,,2022,1630173,-17.0,C,Mobile Big,0.24,MISS Williams 28' 3PT Jump Shot,,,,OKC,1610612760.0,
Shot Chart Detail,22100827,391,0,Opponent,1610612761,Toronto Raptors,3,4,50,Made Shot,Jump Shot,,Above the Break 3,Right Side Center(RC),24+ ft.,27,210,173,1,1,20220209,OKC,TOR,22100827391,|1627783|1627832|1628384|1629018|1630173,1,REG,,,2022,1628384,-14.0,SF,Wing Stopper,1.03,Maledon 27' 3PT Jump Shot (7 PTS) (Williams 6 AST),,,,OKC,1610612760.0,1629026.0
Shot Chart Detail,22100827,398,0,Opponent,1610612761,Toronto Raptors,3,4,24,Missed Shot,Jump Shot,,Above the Break 3,Left Side Center(LC),24+ ft.,27,-183,205,1,0,20220209,OKC,TOR,22100827398,|1627783|1627832|1628384|1629018|1630173,0,REG,,,2022,1627832,-14.0,PG,Point of Attack,0.9,MISS Jerome 27' 3PT Jump Shot,,,,OKC,1610612760.0,
Shot Chart Detail,22100827,414,0,Opponent,1610612761,Toronto Raptors,3,3,36,Missed Shot,Running Jump Shot,,Above the Break 3,Right Side Center(RC),24+ ft.,24,200,148,1,0,20220209,OKC,TOR,22100827414,|1627832|1628449|1629018|1630173|1630567,0,REG,,,2022,1629018,-14.0,SG,Chaser,0.19,MISS Jerome 25' 3PT Running Jump Shot,,,,OKC,1610612760.0,
Shot Chart Detail,22100827,416,0,Opponent,1610612761,Toronto Raptors,3,3,31,Missed Shot,Jump Shot,,Above the Break 3,Left Side Center(LC),24+ ft.,28,-96,272,1,0,20220209,OKC,TOR,22100827416,|1627832|1628449|1629018|1630173|1630567,0,REG,,,2022,1628449,-14.0,SF,Helper,0.4,MISS Dort 29' 3PT Jump Shot,,,,OKC,1610612760.0,
Shot Chart Detail,22100827,418,0,Opponent,1610612761,Toronto Raptors,3,3,27,Made Shot,Putback Layup Shot,,In The Paint (Non-RA),Center(C),Less Than 8 ft.,4,39,20,1,1,20220209,OKC,TOR,22100827418,|1627832|1628449|1629018|1630173|1630567,0,REG,,,2022,1630173,-12.0,C,Mobile Big,0.24,Pokusevski 4' Putback Layup (9 PTS),,,,OKC,1610612760.0,
Shot Chart Detail,22100827,423,0,Opponent,1610612761,Toronto Raptors,3,2,55,Made Shot,Jump Shot,,Above the Break 3,Right Side Center(RC),24+ ft.,26,176,193,1,1,20220209,OKC,TOR,22100827423,|1627832|1628449|1629018|1630173|1630567,1,REG,,,2022,1628449,-12.0,SF,Helper,0.4,Pokusevski 26' 3PT Jump Shot (12 PTS) (Dort 4 AST),,,,OKC,1610612760.0,1629652.0
Shot Chart Detail,22100827,431,0,Opponent,1610612761,Toronto Raptors,3,2,18,Missed Shot,Jump Shot,,Above the Break 3,Center(C),24+ ft.,30,-85,291,1,0,20220209,OKC,TOR,22100827431,|1627832|1628449|1629018|1630173|1630567,0,REG,,,2022,1629018,-12.0,SG,Chaser,0.19,MISS Jerome 30' 3PT Jump Shot,,,,OKC,1610612760.0,
Shot Chart Detail,22100827,437,0,Opponent,1610612761,Toronto Raptors,3,1,56,Made Shot,Layup Shot,,In The Paint (Non-RA),Center(C),Less Than 8 ft.,4,-34,34,1,1,20220209,OKC,TOR,22100827437,|1627832|1628449|1629018|1630173|1630567,1,REG,,,2022,1630173,-10.0,C,Mobile Big,0.24,Williams 5' Layup (4 PTS) (Maledon 3 AST),,,,OKC,1610612760.0,1630177.0
Shot Chart Detail,22100827,440,0,Opponent,1610612761,Toronto Raptors,3,1,19,Missed Shot,Jump Shot,,Above the Break 3,Right Side Center(RC),24+ ft.,26,203,165,1,0,20220209,OKC,TOR,22100827440,|1627832|1628449|1629018|1630173|1630567,0,REG,,,2022,1627832,-12.0,PG,Point of Attack,0.9,MISS Dort 26' 3PT Jump Shot,,,,OKC,1610612760.0,
Shot Chart Detail,22100827,448,0,Opponent,1610612761,Toronto Raptors,3,0,2,Missed Shot,Jump Shot,,Right Corner 3,Right Side(R),24+ ft.,23,230,6,1,0,20220209,OKC,TOR,22100827448,|1627832|1628449|1629018|1630173|1630567,0,REG,,,2022,,,,,,,,,,OKC,1610612760.0,
Shot Chart Detail,22100827,465,0,Opponent,1610612761,Toronto Raptors,4,11,19,Missed Shot,Jump Shot,,Above the Break 3,Right Side Center(RC),24+ ft.,26,140,230,1,0,20220209,OKC,TOR,22100827465,|1627783|1628384|1628449|1630173|1630625,0,REG,,,2022,1630625,-15.0,PG,Chaser,0.27,MISS Williams 27' 3PT Jump Shot,,,,OKC,1610612760.0,
Shot Chart Detail,22100827,472,0,Opponent,1610612761,Toronto Raptors,4,10,14,Missed Shot,Jump Shot,,Above the Break 3,Left Side Center(LC),24+ ft.,26,-221,141,1,0,20220209,OKC,TOR,22100827472,|1627783|1628384|1628449|1630173|1630625,0,REG,,,2022,1628384,-20.0,SF,Wing Stopper,1.03,MISS Giddey 26' 3PT Jump Shot,,,,OKC,1610612760.0,
Shot Chart Detail,22100827,476,0,Opponent,1610612761,Toronto Raptors,4,10,4,Made Shot,Jump Shot,,Above the Break 3,Left Side Center(LC),24+ ft.,27,-199,196,1,1,20220209,OKC,TOR,22100827476,|1627783|1628384|1628449|1630173|1630625,1,REG,,,2022,1627783,-17.0,PF,Helper,0.72,Maledon 28' 3PT Jump Shot (10 PTS) (Jerome 1 AST),,,,OKC,1610612760.0,1629660.0
Shot Chart Detail,22100827,483,0,Opponent,1610612761,Toronto Raptors,4,9,22,Made Shot,Driving Layup Shot,,In The Paint (Non-RA),Center(C),Less Than 8 ft.,4,-39,27,1,1,20220209,OKC,TOR,22100827483,|1627783|1628384|1628449|1630173|1630625,1,REG,,,2022,1627783,-17.0,PF,Helper,0.72,Maledon 5' Driving Layup (12 PTS) (Giddey 4 AST),,,,OKC,1610612760.0,1630581.0
Shot Chart Detail,22100827,492,0,Opponent,1610612761,Toronto Raptors,4,8,56,Made Shot,Floating Jump shot,,Mid-Range,Right Side(R),8-16 ft.,9,94,11,1,1,20220209,OKC,TOR,22100827492,|1627783|1628384|1628449|1630173|1630625,1,REG,,,2022,1628449,-14.0,SF,Helper,0.4,Giddey 9' Floating Jump Shot (13 PTS) (Jerome 2 AST),,,,OKC,1610612760.0,1629660.0
Shot Chart Detail,22100827,509,0,Opponent,1610612761,Toronto Raptors,4,7,43,Missed Shot,Driving Layup Shot,,In The Paint (Non-RA),Center(C),8-16 ft.,9,7,90,1,0,20220209,OKC,TOR,22100827509,|1627783|1628384|1628449|1630173|1630625,0,REG,,,2022,1628449|1627783,-17.0,,,,,,,,OKC,1610612760.0,
Shot Chart Detail,22100827,514,0,Opponent,1610612761,Toronto Raptors,4,7,20,Made Shot,Layup Shot,,In The Paint (Non-RA),Center(C),Less Than 8 ft.,7,-1,71,1,1,20220209,OKC,TOR,22100827514,|1627783|1628384|1628449|1630173|1630625,1,REG,,,2022,1630173,-17.0,C,Mobile Big,0.24,Williams 7' Layup (6 PTS) (Giddey 5 AST),,,,OKC,1610612760.0,1630581.0
Shot Chart Detail,22100827,521,0,Opponent,1610612761,Toronto Raptors,4,6,46,Made Shot,Pullup Jump shot,,Mid-Range,Left Side Center(LC),16-24 ft.,17,-125,127,1,1,20220209,OKC,TOR,22100827521,|1627783|1628384|1628449|1630173|1630625,1,REG,,,2022,1627783,-15.0,PF,Helper,0.72,Maledon 18' Pullup Jump Shot (15 PTS) (Giddey 6 AST),,,,OKC,1610612760.0,1630581.0
Shot Chart Detail,22100827,531,0,Opponent,1610612761,Toronto Raptors,4,6,1,Missed Shot,Driving Reverse Layup Shot,,In The Paint (Non-RA),Center(C),Less Than 8 ft.,6,47,43,1,0,20220209,OKC,TOR,22100827531,|1627783|1627832|1628384|1629018|1630173,0,REG,,,2022,1628384|1627783,-17.0,,,,,,,,OKC,1610612760.0,
Shot Chart Detail,22100827,539,0,Opponent,1610612761,Toronto Raptors,4,5,28,Made Shot,Running Jump Shot,,Left Corner 3,Left Side(L),24+ ft.,23,-234,18,1,1,20220209,OKC,TOR,22100827539,|1627783|1627832|1628384|1629018|1630173,1,REG,,,2022,1627832,-14.0,PG,Point of Attack,0.9,Pokusevski 3PT Running Jump Shot (15 PTS) (Jerome 3 AST),,,,OKC,1610612760.0,1629660.0
Shot Chart Detail,22100827,555,0,Opponent,1610612761,Toronto Raptors,4,4,39,Missed Shot,Jump Shot,,Left Corner 3,Left Side(L),24+ ft.,23,-232,48,1,0,20220209,OKC,TOR,22100827555,|1627783|1627832|1628384|1629018|1630567,0,REG,,,2022,1628384,-14.0,SF,Wing Stopper,1.03,MISS Maledon 24' 3PT Jump Shot,,,,OKC,1610612760.0,
Shot Chart Detail,22100827,559,0,Opponent,1610612761,Toronto Raptors,4,4,5,Missed Shot,Driving Layup Shot,,In The Paint (Non-RA),Center(C),Less Than 8 ft.,4,36,23,1,0,20220209,OKC,TOR,22100827559,|1627783|1627832|1628384|1629018|1630567,0,REG,,,2022,1630567|1627832,-14.0,,,,,,,,OKC,1610612760.0,
Shot Chart Detail,22100827,566,0,Opponent,1610612761,Toronto Raptors,4,3,21,Missed Shot,Jump Shot,,Above the Break 3,Right Side Center(RC),24+ ft.,28,115,265,1,0,20220209,OKC,TOR,22100827566,|1627783|1627832|1628384|1629018|1630567,0,REG,,,2022,1627832,-18.0,PG,Point of Attack,0.9,MISS Jerome 29' 3PT Jump Shot,,,,OKC,1610612760.0,
Shot Chart Detail,22100827,571,0,Opponent,1610612761,Toronto Raptors,4,2,56,Missed Shot,Running Layup Shot,,Restricted Area,Center(C),Less Than 8 ft.,2,22,11,1,0,20220209,OKC,TOR,22100827571,|1627783|1627832|1628384|1629018|1630567,0,REG,,,2022,1629018,-18.0,SG,Chaser,0.19,MISS Maledon 2' Running Layup,,,,OKC,1610612760.0,
Shot Chart Detail,22100827,573,0,Opponent,1610612761,Toronto Raptors,4,2,53,Made Shot,Putback Layup Shot,,Restricted Area,Center(C),Less Than 8 ft.,2,29,7,1,1,20220209,OKC,TOR,22100827573,|1627783|1627832|1628384|1629018|1630567,0,REG,,,2022,,,,,,,,,,OKC,1610612760.0,
Shot Chart Detail,22100827,580,0,Opponent,1610612761,Toronto Raptors,4,2,7,Missed Shot,Jump Shot,,Above the Break 3,Left Side Center(LC),24+ ft.,28,-127,256,1,0,20220209,OKC,TOR,22100827580,|1627783|1627832|1628384|1629018|1630567,0,REG,,,2022,1628384,-18.0,SF,Wing Stopper,1.03,MISS Williams 29' 3PT Jump Shot,,,,OKC,1610612760.0,
Shot Chart Detail,22100827,600,0,Opponent,1610612761,Toronto Raptors,4,1,20,Made Shot,Jump Shot,,Above the Break 3,Right Side Center(RC),24+ ft.,27,148,231,1,1,20220209,OKC,TOR,22100827600,|1629004|1629139|1630201|1630625|203920,1,REG,,,2022,1629004,-18.0,SF,Chaser,-0.31,Maledon 27' 3PT Jump Shot (18 PTS) (Mann 2 AST),,,,OKC,1610612760.0,1630544.0
Shot Chart Detail,22100827,605,0,Opponent,1610612761,Toronto Raptors,4,0,54,Made Shot,Jump Shot,,Above the Break 3,Left Side Center(LC),24+ ft.,27,-216,178,1,1,20220209,OKC,TOR,22100827605,|1629004|1629139|1630201|1630625|203920,1,REG,,,2022,1630201,-17.0,PG,Point of Attack,-0.52,Pokusevski 28' 3PT Jump Shot (18 PTS) (Jerome 4 AST),,,,OKC,1610612760.0,1629660.0
Shot Chart Detail,22100827,610,0,Opponent,1610612761,Toronto Raptors,4,0,20,Missed Shot,Driving Layup Shot,,Restricted Area,Center(C),Less Than 8 ft.,3,29,8,1,0,20220209,OKC,TOR,22100827610,|1629004|1629139|1630201|1630625|203920,0,REG,,,2022,203920,-19.0,C,Mobile Big,0.63,MISS Maledon 3' Driving Layup,,,,OKC,1610612760.0,
Shot Chart Detail,22100834,7,0,Opponent,1610612761,Toronto Raptors,1,11,41,Made Shot,Jump Shot,,Left Corner 3,Left Side(L),24+ ft.,23,-230,11,1,1,20220210,HOU,TOR,221008347,|1627783|1628384|1629018|1630173|1630567,1,REG,,,2022,1628384,3.0,SF,Wing Stopper,1.03,Porter Jr. 3PT Jump Shot (3 PTS) (Tate 1 AST),,,,HOU,1610612745.0,1630256.0
Shot Chart Detail,22100834,11,0,Opponent,1610612761,Toronto Raptors,1,11,3,Made Shot,Pullup Jump shot,,Above the Break 3,Center(C),24+ ft.,27,-9,270,1,1,20220210,HOU,TOR,2210083411,|1627783|1628384|1629018|1630173|1630567,0,REG,,,2022,1630173,4.0,C,Mobile Big,0.24,Porter Jr. 27' 3PT Pullup Jump Shot (6 PTS),,,,HOU,1610612745.0,
Shot Chart Detail,22100834,17,0,Opponent,1610612761,Toronto Raptors,1,10,44,Made Shot,Driving Finger Roll Layup Shot,,Restricted Area,Center(C),Less Than 8 ft.,0,2,2,1,1,20220210,HOU,TOR,2210083417,|1627783|1628384|1629018|1630173|1630567,0,REG,,,2022,1628384,5.0,SF,Wing Stopper,1.03,Porter Jr. Driving Finger Roll Layup (8 PTS),,,,HOU,1610612745.0,
Shot Chart Detail,22100834,20,0,Opponent,1610612761,Toronto Raptors,1,10,13,Missed Shot,Jump Shot,,Above the Break 3,Left Side Center(LC),24+ ft.,26,-135,228,1,0,20220210,HOU,TOR,2210083420,|1627783|1628384|1629018|1630173|1630567,0,REG,,,2022,1630173,5.0,C,Mobile Big,0.24,MISS Wood 26' 3PT Jump Shot,,,,HOU,1610612745.0,
Shot Chart Detail,22100834,23,0,Opponent,1610612761,Toronto Raptors,1,9,42,Missed Shot,Layup Shot,,Restricted Area,Center(C),Less Than 8 ft.,2,-16,18,1,0,20220210,HOU,TOR,2210083423,|1627783|1628384|1629018|1630173|1630567,0,REG,,,2022,1630173,3.0,C,Mobile Big,0.24,MISS Tate 2' Layup,,,,HOU,1610612745.0,
Shot Chart Detail,22100834,26,0,Opponent,1610612761,Toronto Raptors,1,9,40,Made Shot,Jump Shot,,Left Corner 3,Left Side(L),24+ ft.,24,-232,69,1,1,20220210,HOU,TOR,2210083426,|1627783|1628384|1629018|1630173|1630567,1,REG,,,2022,,,,,,,,,,HOU,1610612745.0,1630256.0
Shot Chart Detail,22100834,46,0,Opponent,1610612761,Toronto Raptors,1,7,52,Made Shot,Cutting Layup Shot,,Restricted Area,Center(C),Less Than 8 ft.,2,-7,23,1,1,20220210,HOU,TOR,2210083446,|1627783|1628384|1629018|1630173|1630567,1,REG,,,2022,1630173,7.0,C,Mobile Big,0.24,Mathews 2' Cutting Layup Shot (4 PTS) (Porter Jr. 1 AST),,,,HOU,1610612745.0,1629645.0
Shot Chart Detail,22100834,54,0,Opponent,1610612761,Toronto Raptors,1,7,13,Made Shot,Driving Layup Shot,,Restricted Area,Center(C),Less Than 8 ft.,1,-15,11,1,1,20220210,HOU,TOR,2210083454,|1627783|1628384|1629018|1630173|1630567,0,REG,,,2022,1630173,7.0,C,Mobile Big,0.24,Wood 2' Driving Layup (2 PTS),,,,HOU,1610612745.0,
Shot Chart Detail,22100834,58,0,Opponent,1610612761,Toronto Raptors,1,6,39,Made Shot,Jump Shot,,Above the Break 3,Left Side Center(LC),24+ ft.,30,-141,268,1,1,20220210,HOU,TOR,2210083458,|1627783|1628384|1629018|1630173|1630567,1,REG,,,2022,1630567,8.0,PF,Helper,0.63,Mathews 30' 3PT Jump Shot (7 PTS) (Tate 3 AST),,,,HOU,1610612745.0,1630256.0
Shot Chart Detail,22100834,67,0,Opponent,1610612761,Toronto Raptors,1,6,1,Made Shot,Driving Dunk Shot,,Restricted Area,Center(C),Less Than 8 ft.,1,0,18,1,1,20220210,HOU,TOR,2210083467,|1627783|1628384|1628449|1629018|1630625,1,REG,,,2022,1627783,10.0,PF,Helper,0.72,Green 2' Driving Dunk (2 PTS) (Porter Jr. 2 AST),,,,HOU,1610612745.0,1629645.0
Shot Chart Detail,22100834,82,0,Opponent,1610612761,Toronto Raptors,1,5,14,Made Shot,Cutting Layup Shot,,Restricted Area,Center(C),Less Than 8 ft.,1,0,13,1,1,20220210,HOU,TOR,2210083482,|1627783|1628384|1628449|1629018|1630625,1,REG,,,2022,1629018,8.0,SG,Chaser,0.19,Porter Jr. 1' Cutting Layup Shot (13 PTS) (Wood 1 AST),,,,HOU,1610612745.0,1626174.0
Shot Chart Detail,22100834,86,0,Opponent,1610612761,Toronto Raptors,1,4,47,Made Shot,Cutting Dunk Shot,,Restricted Area,Center(C),Less Than 8 ft.,1,2,11,1,1,20220210,HOU,TOR,2210083486,|1627783|1628384|1628449|1629018|1630625,1,REG,,,2022,1627783,10.0,PF,Helper,0.72,Martin Jr. 1' Cutting Dunk Shot (2 PTS) (Wood 2 AST),,,,HOU,1610612745.0,1626174.0
Shot Chart Detail,22100834,95,0,Opponent,1610612761,Toronto Raptors,1,4,14,Missed Shot,Jump Shot,,Above the Break 3,Center(C),24+ ft.,25,-74,249,1,0,20220210,HOU,TOR,2210083495,|1627783|1628449|1629018|1630567|1630625,0,REG,,,2022,1630625,8.0,PG,Chaser,0.27,MISS Mathews 26' 3PT Jump Shot,,,,HOU,1610612745.0,
Shot Chart Detail,22100834,97,0,Opponent,1610612761,Toronto Raptors,1,4,10,Made Shot,Putback Dunk Shot,,Restricted Area,Center(C),Less Than 8 ft.,1,7,18,1,1,20220210,HOU,TOR,2210083497,|1627783|1628449|1629018|1630567|1630625,0,REG,,,2022,1630567,10.0,PF,Helper,0.63,Martin Jr. 2' Putback Dunk (4 PTS),,,,HOU,1610612745.0,
Shot Chart Detail,22100834,99,0,Opponent,1610612761,Toronto Raptors,1,3,46,Missed Shot,Jump Shot,,Above the Break 3,Left Side Center(LC),24+ ft.,31,-211,231,1,0,20220210,HOU,TOR,2210083499,|1627783|1628449|1629018|1630567|1630625,0,REG,,,2022,1630625,7.0,PG,Chaser,0.27,MISS Mathews 31' 3PT Jump Shot,,,,HOU,1610612745.0,
Shot Chart Detail,22100834,103,0,Opponent,1610612761,Toronto Raptors,1,3,21,Made Shot,Cutting Dunk Shot,,Restricted Area,Center(C),Less Than 8 ft.,1,-1,13,1,1,20220210,HOU,TOR,22100834103,|1627783|1628449|1629018|1630567|1630625,1,REG,,,2022,1630567,6.0,PF,Helper,0.63,Wood 1' Cutting Dunk Shot (4 PTS) (Porter Jr. 3 AST),,,,HOU,1610612745.0,1629645.0
Shot Chart Detail,22100834,132,0,Opponent,1610612761,Toronto Raptors,1,1,56,Missed Shot,Driving Dunk Shot,,Restricted Area,Center(C),Less Than 8 ft.,2,2,23,1,0,20220210,HOU,TOR,22100834132,|1628384|1628449|1629018|1630567|1630625,0,REG,,,2022,1630567|1628449,-2.0,,,,,,,,HOU,1610612745.0,
Shot Chart Detail,22100834,136,0,Opponent,1610612761,Toronto Raptors,1,1,51,Made Shot,Running Finger Roll Layup Shot,,Restricted Area,Center(C),Less Than 8 ft.,1,1,16,1,1,20220210,HOU,TOR,22100834136,|1628384|1628449|1629018|1630567|1630625,0,REG,,,2022,1628449,0.0,SF,Helper,0.4,Tate 2' Running Finger Roll Layup (2 PTS),,,,HOU,1610612745.0,
Shot Chart Detail,22100834,144,0,Opponent,1610612761,Toronto Raptors,1,1,11,Made Shot,Jump Shot,,Right Corner 3,Right Side(R),24+ ft.,23,225,54,1,1,20220210,HOU,TOR,22100834144,|1628384|1628449|1629018|1630567|1630625,1,REG,,,2022,1628384,4.0,SF,Wing Stopper,1.03,Green 3PT Jump Shot (5 PTS) (Sengun 1 AST),,,,HOU,1610612745.0,1630578.0
Shot Chart Detail,22100834,150,0,Opponent,1610612761,Toronto Raptors,1,0,46,Made Shot,Driving Layup Shot,,Restricted Area,Center(C),Less Than 8 ft.,3,-28,17,1,1,20220210,HOU,TOR,22100834150,|1628384|1628449|1629018|1630567|1630625,0,REG,,,2022,1628384|1628449,4.0,,,,,,,,HOU,1610612745.0,
Shot Chart Detail,22100834,153,0,Opponent,1610612761,Toronto Raptors,1,0,19,Made Shot,Jump Shot,,Left Corner 3,Left Side(L),24+ ft.,23,-230,39,1,1,20220210,HOU,TOR,22100834153,|1628384|1628449|1629018|1630567|1630625,1,REG,,,2022,1630625,4.0,PG,Chaser,0.27,Christopher 3PT Jump Shot (3 PTS) (Sengun 2 AST),,,,HOU,1610612745.0,1630578.0
Shot Chart Detail,22100834,168,0,Opponent,1610612761,Toronto Raptors,2,11,23,Missed Shot,Cutting Layup Shot,,Restricted Area,Center(C),Less Than 8 ft.,2,-18,18,1,0,20220210,HOU,TOR,22100834168,|1627783|1628384|1629139|1630173|1630201,0,REG,,,2022,1630201|1630173,2.0,,,,,,,,HOU,1610612745.0,
Shot Chart Detail,22100834,172,0,Opponent,1610612761,Toronto Raptors,2,11,0,Missed Shot,Jump Shot,,Above the Break 3,Right Side Center(RC),24+ ft.,25,135,211,1,0,20220210,HOU,TOR,22100834172,|1627783|1628384|1629139|1630173|1630201,0,REG,,,2022,1628384,0.0,SF,Wing Stopper,1.03,MISS Christopher 25' 3PT Jump Shot,,,,HOU,1610612745.0,
Shot Chart Detail,22100834,176,0,Opponent,1610612761,Toronto Raptors,2,10,24,Missed Shot,Jump Shot,,Above the Break 3,Center(C),24+ ft.,26,-27,268,1,0,20220210,HOU,TOR,22100834176,|1627783|1628384|1629139|1630173|1630201,0,REG,,,2022,1630201,-2.0,PG,Point of Attack,-0.52,MISS Green 27' 3PT Jump Shot,,,,HOU,1610612745.0,
Shot Chart Detail,22100834,179,0,Opponent,1610612761,Toronto Raptors,2,10,6,Missed Shot,Driving Layup Shot,,Restricted Area,Center(C),Less Than 8 ft.,2,-22,11,1,0,20220210,HOU,TOR,22100834179,|1627783|1628384|1629139|1630173|1630201,0,REG,,,2022,1630173,-2.0,C,Mobile Big,0.24,MISS Sengun 2' Driving Layup,,,,HOU,1610612745.0,
Shot Chart Detail,22100834,183,0,Opponent,1610612761,Toronto Raptors,2,9,49,Made Shot,Pullup Jump shot,,In The Paint (Non-RA),Left Side(L),8-16 ft.,9,-58,70,1,1,20220210,HOU,TOR,22100834183,|1627783|1628384|1629139|1630173|1630201,1,REG,,,2022,1629139,0.0,SF,Helper,0.1,Green 9' Pullup Jump Shot (7 PTS) (Tate 4 AST),,,,HOU,1610612745.0,1630256.0
Shot Chart Detail,22100834,192,0,Opponent,1610612761,Toronto Raptors,2,9,29,Made Shot,Cutting Layup Shot,,Restricted Area,Center(C),Less Than 8 ft.,0,5,5,1,1,20220210,HOU,TOR,22100834192,|1627783|1628384|1629139|1630173|1630201,1,REG,,,2022,1630201,2.0,PG,Point of Attack,-0.52,Green 1' Cutting Layup Shot (9 PTS) (Sengun 3 AST),,,,HOU,1610612745.0,1630578.0
Shot Chart Detail,22100834,197,0,Opponent,1610612761,Toronto Raptors,2,9,1,Missed Shot,Driving Floating Bank Jump Shot,,In The Paint (Non-RA),Center(C),8-16 ft.,8,7,80,1,0,20220210,HOU,TOR,22100834197,|1627783|1628384|1629139|1630173|1630201,0,REG,,,2022,1630173|1629139,2.0,,,,,,,,HOU,1610612745.0,
Shot Chart Detail,22100834,201,0,Opponent,1610612761,Toronto Raptors,2,8,34,Missed Shot,Cutting Dunk Shot,,Restricted Area,Center(C),Less Than 8 ft.,3,5,32,1,0,20220210,HOU,TOR,22100834201,|1627783|1628384|1629139|1630173|1630201,0,REG,,,2022,1627783|1629139,2.0,,,,,,,,HOU,1610612745.0,
Shot Chart Detail,22100834,214,0,Opponent,1610612761,Toronto Raptors,2,8,1,Missed Shot,Driving Layup Shot,,Restricted Area,Center(C),Less Than 8 ft.,1,-2,10,1,0,20220210,HOU,TOR,22100834214,|1627783|1629139|1630201|1630567|203920,0,REG,,,2022,1630201,2.0,PG,Point of Attack,-0.52,MISS Christopher 1' Driving Layup,,,,HOU,1610612745.0,
Shot Chart Detail,22100834,216,0,Opponent,1610612761,Toronto Raptors,2,7,57,Made Shot,Tip Layup Shot,,Restricted Area,Center(C),Less Than 8 ft.,0,0,0,1,1,20220210,HOU,TOR,22100834216,|1627783|1629139|1630201|1630567|203920,0,REG,,,2022,1627783,4.0,PF,Helper,0.72,Nwaba Tip Layup Shot (2 PTS),,,,HOU,1610612745.0,
Shot Chart Detail,22100834,227,0,Opponent,1610612761,Toronto Raptors,2,7,10,Missed Shot,Pullup Jump shot,,Right Corner 3,Right Side(R),24+ ft.,23,222,69,1,0,20220210,HOU,TOR,22100834227,|1627783|1629018|1630201|1630567|203920,0,REG,,,2022,1627783,2.0,PF,Helper,0.72,MISS Christopher 3PT Pullup Jump Shot,,,,HOU,1610612745.0,
Shot Chart Detail,22100834,237,0,Opponent,1610612761,Toronto Raptors,2,6,47,Made Shot,Dunk Shot,,Restricted Area,Center(C),Less Than 8 ft.,1,0,16,1,1,20220210,HOU,TOR,22100834237,|1627783|1629018|1630201|1630567|203920,1,REG,,,2022,1627783,1.0,PF,Helper,0.72,Wood 2' Dunk (6 PTS) (Sengun 4 AST),,,,HOU,1610612745.0,1630578.0
Shot Chart Detail,22100834,240,0,Opponent,1610612761,Toronto Raptors,2,6,17,Missed Shot,Jump Shot,,Right Corner 3,Right Side(R),24+ ft.,22,225,11,1,0,20220210,HOU,TOR,22100834240,|1627783|1629018|1630201|1630567|203920,0,REG,,,2022,1630567,-1.0,PF,Helper,0.63,MISS Nwaba 3PT Jump Shot,,,,HOU,1610612745.0,
Shot Chart Detail,22100834,242,0,Opponent,1610612761,Toronto Raptors,2,6,10,Missed Shot,Pullup Jump shot,,Right Corner 3,Right Side(R),24+ ft.,23,224,58,1,0,20220210,HOU,TOR,22100834242,|1627783|1629018|1630201|1630567|203920,0,REG,,,2022,203920,-1.0,C,Mobile Big,0.63,MISS Wood 3PT Pullup Jump Shot,,,,HOU,1610612745.0,
Shot Chart Detail,22100834,276,0,Opponent,1610612761,Toronto Raptors,2,4,33,Made Shot,Driving Layup Shot,,Restricted Area,Center(C),Less Than 8 ft.,2,-21,18,1,1,20220210,HOU,TOR,22100834276,|1627783|1629018|1630201|1630567|203920,1,REG,,,2022,1629018,-6.0,SG,Chaser,0.19,Tate 3' Driving Layup (7 PTS) (Porter Jr. 4 AST),,,,HOU,1610612745.0,1629645.0
Shot Chart Detail,22100834,301,0,Opponent,1610612761,Toronto Raptors,2,2,49,Missed Shot,Pullup Jump shot,,Above the Break 3,Left Side Center(LC),24+ ft.,26,-167,206,1,0,20220210,HOU,TOR,22100834301,|1627783|1628449|1629018|1630201|1630567,0,REG,,,2022,1629018,-12.0,SG,Chaser,0.19,MISS Porter Jr. 27' 3PT Pullup Jump Shot,,,,HOU,1610612745.0,
Shot Chart Detail,22100834,303,0,Opponent,1610612761,Toronto Raptors,2,2,44,Made Shot,Jump Shot,,Left Corner 3,Left Side(L),24+ ft.,23,-229,22,1,1,20220210,HOU,TOR,22100834303,|1627783|1628449|1629018|1630201|1630567,1,REG,,,2022,1629018,-9.0,SG,Chaser,0.19,Porter Jr. 3PT Jump Shot (16 PTS) (Tate 5 AST),,,,HOU,1610612745.0,1630256.0
Shot Chart Detail,22100834,307,0,Opponent,1610612761,Toronto Raptors,2,2,32,Missed Shot,Running Pull-Up Jump Shot,,Above the Break 3,Left Side Center(LC),24+ ft.,26,-99,251,1,0,20220210,HOU,TOR,22100834307,|1627783|1628449|1629018|1630201|1630567,0,REG,,,2022,1627783,-9.0,PF,Helper,0.72,MISS Porter Jr. 27' 3PT Running Pull-Up Jump Shot,,,,HOU,1610612745.0,
Shot Chart Detail,22100834,316,0,Opponent,1610612761,Toronto Raptors,2,2,14,Missed Shot,Turnaround Hook Shot,,Restricted Area,Center(C),Less Than 8 ft.,3,-1,33,1,0,20220210,HOU,TOR,22100834316,|1627783|1628449|1629018|1630201|1630567,0,REG,,,2022,1628449,-12.0,SF,Helper,0.4,MISS Sengun 3' Turnaround Hook Shot,,,,HOU,1610612745.0,
Shot Chart Detail,22100834,322,0,Opponent,1610612761,Toronto Raptors,2,1,33,Made Shot,Reverse Layup Shot,,In The Paint (Non-RA),Center(C),Less Than 8 ft.,5,-4,52,1,1,20220210,HOU,TOR,22100834322,|1627783|1628384|1628449|1629018|1630567,1,REG,,,2022,1627783|1628449,-10.0,,,,,,,,HOU,1610612745.0,1629645.0
Shot Chart Detail,22100834,326,0,Opponent,1610612761,Toronto Raptors,2,1,15,Made Shot,Running Finger Roll Layup Shot,,Restricted Area,Center(C),Less Than 8 ft.,2,-6,22,1,1,20220210,HOU,TOR,22100834326,|1627783|1628384|1628449|1629018|1630567,0,REG,,,2022,1627783,-8.0,PF,Helper,0.72,Tate 2' Running Finger Roll Layup (11 PTS),,,,HOU,1610612745.0,
Shot Chart Detail,22100834,335,0,Opponent,1610612761,Toronto Raptors,2,0,33,Missed Shot,Jump Shot,,Above the Break 3,Right Side Center(RC),24+ ft.,25,170,186,1,0,20220210,HOU,TOR,22100834335,|1627783|1628384|1628449|1629018|1630567,0,REG,,,2022,1627783,-10.0,PF,Helper,0.72,MISS Green 25' 3PT Jump Shot,,,,HOU,1610612745.0,
Shot Chart Detail,22100834,337,0,Opponent,1610612761,Toronto Raptors,2,0,31,Made Shot,Putback Layup Shot,,Restricted Area,Center(C),Less Than 8 ft.,2,0,23,1,1,20220210,HOU,TOR,22100834337,|1627783|1628384|1628449|1629018|1630567,0,REG,,,2022,1628384,-8.0,SF,Wing Stopper,1.03,Mathews 2' Putback Layup (9 PTS),,,,HOU,1610612745.0,
Shot Chart Detail,22100834,355,0,Opponent,1610612761,Toronto Raptors,3,11,20,Made Shot,Step Back Jump shot,,Above the Break 3,Left Side Center(LC),24+ ft.,25,-132,213,1,1,20220210,HOU,TOR,22100834355,|1627783|1628384|1629018|1630173|1630567,0,REG,,,2022,1628384,-6.0,SF,Wing Stopper,1.03,Green 25' 3PT Step Back Jump Shot (13 PTS),,,,HOU,1610612745.0,
Shot Chart Detail,22100834,358,0,Opponent,1610612761,Toronto Raptors,3,10,51,Missed Shot,Jump Shot,,Above the Break 3,Left Side Center(LC),24+ ft.,29,-109,269,1,0,20220210,HOU,TOR,22100834358,|1627783|1628384|1629018|1630173|1630567,0,REG,,,2022,1630173,-6.0,C,Mobile Big,0.24,MISS Mathews 29' 3PT Jump Shot,,,,HOU,1610612745.0,
Shot Chart Detail,22100834,362,0,Opponent,1610612761,Toronto Raptors,3,10,32,Missed Shot,Floating Jump shot,,In The Paint (Non-RA),Center(C),Less Than 8 ft.,4,-11,44,1,0,20220210,HOU,TOR,22100834362,|1627783|1628384|1629018|1630173|1630567,0,REG,,,2022,1629018,-6.0,SG,Chaser,0.19,MISS Wood 5' Floating Jump Shot,,,,HOU,1610612745.0,
Shot Chart Detail,22100834,366,0,Opponent,1610612761,Toronto Raptors,3,9,57,Missed Shot,Driving Finger Roll Layup Shot,,Restricted Area,Center(C),Less Than 8 ft.,2,-23,13,1,0,20220210,HOU,TOR,22100834366,|1627783|1628384|1629018|1630173|1630567,0,REG,,,2022,1628384|1630567|1629018,-9.0,,,,,,,,HOU,1610612745.0,
Shot Chart Detail,22100834,369,0,Opponent,1610612761,Toronto Raptors,3,9,38,Missed Shot,Step Back Jump shot,,Above the Break 3,Left Side Center(LC),24+ ft.,25,-161,192,1,0,20220210,HOU,TOR,22100834369,|1627783|1628384|1629018|1630173|1630567,0,REG,,,2022,1630173,-9.0,C,Mobile Big,0.24,MISS Wood 25' 3PT Step Back Jump Shot,,,,HOU,1610612745.0,
Shot Chart Detail,22100834,377,0,Opponent,1610612761,Toronto Raptors,3,9,5,Missed Shot,Reverse Layup Shot,,Restricted Area,Center(C),Less Than 8 ft.,3,-36,13,1,0,20220210,HOU,TOR,22100834377,|1627783|1628384|1629018|1630173|1630567,0,REG,,,2022,1630173,-11.0,C,Mobile Big,0.24,MISS Tate 4' Reverse Layup,,,,HOU,1610612745.0,
Shot Chart Detail,22100834,383,0,Opponent,1610612761,Toronto Raptors,3,8,42,Missed Shot,Jump Shot,,Right Corner 3,Right Side(R),24+ ft.,23,234,45,1,0,20220210,HOU,TOR,22100834383,|1627783|1628384|1629018|1630173|1630567,0,REG,,,2022,1630173,-11.0,C,Mobile Big,0.24,MISS Mathews 24' 3PT Jump Shot,,,,HOU,1610612745.0,
Shot Chart Detail,22100834,388,0,Opponent,1610612761,Toronto Raptors,3,8,15,Made Shot,Driving Dunk Shot,,Restricted Area,Center(C),Less Than 8 ft.,0,-4,9,1,1,20220210,HOU,TOR,22100834388,|1627783|1628384|1629018|1630173|1630567,0,REG,,,2022,1630173,-11.0,C,Mobile Big,0.24,Green 1' Driving Dunk (15 PTS),,,,HOU,1610612745.0,
Shot Chart Detail,22100834,391,0,Opponent,1610612761,Toronto Raptors,3,7,45,Made Shot,Jump Shot,,Above the Break 3,Left Side Center(LC),24+ ft.,25,-127,221,1,1,20220210,HOU,TOR,22100834391,|1627783|1628384|1629018|1630173|1630567,1,REG,,,2022,1627783,-8.0,PF,Helper,0.72,Mathews 25' 3PT Jump Shot (12 PTS) (Wood 3 AST),,,,HOU,1610612745.0,1626174.0
Shot Chart Detail,22100834,413,0,Opponent,1610612761,Toronto Raptors,3,6,34,Made Shot,Driving Dunk Shot,,Restricted Area,Center(C),Less Than 8 ft.,1,12,-1,1,1,20220210,HOU,TOR,22100834413,|1627783|1628384|1628449|1629018|1630625,0,REG,,,2022,1628449,-8.0,SF,Helper,0.4,Porter Jr. 1' Driving Dunk (19 PTS),,,,HOU,1610612745.0,
Shot Chart Detail,22100834,415,0,Opponent,1610612761,Toronto Raptors,3,6,10,Made Shot,Driving Finger Roll Layup Shot,,Restricted Area,Center(C),Less Than 8 ft.,2,-28,8,1,1,20220210,HOU,TOR,22100834415,|1627783|1628384|1628449|1629018|1630625,0,REG,,,2022,1627783,-8.0,PF,Helper,0.72,Porter Jr. 3' Driving Finger Roll Layup (21 PTS),,,,HOU,1610612745.0,
Shot Chart Detail,22100834,421,0,Opponent,1610612761,Toronto Raptors,3,5,48,Made Shot,Jump Shot,,Above the Break 3,Left Side Center(LC),24+ ft.,24,-152,198,1,1,20220210,HOU,TOR,22100834421,|1627783|1628384|1628449|1629018|1630625,1,REG,,,2022,1628449,-8.0,SF,Helper,0.4,Green 25' 3PT Jump Shot (18 PTS) (Wood 4 AST),,,,HOU,1610612745.0,1626174.0
Shot Chart Detail,22100834,426,0,Opponent,1610612761,Toronto Raptors,3,5,25,Missed Shot,Driving Layup Shot,,In The Paint (Non-RA),Center(C),Less Than 8 ft.,4,-33,25,1,0,20220210,HOU,TOR,22100834426,|1627783|1628384|1628449|1629018|1630625,0,REG,,,2022,1628449,-8.0,SF,Helper,0.4,MISS Tate 4' Driving Layup,,,,HOU,1610612745.0,
Shot Chart Detail,22100834,446,0,Opponent,1610612761,Toronto Raptors,3,4,4,Missed Shot,Driving Hook Shot,,In The Paint (Non-RA),Center(C),Less Than 8 ft.,4,45,10,1,0,20220210,HOU,TOR,22100834446,|1628384|1628449|1629018|1630567|1630625,0,REG,,,2022,1628384,-9.0,SF,Wing Stopper,1.03,MISS Green 5' Driving Hook Shot,,,,HOU,1610612745.0,
Shot Chart Detail,22100834,455,0,Opponent,1610612761,Toronto Raptors,3,3,50,Made Shot,Jump Shot,,Above the Break 3,Left Side Center(LC),24+ ft.,25,-157,201,1,1,20220210,HOU,TOR,22100834455,|1628384|1628449|1629018|1630567|1630625,1,REG,,,2022,1628449,-6.0,SF,Helper,0.4,Wood 26' 3PT Jump Shot (10 PTS) (Porter Jr. 6 AST),,,,HOU,1610612745.0,1629645.0
Shot Chart Detail,22100834,470,0,Opponent,1610612761,Toronto Raptors,3,2,44,Made Shot,Layup Shot,,Restricted Area,Center(C),Less Than 8 ft.,1,7,17,1,1,20220210,HOU,TOR,22100834470,|1628384|1628449|1629018|1630567|1630625,1,REG,,,2022,1630567,-6.0,PF,Helper,0.63,Martin Jr. 2' Layup (6 PTS) (Porter Jr. 7 AST),,,,HOU,1610612745.0,1629645.0
Shot Chart Detail,22100834,473,0,Opponent,1610612761,Toronto Raptors,3,1,57,Missed Shot,Jump Shot,,Above the Break 3,Left Side Center(LC),24+ ft.,24,-156,195,1,0,20220210,HOU,TOR,22100834473,|1628384|1628449|1629018|1630567|1630625,0,REG,,,2022,1630567,-8.0,PF,Helper,0.63,MISS Wood 25' 3PT Jump Shot,,,,HOU,1610612745.0,
Shot Chart Detail,22100834,501,0,Opponent,1610612761,Toronto Raptors,3,0,10,Made Shot,Jump Shot,,Above the Break 3,Center(C),24+ ft.,25,23,250,1,1,20220210,HOU,TOR,22100834501,|1628384|1628449|1629018|1630567|1630625,1,REG,,,2022,1630567,-9.0,PF,Helper,0.63,Christopher 25' 3PT Jump Shot (6 PTS) (Green 1 AST),,,,HOU,1610612745.0,1630224.0
Shot Chart Detail,22100834,514,0,Opponent,1610612761,Toronto Raptors,4,11,39,Missed Shot,Pullup Jump shot,,Above the Break 3,Right Side Center(RC),24+ ft.,25,129,225,1,0,20220210,HOU,TOR,22100834514,|1628384|1628449|1630201|1630625|203920,0,REG,,,2022,1630201,-12.0,PG,Point of Attack,-0.52,MISS Christopher 26' 3PT Pullup Jump Shot,,,,HOU,1610612745.0,
Shot Chart Detail,22100834,525,0,Opponent,1610612761,Toronto Raptors,4,10,7,Missed Shot,Jump Shot,,Above the Break 3,Right Side Center(RC),24+ ft.,25,178,177,1,0,20220210,HOU,TOR,22100834525,|1628384|1628449|1630201|1630625|203920,0,REG,,,2022,1628449,-16.0,SF,Helper,0.4,MISS Nwaba 25' 3PT Jump Shot,,,,HOU,1610612745.0,
Shot Chart Detail,22100834,527,0,Opponent,1610612761,Toronto Raptors,4,9,59,Missed Shot,Driving Floating Jump Shot,,In The Paint (Non-RA),Center(C),Less Than 8 ft.,5,-5,58,1,0,20220210,HOU,TOR,22100834527,|1628384|1628449|1630201|1630625|203920,0,REG,,,2022,1630625,-16.0,PG,Chaser,0.27,MISS Nwaba 6' Driving Floating Jump Shot,,,,HOU,1610612745.0,
Shot Chart Detail,22100834,536,0,Opponent,1610612761,Toronto Raptors,4,9,33,Made Shot,Running Layup Shot,,Restricted Area,Center(C),Less Than 8 ft.,0,0,1,1,1,20220210,HOU,TOR,22100834536,|1628384|1628449|1630201|1630625|203920,0,REG,,,2022,1628449,-14.0,SF,Helper,0.4,Nwaba Running Layup (7 PTS),,,,HOU,1610612745.0,
Shot Chart Detail,22100834,566,0,Opponent,1610612761,Toronto Raptors,4,8,7,Made Shot,Step Back Jump shot,,Above the Break 3,Center(C),24+ ft.,24,-74,236,1,1,20220210,HOU,TOR,22100834566,|1628384|1628449|1630201|1630625|203920,0,REG,,,2022,1628384,-16.0,SF,Wing Stopper,1.03,Porter Jr. 25' 3PT Step Back Jump Shot (24 PTS),,,,HOU,1610612745.0,
Shot Chart Detail,22100834,572,0,Opponent,1610612761,Toronto Raptors,4,7,39,Missed Shot,Jump Shot,,Above the Break 3,Right Side Center(RC),24+ ft.,24,145,201,1,0,20220210,HOU,TOR,22100834572,|1628384|1628449|1630201|1630625|203920,0,REG,,,2022,1628449,-16.0,SF,Helper,0.4,MISS Tate 25' 3PT Jump Shot,,,,HOU,1610612745.0,
Shot Chart Detail,22100834,575,0,Opponent,1610612761,Toronto Raptors,4,6,55,Missed Shot,Driving Layup Shot,,Restricted Area,Center(C),Less Than 8 ft.,2,-26,5,1,0,20220210,HOU,TOR,22100834575,|1628384|1628449|1630201|1630625|203920,0,REG,,,2022,1630201,-19.0,PG,Point of Attack,-0.52,MISS Porter Jr. 3' Driving Layup,,,,HOU,1610612745.0,
Shot Chart Detail,22100834,585,0,Opponent,1610612761,Toronto Raptors,4,6,50,Made Shot,Step Back Jump shot,,Left Corner 3,Left Side(L),24+ ft.,22,-222,35,1,1,20220210,HOU,TOR,22100834585,|1627783|1629018|1630201|1630567|203920,1,REG,,,2022,1630201,-16.0,PG,Point of Attack,-0.52,Mathews 3PT Step Back Jump Shot (18 PTS) (Porter Jr. 8 AST),,,,HOU,1610612745.0,1629645.0
Shot Chart Detail,22100834,591,0,Opponent,1610612761,Toronto Raptors,4,6,14,Made Shot,Jump Shot,,Above the Break 3,Right Side Center(RC),24+ ft.,25,120,229,1,1,20220210,HOU,TOR,22100834591,|1627783|1629018|1630201|1630567|203920,1,REG,,,2022,1629018,-13.0,SG,Chaser,0.19,Porter Jr. 26' 3PT Jump Shot (27 PTS) (Tate 6 AST),,,,HOU,1610612745.0,1630256.0
Shot Chart Detail,22100834,595,0,Opponent,1610612761,Toronto Raptors,4,5,26,Made Shot,Jump Shot,,Right Corner 3,Right Side(R),24+ ft.,23,232,6,1,1,20220210,HOU,TOR,22100834595,|1627783|1629018|1630201|1630567|203920,1,REG,,,2022,1627783,-12.0,PF,Helper,0.72,Martin Jr. 3PT Jump Shot (9 PTS) (Wood 5 AST),,,,HOU,1610612745.0,1626174.0
Shot Chart Detail,22100834,599,0,Opponent,1610612761,Toronto Raptors,4,5,7,Made Shot,Alley Oop Dunk Shot,,Restricted Area,Center(C),Less Than 8 ft.,1,12,8,1,1,20220210,HOU,TOR,22100834599,|1627783|1629018|1630201|1630567|203920,1,REG,,,2022,203920,-10.0,C,Mobile Big,0.63,Martin Jr. 1' Alley Oop Dunk (11 PTS) (Wood 6 AST),,,,HOU,1610612745.0,1626174.0
Shot Chart Detail,22100834,603,0,Opponent,1610612761,Toronto Raptors,4,4,38,Missed Shot,Jump Shot,,Right Corner 3,Right Side(R),24+ ft.,22,229,5,1,0,20220210,HOU,TOR,22100834603,|1627783|1629018|1630201|1630567|203920,0,REG,,,2022,1630567,-12.0,PF,Helper,0.63,MISS Tate 3PT Jump Shot,,,,HOU,1610612745.0,
Shot Chart Detail,22100834,605,0,Opponent,1610612761,Toronto Raptors,4,4,36,Missed Shot,Tip Dunk Shot,,Restricted Area,Center(C),Less Than 8 ft.,0,0,0,1,0,20220210,HOU,TOR,22100834605,|1627783|1629018|1630201|1630567|203920,0,REG,,,2022,1630201|1627783,-12.0,,,,,,,,HOU,1610612745.0,
Shot Chart Detail,22100834,617,0,Opponent,1610612761,Toronto Raptors,4,4,12,Missed Shot,Jump Bank Shot,,Above the Break 3,Right Side Center(RC),24+ ft.,25,136,216,1,0,20220210,HOU,TOR,22100834617,|1627783|1629018|1630201|1630567|203920,0,REG,,,2022,1630201,-15.0,PG,Point of Attack,-0.52,MISS Porter Jr. 26' 3PT Jump Bank Shot,,,,HOU,1610612745.0,
Shot Chart Detail,22100834,622,0,Opponent,1610612761,Toronto Raptors,4,3,46,Made Shot,Driving Layup Shot,,Restricted Area,Center(C),Less Than 8 ft.,3,-9,29,1,1,20220210,HOU,TOR,22100834622,|1627783|1629018|1630201|1630567|203920,0,REG,,,2022,203920|1630201,-15.0,,,,,,,,HOU,1610612745.0,
Shot Chart Detail,22100834,644,0,Opponent,1610612761,Toronto Raptors,4,2,59,Missed Shot,Driving Finger Roll Layup Shot,,Restricted Area,Center(C),Less Than 8 ft.,1,13,14,1,0,20220210,HOU,TOR,22100834644,|1628384|1629018|1630201|1630567|203920,0,REG,,,2022,1630201|1628384,-13.0,,,,,,,,HOU,1610612745.0,
Shot Chart Detail,22100834,646,0,Opponent,1610612761,Toronto Raptors,4,2,54,Made Shot,Putback Dunk Shot,,Restricted Area,Center(C),Less Than 8 ft.,0,1,5,1,1,20220210,HOU,TOR,22100834646,|1628384|1629018|1630201|1630567|203920,0,REG,,,2022,1628384|1630567,-11.0,,,,,,,,HOU,1610612745.0,
Shot Chart Detail,22100834,677,0,Opponent,1610612761,Toronto Raptors,4,0,53,Missed Shot,Jump Shot,,Above the Break 3,Center(C),24+ ft.,27,12,274,1,0,20220210,HOU,TOR,22100834677,|1629004|1629139|1630201|1630625|203920,0,REG,,,2022,203920,-18.0,C,Mobile Big,0.63,MISS Wood 27' 3PT Jump Shot,,,,HOU,1610612745.0,
Shot Chart Detail,22100834,682,0,Opponent,1610612761,Toronto Raptors,4,0,28,Missed Shot,Jump Shot,,Above the Break 3,Right Side Center(RC),24+ ft.,25,142,215,1,0,20220210,HOU,TOR,22100834682,|1629004|1629139|1630201|1630625|203920,0,REG,,,2022,1630625,-21.0,PG,Chaser,0.27,MISS Green 26' 3PT Jump Shot,,,,HOU,1610612745.0,
Shot Chart Detail,22100834,684,0,Opponent,1610612761,Toronto Raptors,4,0,27,Made Shot,Tip Dunk Shot,,Restricted Area,Center(C),Less Than 8 ft.,0,0,0,1,1,20220210,HOU,TOR,22100834684,|1629004|1629139|1630201|1630625|203920,0,REG,,,2022,1630201,-19.0,PG,Point of Attack,-0.52,Wood Tip Dunk Shot (17 PTS),,,,HOU,1610612745.0,
Shot Chart Detail,22100850,8,0,Opponent,1610612761,Toronto Raptors,1,11,44,Made Shot,Driving Floating Jump Shot,,In The Paint (Non-RA),Right Side(R),8-16 ft.,14,80,120,1,1,20220212,TOR,DEN,221008508,|1627783|1627832|1628384|1629018|1630567,1,REG,,,2022,1627832,2.0,PG,Point of Attack,0.9,Hyland 14' Driving Floating Jump Shot (2 PTS) (Jokic 1 AST),,,,DEN,1610612743.0,203999.0
Shot Chart Detail,22100850,13,0,Opponent,1610612761,Toronto Raptors,1,10,56,Made Shot,Cutting Layup Shot,,Restricted Area,Center(C),Less Than 8 ft.,1,2,13,1,1,20220212,TOR,DEN,2210085013,|1627783|1627832|1628384|1629018|1630567,1,REG,,,2022,1627832,4.0,PG,Point of Attack,0.9,Gordon 1' Cutting Layup Shot (2 PTS) (Jokic 2 AST),,,,DEN,1610612743.0,203999.0
Shot Chart Detail,22100850,17,0,Opponent,1610612761,Toronto Raptors,1,10,26,Missed Shot,Jump Shot,,Above the Break 3,Right Side Center(RC),24+ ft.,26,131,225,1,0,20220212,TOR,DEN,2210085017,|1627783|1627832|1628384|1629018|1630567,0,REG,,,2022,1629018,4.0,SG,Chaser,0.19,MISS Barton 26' 3PT Jump Shot,,,,DEN,1610612743.0,
Shot Chart Detail,22100850,26,0,Opponent,1610612761,Toronto Raptors,1,9,17,Missed Shot,Fadeaway Jump Shot,,In The Paint (Non-RA),Center(C),8-16 ft.,9,-43,88,1,0,20220212,TOR,DEN,2210085026,|1627783|1627832|1628384|1629018|1630567,0,REG,,,2022,1627783,1.0,PF,Helper,0.72,MISS Gordon 10' Fadeaway Jumper,,,,DEN,1610612743.0,
Shot Chart Detail,22100850,29,0,Opponent,1610612761,Toronto Raptors,1,8,42,Made Shot,Driving Finger Roll Layup Shot,,Restricted Area,Center(C),Less Than 8 ft.,1,6,8,1,1,20220212,TOR,DEN,2210085029,|1627783|1627832|1628384|1629018|1630567,1,REG,,,2022,1628384,1.0,SF,Wing Stopper,1.03,Jokic 1' Driving Finger Roll Layup (2 PTS) (Je. Green 1 AST),,,,DEN,1610612743.0,201145.0
Shot Chart Detail,22100850,37,0,Opponent,1610612761,Toronto Raptors,1,7,54,Made Shot,Jump Shot,,Above the Break 3,Right Side Center(RC),24+ ft.,25,175,190,1,1,20220212,TOR,DEN,2210085037,|1627783|1627832|1628384|1629018|1630567,1,REG,,,2022,1630567,2.0,PF,Helper,0.63,Je. Green 26' 3PT Jump Shot (3 PTS) (Barton 1 AST),,,,DEN,1610612743.0,203115.0
Shot Chart Detail,22100850,42,0,Opponent,1610612761,Toronto Raptors,1,7,42,Made Shot,Running Jump Shot,,Above the Break 3,Left Side Center(LC),24+ ft.,25,-146,208,1,1,20220212,TOR,DEN,2210085042,|1627783|1627832|1628384|1629018|1630567,1,REG,,,2022,1628384,5.0,SF,Wing Stopper,1.03,Gordon 25' 3PT Running Jump Shot (5 PTS) (Barton 2 AST),,,,DEN,1610612743.0,203115.0
Shot Chart Detail,22100850,45,0,Opponent,1610612761,Toronto Raptors,1,7,6,Made Shot,Driving Finger Roll Layup Shot,,In The Paint (Non-RA),Center(C),Less Than 8 ft.,7,-32,72,1,1,20220212,TOR,DEN,2210085045,|1627783|1627832|1628384|1629018|1630567,0,REG,,,2022,1630567,5.0,PF,Helper,0.63,Jokic 8' Driving Finger Roll Layup (4 PTS),,,,DEN,1610612743.0,
Shot Chart Detail,22100850,47,0,Opponent,1610612761,Toronto Raptors,1,6,45,Made Shot,Fadeaway Jump Shot,,Mid-Range,Left Side(L),8-16 ft.,12,-113,43,1,1,20220212,TOR,DEN,2210085047,|1627783|1627832|1628384|1629018|1630567,1,REG,,,2022,1628384,5.0,SF,Wing Stopper,1.03,Jokic 12' Fadeaway Jumper (6 PTS) (Je. Green 2 AST),,,,DEN,1610612743.0,201145.0
Shot Chart Detail,22100850,60,0,Opponent,1610612761,Toronto Raptors,1,5,55,Made Shot,Driving Layup Shot,,Restricted Area,Center(C),Less Than 8 ft.,1,10,3,1,1,20220212,TOR,DEN,2210085060,|1627783|1627832|1629018|1630173|1630567,1,REG,,,2022,1627783|1630567,8.0,,,,,,,,DEN,1610612743.0,1630538.0
Shot Chart Detail,22100850,63,0,Opponent,1610612761,Toronto Raptors,1,5,19,Missed Shot,Step Back Jump shot,,Above the Break 3,Right Side Center(RC),24+ ft.,28,175,220,1,0,20220212,TOR,DEN,2210085063,|1627783|1627832|1629018|1630173|1630567,0,REG,,,2022,1627783,6.0,PF,Helper,0.72,MISS Hyland 28' 3PT Step Back Jump Shot,,,,DEN,1610612743.0,
Shot Chart Detail,22100850,70,0,Opponent,1610612761,Toronto Raptors,1,4,39,Missed Shot,Turnaround Hook Shot,,Restricted Area,Center(C),Less Than 8 ft.,3,28,16,1,0,20220212,TOR,DEN,2210085070,|1627783|1627832|1629018|1630173|1630567,0,REG,,,2022,1630173,3.0,C,Mobile Big,0.24,MISS Jokic 3' Turnaround Hook Shot,,,,DEN,1610612743.0,
Shot Chart Detail,22100850,72,0,Opponent,1610612761,Toronto Raptors,1,4,38,Made Shot,Putback Layup Shot,,Restricted Area,Center(C),Less Than 8 ft.,0,0,0,1,1,20220212,TOR,DEN,2210085072,|1627783|1627832|1629018|1630173|1630567,0,REG,,,2022,1630173,5.0,C,Mobile Big,0.24,Jokic Putback Layup (11 PTS),,,,DEN,1610612743.0,
Shot Chart Detail,22100850,82,0,Opponent,1610612761,Toronto Raptors,1,4,16,Missed Shot,Step Back Jump shot,,Mid-Range,Right Side Center(RC),16-24 ft.,19,88,178,1,0,20220212,TOR,DEN,2210085082,|1627783|1627832|1628449|1629018|1630173,0,REG,,,2022,1630173,6.0,C,Mobile Big,0.24,MISS Barton 20' Step Back Jump Shot,,,,DEN,1610612743.0,
Shot Chart Detail,22100850,108,0,Opponent,1610612761,Toronto Raptors,1,2,17,Missed Shot,Pullup Jump shot,,Mid-Range,Right Side Center(RC),16-24 ft.,19,126,152,1,0,20220212,TOR,DEN,22100850108,|1627832|1628449|1629018|1630173|1630567,0,REG,,,2022,1628449,6.0,SF,Helper,0.4,MISS Gordon 20' Pullup Jump Shot,,,,DEN,1610612743.0,
Shot Chart Detail,22100850,110,0,Opponent,1610612761,Toronto Raptors,1,2,12,Missed Shot,Hook Shot,,Restricted Area,Center(C),Less Than 8 ft.,1,-15,10,1,0,20220212,TOR,DEN,22100850110,|1627832|1628449|1629018|1630173|1630567,0,REG,,,2022,1627832|1630173|1630567,6.0,,,,,,,,DEN,1610612743.0,
Shot Chart Detail,22100850,112,0,Opponent,1610612761,Toronto Raptors,1,2,9,Made Shot,Putback Layup Shot,,Restricted Area,Center(C),Less Than 8 ft.,0,0,0,1,1,20220212,TOR,DEN,22100850112,|1627832|1628449|1629018|1630173|1630567,0,REG,,,2022,1630173|1630567,8.0,,,,,,,,DEN,1610612743.0,
Shot Chart Detail,22100850,121,0,Opponent,1610612761,Toronto Raptors,1,1,21,Missed Shot,Layup Shot,,In The Paint (Non-RA),Center(C),Less Than 8 ft.,4,38,31,1,0,20220212,TOR,DEN,22100850121,|1627832|1628449|1629018|1630173|1630567,0,REG,,,2022,1627832|1630567,5.0,,,,,,,,DEN,1610612743.0,
Shot Chart Detail,22100850,123,0,Opponent,1610612761,Toronto Raptors,1,1,18,Missed Shot,Tip Dunk Shot,,Restricted Area,Center(C),Less Than 8 ft.,0,0,0,1,0,20220212,TOR,DEN,22100850123,|1627832|1628449|1629018|1630173|1630567,0,REG,,,2022,1628449,5.0,SF,Helper,0.4,MISS Gordon Tip Dunk Shot,,,,DEN,1610612743.0,
Shot Chart Detail,22100850,125,0,Opponent,1610612761,Toronto Raptors,1,1,16,Missed Shot,Jump Shot,,Left Corner 3,Left Side(L),24+ ft.,23,-230,3,1,0,20220212,TOR,DEN,22100850125,|1627832|1628449|1629018|1630173|1630567,0,REG,,,2022,1630567,5.0,PF,Helper,0.63,MISS Gordon 3PT Jump Shot,,,,DEN,1610612743.0,
Shot Chart Detail,22100850,133,0,Opponent,1610612761,Toronto Raptors,1,0,52,Missed Shot,Cutting Finger Roll Layup Shot,,Restricted Area,Center(C),Less Than 8 ft.,1,-9,15,1,0,20220212,TOR,DEN,22100850133,|1627832|1628449|1629018|1630173|1630567,0,REG,,,2022,1628449|1629018,3.0,,,,,,,,DEN,1610612743.0,
Shot Chart Detail,22100850,136,0,Opponent,1610612761,Toronto Raptors,1,0,47,Missed Shot,Reverse Layup Shot,,Restricted Area,Center(C),Less Than 8 ft.,2,18,13,1,0,20220212,TOR,DEN,22100850136,|1627832|1628449|1629018|1630173|1630567,0,REG,,,2022,1628449,3.0,SF,Helper,0.4,MISS Campazzo 2' Reverse Layup,,,,DEN,1610612743.0,
Shot Chart Detail,22100850,145,0,Opponent,1610612761,Toronto Raptors,1,0,8,Made Shot,Jump Shot,,Left Corner 3,Left Side(L),24+ ft.,22,-227,3,1,1,20220212,TOR,DEN,22100850145,|1627832|1628449|1629018|1630173|1630567,1,REG,,,2022,1628449,6.0,SF,Helper,0.4,Ja. Green 3PT Jump Shot (3 PTS) (Cousins 1 AST),,,,DEN,1610612743.0,202326.0
Shot Chart Detail,22100850,163,0,Opponent,1610612761,Toronto Raptors,2,11,8,Missed Shot,Jump Shot,,Above the Break 3,Right Side Center(RC),24+ ft.,26,185,185,1,0,20220212,TOR,DEN,22100850163,|1627783|1628384|1628449|1630625|203920,0,REG,,,2022,1628384,4.0,SF,Wing Stopper,1.03,MISS Rivers 26' 3PT Jump Shot,,,,DEN,1610612743.0,
Shot Chart Detail,22100850,170,0,Opponent,1610612761,Toronto Raptors,2,10,21,Made Shot,Cutting Dunk Shot,,Restricted Area,Center(C),Less Than 8 ft.,1,10,4,1,1,20220212,TOR,DEN,22100850170,|1627783|1628384|1628449|1630625|203920,0,REG,,,2022,1628449|1630625,3.0,,,,,,,,DEN,1610612743.0,
Shot Chart Detail,22100850,179,0,Opponent,1610612761,Toronto Raptors,2,9,30,Made Shot,Driving Floating Jump Shot,,In The Paint (Non-RA),Center(C),Less Than 8 ft.,7,-26,75,1,1,20220212,TOR,DEN,22100850179,|1627783|1628384|1628449|1630625|203920,1,REG,,,2022,1627783,5.0,PF,Helper,0.72,Forbes 8' Driving Floating Jump Shot (2 PTS) (Rivers 1 AST),,,,DEN,1610612743.0,203085.0
Shot Chart Detail,22100850,189,0,Opponent,1610612761,Toronto Raptors,2,8,32,Missed Shot,Jump Shot,,Right Corner 3,Right Side(R),24+ ft.,23,235,16,1,0,20220212,TOR,DEN,22100850189,|1627783|1628384|1628449|1630625|203920,0,REG,,,2022,1628449,5.0,SF,Helper,0.4,MISS Ja. Green 24' 3PT Jump Shot,,,,DEN,1610612743.0,
Shot Chart Detail,22100850,203,0,Opponent,1610612761,Toronto Raptors,2,8,2,Missed Shot,Turnaround Bank Hook Shot,,In The Paint (Non-RA),Center(C),Less Than 8 ft.,5,48,17,1,0,20220212,TOR,DEN,22100850203,|1627783|1628384|1628449|1630625|203920,0,REG,,,2022,203920,4.0,C,Mobile Big,0.63,MISS Cousins 5' Turnaround Bank Hook Shot,,,,DEN,1610612743.0,
Shot Chart Detail,22100850,218,0,Opponent,1610612761,Toronto Raptors,2,7,4,Missed Shot,Jump Shot,,Above the Break 3,Right Side Center(RC),24+ ft.,25,191,176,1,0,20220212,TOR,DEN,22100850218,|1627783|1628384|1628449|1630625|203920,0,REG,,,2022,,,,,,,,,,DEN,1610612743.0,
Shot Chart Detail,22100850,241,0,Opponent,1610612761,Toronto Raptors,2,5,24,Missed Shot,Jump Shot,,Above the Break 3,Left Side Center(LC),24+ ft.,27,-175,208,1,0,20220212,TOR,DEN,22100850241,|1627783|1627832|1628384|1629018|203920,0,REG,,,2022,1627832,-8.0,PG,Point of Attack,0.9,MISS Hyland 27' 3PT Jump Shot,,,,DEN,1610612743.0,
Shot Chart Detail,22100850,244,0,Opponent,1610612761,Toronto Raptors,2,5,16,Made Shot,Jump Shot,,Above the Break 3,Right Side Center(RC),24+ ft.,27,143,237,1,1,20220212,TOR,DEN,22100850244,|1627783|1627832|1628384|1629018|203920,1,REG,,,2022,1627832,-5.0,PG,Point of Attack,0.9,Hyland 28' 3PT Jump Shot (5 PTS) (Je. Green 3 AST),,,,DEN,1610612743.0,201145.0
Shot Chart Detail,22100850,248,0,Opponent,1610612761,Toronto Raptors,2,4,46,Missed Shot,Jump Shot,,Above the Break 3,Right Side Center(RC),24+ ft.,26,181,190,1,0,20220212,TOR,DEN,22100850248,|1627783|1627832|1628384|1629018|203920,0,REG,,,2022,1629018,-5.0,SG,Chaser,0.19,MISS Hyland 26' 3PT Jump Shot,,,,DEN,1610612743.0,
Shot Chart Detail,22100850,253,0,Opponent,1610612761,Toronto Raptors,2,4,10,Missed Shot,Step Back Jump shot,,Above the Break 3,Left Side Center(LC),24+ ft.,25,-173,193,1,0,20220212,TOR,DEN,22100850253,|1627783|1627832|1628384|1629018|203920,0,REG,,,2022,203920,-7.0,C,Mobile Big,0.63,MISS Hyland 26' 3PT Step Back Jump Shot,,,,DEN,1610612743.0,
Shot Chart Detail,22100850,257,0,Opponent,1610612761,Toronto Raptors,2,3,52,Made Shot,Cutting Layup Shot,,Restricted Area,Center(C),Less Than 8 ft.,1,9,16,1,1,20220212,TOR,DEN,22100850257,|1627783|1627832|1628384|1629018|203920,1,REG,,,2022,1627783,-5.0,PF,Helper,0.72,Jokic 2' Cutting Layup Shot (20 PTS) (Gordon 1 AST),,,,DEN,1610612743.0,203932.0
Shot Chart Detail,22100850,264,0,Opponent,1610612761,Toronto Raptors,2,3,18,Missed Shot,Jump Shot,,Right Corner 3,Right Side(R),24+ ft.,23,234,35,1,0,20220212,TOR,DEN,22100850264,|1627783|1627832|1628384|1629018|203920,0,REG,,,2022,,,,,,,,,,DEN,1610612743.0,
Shot Chart Detail,22100850,267,0,Opponent,1610612761,Toronto Raptors,2,2,48,Made Shot,Cutting Layup Shot,,Restricted Area,Center(C),Less Than 8 ft.,1,7,10,1,1,20220212,TOR,DEN,22100850267,|1627783|1627832|1628384|1629018|203920,1,REG,,,2022,1627783,-4.0,PF,Helper,0.72,Barton 1' Cutting Layup Shot (2 PTS) (Jokic 3 AST),,,,DEN,1610612743.0,203999.0
Shot Chart Detail,22100850,278,0,Opponent,1610612761,Toronto Raptors,2,1,43,Made Shot,Driving Layup Shot,,In The Paint (Non-RA),Center(C),Less Than 8 ft.,5,56,15,1,1,20220212,TOR,DEN,22100850278,|1627783|1627832|1628384|1629018|203920,1,REG,,,2022,1628384,0.0,SF,Wing Stopper,1.03,Je. Green 6' Driving Layup (7 PTS) (Hyland 2 AST),,,,DEN,1610612743.0,1630538.0
Shot Chart Detail,22100850,285,0,Opponent,1610612761,Toronto Raptors,2,1,8,Made Shot,Driving Hook Shot,,In The Paint (Non-RA),Center(C),Less Than 8 ft.,7,-9,72,1,1,20220212,TOR,DEN,22100850285,|1627783|1627832|1628384|1629018|203920,1,REG,,,2022,1627832,1.0,PG,Point of Attack,0.9,Je. Green 7' Driving Hook Shot (10 PTS) (Jokic 4 AST),,,,DEN,1610612743.0,203999.0
Shot Chart Detail,22100850,292,0,Opponent,1610612761,Toronto Raptors,2,0,40,Missed Shot,Driving Floating Jump Shot,,In The Paint (Non-RA),Center(C),8-16 ft.,8,6,89,1,0,20220212,TOR,DEN,22100850292,|1627783|1627832|1628384|1629018|203920,0,REG,,,2022,1627832|203920|1627783,-1.0,,,,,,,,DEN,1610612743.0,
Shot Chart Detail,22100850,296,0,Opponent,1610612761,Toronto Raptors,2,0,16,Made Shot,Jump Shot,,Left Corner 3,Left Side(L),24+ ft.,23,-233,16,1,1,20220212,TOR,DEN,22100850296,|1627783|1627832|1628384|1629018|203920,1,REG,,,2022,1629018,-1.0,SG,Chaser,0.19,Hyland 3PT Jump Shot (8 PTS) (Gordon 2 AST),,,,DEN,1610612743.0,203932.0
Shot Chart Detail,22100850,310,0,Opponent,1610612761,Toronto Raptors,3,11,9,Missed Shot,Jump Shot,,Above the Break 3,Left Side Center(LC),24+ ft.,28,-124,258,1,0,20220212,TOR,DEN,22100850310,|1627783|1627832|1628384|1629018|1630567,0,REG,,,2022,1627832,-3.0,PG,Point of Attack,0.9,MISS Hyland 29' 3PT Jump Shot,,,,DEN,1610612743.0,
Shot Chart Detail,22100850,316,0,Opponent,1610612761,Toronto Raptors,3,10,35,Made Shot,Pullup Jump shot,,Above the Break 3,Center(C),24+ ft.,25,53,247,1,1,20220212,TOR,DEN,22100850316,|1627783|1627832|1628384|1629018|1630567,0,REG,,,2022,1627783,0.0,PF,Helper,0.72,Je. Green 25' 3PT Pullup Jump Shot (14 PTS),,,,DEN,1610612743.0,
Shot Chart Detail,22100850,319,0,Opponent,1610612761,Toronto Raptors,3,9,59,Missed Shot,Jump Shot,,Above the Break 3,Center(C),24+ ft.,25,51,248,1,0,20220212,TOR,DEN,22100850319,|1627783|1627832|1628384|1629018|1630567,0,REG,,,2022,1627783,-3.0,PF,Helper,0.72,MISS Hyland 25' 3PT Jump Shot,,,,DEN,1610612743.0,
Shot Chart Detail,22100850,326,0,Opponent,1610612761,Toronto Raptors,3,9,35,Missed Shot,Jump Shot,,Above the Break 3,Center(C),24+ ft.,27,-23,279,1,0,20220212,TOR,DEN,22100850326,|1627783|1627832|1628384|1629018|1630567,0,REG,,,2022,1628384,-5.0,SF,Wing Stopper,1.03,MISS Jokic 28' 3PT Jump Shot,,,,DEN,1610612743.0,
Shot Chart Detail,22100850,330,0,Opponent,1610612761,Toronto Raptors,3,9,20,Missed Shot,Driving Layup Shot,,In The Paint (Non-RA),Center(C),Less Than 8 ft.,4,39,28,1,0,20220212,TOR,DEN,22100850330,|1627783|1627832|1628384|1629018|1630567,0,REG,,,2022,1627832,-5.0,PG,Point of Attack,0.9,MISS Je. Green 5' Driving Layup,,,,DEN,1610612743.0,
Shot Chart Detail,22100850,336,0,Opponent,1610612761,Toronto Raptors,3,9,0,Made Shot,Jump Shot,,Right Corner 3,Right Side(R),24+ ft.,22,228,-13,1,1,20220212,TOR,DEN,22100850336,|1627783|1627832|1628384|1629018|1630567,1,REG,,,2022,1629018,-2.0,SG,Chaser,0.19,Barton 3PT Jump Shot (5 PTS) (Hyland 3 AST),,,,DEN,1610612743.0,1630538.0
Shot Chart Detail,22100850,352,0,Opponent,1610612761,Toronto Raptors,3,7,38,Made Shot,Jump Shot,,Right Corner 3,Right Side(R),24+ ft.,22,223,5,1,1,20220212,TOR,DEN,22100850352,|1627783|1627832|1628384|1629018|1630567,1,REG,,,2022,1627783,-1.0,PF,Helper,0.72,Gordon 3PT Jump Shot (10 PTS) (Je. Green 4 AST),,,,DEN,1610612743.0,201145.0
Shot Chart Detail,22100850,359,0,Opponent,1610612761,Toronto Raptors,3,6,53,Missed Shot,Driving Floating Jump Shot,,In The Paint (Non-RA),Center(C),Less Than 8 ft.,5,-11,50,1,0,20220212,TOR,DEN,22100850359,|1627783|1627832|1628384|1629018|1630567,0,REG,,,2022,1627832,-3.0,PG,Point of Attack,0.9,MISS Barton 5' Driving Floating Jump Shot,,,,DEN,1610612743.0,
Shot Chart Detail,22100850,365,0,Opponent,1610612761,Toronto Raptors,3,6,22,Missed Shot,Jump Shot,,Above the Break 3,Right Side Center(RC),24+ ft.,24,120,216,1,0,20220212,TOR,DEN,22100850365,|1627783|1627832|1628384|1629018|1630567,0,REG,,,2022,1628384,-5.0,SF,Wing Stopper,1.03,MISS Campazzo 25' 3PT Jump Shot,,,,DEN,1610612743.0,
Shot Chart Detail,22100850,373,0,Opponent,1610612761,Toronto Raptors,3,5,58,Missed Shot,Jump Shot,,Left Corner 3,Left Side(L),24+ ft.,23,-230,21,1,0,20220212,TOR,DEN,22100850373,|1627783|1627832|1628384|1629018|1630567,0,REG,,,2022,1628384,-5.0,SF,Wing Stopper,1.03,MISS Barton 3PT Jump Shot,,,,DEN,1610612743.0,
Shot Chart Detail,22100850,377,0,Opponent,1610612761,Toronto Raptors,3,5,34,Made Shot,Running Pull-Up Jump Shot,,Above the Break 3,Center(C),24+ ft.,25,-15,259,1,1,20220212,TOR,DEN,22100850377,|1627783|1627832|1628384|1629018|1630567,0,REG,,,2022,1630567,-2.0,PF,Helper,0.63,Barton 26' 3PT Running Pull-Up Jump Shot (8 PTS),,,,DEN,1610612743.0,
Shot Chart Detail,22100850,380,0,Opponent,1610612761,Toronto Raptors,3,4,50,Missed Shot,Jump Shot,,Above the Break 3,Left Side Center(LC),24+ ft.,25,-175,183,1,0,20220212,TOR,DEN,22100850380,|1627783|1627832|1628384|1629018|1630567,0,REG,,,2022,1629018,-4.0,SG,Chaser,0.19,MISS Campazzo 25' 3PT Jump Shot,,,,DEN,1610612743.0,
Shot Chart Detail,22100850,384,0,Opponent,1610612761,Toronto Raptors,3,4,22,Made Shot,Jump Shot,,Right Corner 3,Right Side(R),24+ ft.,22,228,2,1,1,20220212,TOR,DEN,22100850384,|1627783|1627832|1628384|1629018|1630567,1,REG,,,2022,1627783,-4.0,PF,Helper,0.72,Je. Green 3PT Jump Shot (17 PTS) (Campazzo 1 AST),,,,DEN,1610612743.0,1630267.0
Shot Chart Detail,22100850,388,0,Opponent,1610612761,Toronto Raptors,3,3,55,Made Shot,Running Finger Roll Layup Shot,,Restricted Area,Center(C),Less Than 8 ft.,0,0,7,1,1,20220212,TOR,DEN,22100850388,|1627783|1627832|1628384|1629018|1630567,1,REG,,,2022,1628384,-2.0,SF,Wing Stopper,1.03,Gordon 1' Running Finger Roll Layup (12 PTS) (Jokic 5 AST),,,,DEN,1610612743.0,203999.0
Shot Chart Detail,22100850,401,0,Opponent,1610612761,Toronto Raptors,3,3,31,Made Shot,Running Dunk Shot,,Restricted Area,Center(C),Less Than 8 ft.,0,0,8,1,1,20220212,TOR,DEN,22100850401,|1627783|1627832|1628449|1629018|1630173,1,REG,,,2022,1628449,1.0,SF,Helper,0.4,Je. Green 1' Running Dunk (19 PTS) (Campazzo 2 AST),,,,DEN,1610612743.0,1630267.0
Shot Chart Detail,22100850,413,0,Opponent,1610612761,Toronto Raptors,3,2,37,Missed Shot,Running Layup Shot,,Restricted Area,Center(C),Less Than 8 ft.,2,21,15,1,0,20220212,TOR,DEN,22100850413,|1627832|1628449|1629018|1630173|1630567,0,REG,,,2022,1627832,-1.0,PG,Point of Attack,0.9,MISS Campazzo 3' Running Layup,,,,DEN,1610612743.0,
Shot Chart Detail,22100850,415,0,Opponent,1610612761,Toronto Raptors,3,2,34,Made Shot,Jump Shot,,Left Corner 3,Left Side(L),24+ ft.,23,-234,0,1,1,20220212,TOR,DEN,22100850415,|1627832|1628449|1629018|1630173|1630567,1,REG,,,2022,1630173,2.0,C,Mobile Big,0.24,Campazzo 3PT Jump Shot (3 PTS) (Rivers 2 AST),,,,DEN,1610612743.0,203085.0
Shot Chart Detail,22100850,422,0,Opponent,1610612761,Toronto Raptors,3,2,5,Missed Shot,Jump Shot,,Right Corner 3,Right Side(R),24+ ft.,24,241,23,1,0,20220212,TOR,DEN,22100850422,|1627832|1628449|1629018|1630173|1630567,0,REG,,,2022,1629018,0.0,SG,Chaser,0.19,MISS Ja. Green 24' 3PT Jump Shot,,,,DEN,1610612743.0,
Shot Chart Detail,22100850,426,0,Opponent,1610612761,Toronto Raptors,3,1,28,Missed Shot,Jump Shot,,Left Corner 3,Left Side(L),24+ ft.,23,-238,11,1,0,20220212,TOR,DEN,22100850426,|1627832|1628449|1629018|1630173|1630567,0,REG,,,2022,1627832,0.0,PG,Point of Attack,0.9,MISS Je. Green 24' 3PT Jump Shot,,,,DEN,1610612743.0,
Shot Chart Detail,22100850,428,0,Opponent,1610612761,Toronto Raptors,3,1,25,Made Shot,Floating Jump shot,,In The Paint (Non-RA),Center(C),Less Than 8 ft.,6,-5,68,1,1,20220212,TOR,DEN,22100850428,|1627832|1628449|1629018|1630173|1630567,0,REG,,,2022,1628449|1630173,2.0,,,,,,,,DEN,1610612743.0,
Shot Chart Detail,22100850,433,0,Opponent,1610612761,Toronto Raptors,3,0,41,Missed Shot,Jump Shot,,Left Corner 3,Left Side(L),24+ ft.,23,-237,33,1,0,20220212,TOR,DEN,22100850433,|1627832|1628449|1629018|1630173|1630567,0,REG,,,2022,1630173,0.0,C,Mobile Big,0.24,MISS Jokic 24' 3PT Jump Shot,,,,DEN,1610612743.0,
Shot Chart Detail,22100850,440,0,Opponent,1610612761,Toronto Raptors,3,0,0,Missed Shot,Driving Floating Jump Shot,,Backcourt,Back Court(BC),Back Court Shot,51,-200,478,1,0,20220212,TOR,DEN,22100850440,|1627832|1628449|1629018|1630173|1630567,0,REG,,,2022,,,,,,,,,,DEN,1610612743.0,
Shot Chart Detail,22100850,459,0,Opponent,1610612761,Toronto Raptors,4,10,55,Made Shot,Driving Reverse Layup Shot,,Restricted Area,Center(C),Less Than 8 ft.,1,-12,8,1,1,20220212,TOR,DEN,22100850459,|1627783|1628384|1630567|1630625|203920,0,REG,,,2022,1627783|1630567,-3.0,,,,,,,,DEN,1610612743.0,
Shot Chart Detail,22100850,464,0,Opponent,1610612761,Toronto Raptors,4,10,10,Missed Shot,Jump Shot,,Left Corner 3,Left Side(L),24+ ft.,23,-234,-1,1,0,20220212,TOR,DEN,22100850464,|1627783|1628384|1630567|1630625|203920,0,REG,,,2022,203920,-6.0,C,Mobile Big,0.63,MISS Ja. Green 3PT Jump Shot,,,,DEN,1610612743.0,
Shot Chart Detail,22100850,466,0,Opponent,1610612761,Toronto Raptors,4,10,4,Missed Shot,Step Back Jump shot,,Above the Break 3,Center(C),24+ ft.,27,-80,262,1,0,20220212,TOR,DEN,22100850466,|1627783|1628384|1630567|1630625|203920,0,REG,,,2022,1630625,-6.0,PG,Chaser,0.27,MISS Rivers 27' 3PT Step Back Jump Shot,,,,DEN,1610612743.0,
Shot Chart Detail,22100850,477,0,Opponent,1610612761,Toronto Raptors,4,9,16,Made Shot,Jump Shot,,Left Corner 3,Left Side(L),24+ ft.,23,-233,43,1,1,20220212,TOR,DEN,22100850477,|1627783|1628384|1630567|1630625|203920,1,REG,,,2022,1628384,-5.0,SF,Wing Stopper,1.03,Forbes 24' 3PT Jump Shot (5 PTS) (Cousins 2 AST),,,,DEN,1610612743.0,202326.0
Shot Chart Detail,22100850,481,0,Opponent,1610612761,Toronto Raptors,4,8,39,Made Shot,Pullup Jump shot,,Mid-Range,Center(C),16-24 ft.,18,-51,175,1,1,20220212,TOR,DEN,22100850481,|1627783|1628384|1630567|1630625|203920,1,REG,,,2022,1627783,-3.0,PF,Helper,0.72,Forbes 18' Pullup Jump Shot (7 PTS) (Campazzo 3 AST),,,,DEN,1610612743.0,1630267.0
Shot Chart Detail,22100850,488,0,Opponent,1610612761,Toronto Raptors,4,8,0,Made Shot,Driving Finger Roll Layup Shot,,Restricted Area,Center(C),Less Than 8 ft.,3,-9,36,1,1,20220212,TOR,DEN,22100850488,|1627783|1628384|1630567|1630625|203920,1,REG,,,2022,1630625|1627783|1630567,-2.0,,,,,,,,DEN,1610612743.0,1627854.0
Shot Chart Detail,22100850,492,0,Opponent,1610612761,Toronto Raptors,4,7,29,Made Shot,Driving Finger Roll Layup Shot,,Restricted Area,Center(C),Less Than 8 ft.,0,-2,1,1,1,20220212,TOR,DEN,22100850492,|1627783|1628384|1630567|1630625|203920,0,REG,,,2022,1630567,0.0,PF,Helper,0.63,Rivers Driving Finger Roll Layup (4 PTS),,,,DEN,1610612743.0,
Shot Chart Detail,22100850,501,0,Opponent,1610612761,Toronto Raptors,4,6,54,Made Shot,Jump Shot,,Above the Break 3,Left Side Center(LC),24+ ft.,27,-188,205,1,1,20220212,TOR,DEN,22100850501,|1627783|1627832|1628384|1629018|203920,1,REG,,,2022,1627832,3.0,PG,Point of Attack,0.9,Campazzo 28' 3PT Jump Shot (6 PTS) (Rivers 3 AST),,,,DEN,1610612743.0,203085.0
Shot Chart Detail,22100850,505,0,Opponent,1610612761,Toronto Raptors,4,6,6,Missed Shot,Driving Floating Jump Shot,,In The Paint (Non-RA),Center(C),8-16 ft.,9,-47,84,1,0,20220212,TOR,DEN,22100850505,|1627783|1627832|1628384|1629018|203920,0,REG,,,2022,1629018,1.0,SG,Chaser,0.19,Trent Jr. BLOCK (1 BLK),,,,DEN,1610612743.0,
Shot Chart Detail,22100850,511,0,Opponent,1610612761,Toronto Raptors,4,6,1,Missed Shot,Jump Bank Shot,,Above the Break 3,Left Side Center(LC),24+ ft.,26,-167,210,1,0,20220212,TOR,DEN,22100850511,|1627783|1627832|1628384|1628449|1629018,0,REG,,,2022,1627832,1.0,PG,Point of Attack,0.9,MISS Campazzo 27' 3PT Jump Bank Shot,,,,DEN,1610612743.0,
Shot Chart Detail,22100850,515,0,Opponent,1610612761,Toronto Raptors,4,5,25,Missed Shot,Finger Roll Layup Shot,,In The Paint (Non-RA),Center(C),Less Than 8 ft.,5,-28,49,1,0,20220212,TOR,DEN,22100850515,|1627783|1627832|1628384|1628449|1629018,0,REG,,,2022,1628449|1627783,-1.0,,,,,,,,DEN,1610612743.0,
Shot Chart Detail,22100850,517,0,Opponent,1610612761,Toronto Raptors,4,5,23,Missed Shot,Putback Layup Shot,,Restricted Area,Center(C),Less Than 8 ft.,3,-28,25,1,0,20220212,TOR,DEN,22100850517,|1627783|1627832|1628384|1628449|1629018,0,REG,,,2022,1628449|1627783,-1.0,,,,,,,,DEN,1610612743.0,
Shot Chart Detail,22100850,533,0,Opponent,1610612761,Toronto Raptors,4,4,48,Made Shot,Reverse Layup Shot,,Restricted Area,Center(C),Less Than 8 ft.,0,7,7,1,1,20220212,TOR,DEN,22100850533,|1627783|1627832|1628384|1628449|1629018,1,REG,,,2022,1627832|1627783,1.0,,,,,,,,DEN,1610612743.0,1630538.0
Shot Chart Detail,22100850,546,0,Opponent,1610612761,Toronto Raptors,4,4,11,Missed Shot,Pullup Jump shot,,Mid-Range,Right Side(R),8-16 ft.,13,115,74,1,0,20220212,TOR,DEN,22100850546,|1627783|1627832|1628384|1629018|1630567,0,REG,,,2022,1630567,2.0,PF,Helper,0.63,MISS Gordon 14' Pullup Jump Shot,,,,DEN,1610612743.0,
Shot Chart Detail,22100850,551,0,Opponent,1610612761,Toronto Raptors,4,3,23,Made Shot,Driving Hook Shot,,In The Paint (Non-RA),Center(C),8-16 ft.,9,0,95,1,1,20220212,TOR,DEN,22100850551,|1627783|1627832|1628384|1629018|1630567,0,REG,,,2022,1627832|1628384,2.0,,,,,,,,DEN,1610612743.0,
Shot Chart Detail,22100850,554,0,Opponent,1610612761,Toronto Raptors,4,3,1,Missed Shot,Driving Floating Jump Shot,,Restricted Area,Center(C),Less Than 8 ft.,3,-10,37,1,0,20220212,TOR,DEN,22100850554,|1627783|1627832|1628384|1629018|1630567,0,REG,,,2022,1627832|1627783,2.0,,,,,,,,DEN,1610612743.0,
Shot Chart Detail,22100850,556,0,Opponent,1610612761,Toronto Raptors,4,2,57,Missed Shot,Tip Layup Shot,,Restricted Area,Center(C),Less Than 8 ft.,0,0,0,1,0,20220212,TOR,DEN,22100850556,|1627783|1627832|1628384|1629018|1630567,0,REG,,,2022,1629018|1628384,2.0,,,,,,,,DEN,1610612743.0,
Shot Chart Detail,22100850,563,0,Opponent,1610612761,Toronto Raptors,4,2,16,Made Shot,Jump Shot,,Above the Break 3,Center(C),24+ ft.,28,39,283,1,1,20220212,TOR,DEN,22100850563,|1627783|1627832|1628384|1629018|1630567,1,REG,,,2022,1627832,3.0,PG,Point of Attack,0.9,Hyland 29' 3PT Jump Shot (11 PTS) (Jokic 6 AST),,,,DEN,1610612743.0,203999.0
Shot Chart Detail,22100850,567,0,Opponent,1610612761,Toronto Raptors,4,1,34,Missed Shot,Driving Layup Shot,,Restricted Area,Center(C),Less Than 8 ft.,3,22,22,1,0,20220212,TOR,DEN,22100850567,|1627783|1627832|1628384|1629018|1630567,0,REG,,,2022,1627783|1630567,3.0,,,,,,,,DEN,1610612743.0,
Shot Chart Detail,22100850,569,0,Opponent,1610612761,Toronto Raptors,4,1,34,Made Shot,Tip Layup Shot,,Restricted Area,Center(C),Less Than 8 ft.,0,0,0,1,1,20220212,TOR,DEN,22100850569,|1627783|1627832|1628384|1629018|1630567,0,REG,,,2022,1627783,5.0,PF,Helper,0.72,Jokic Tip Layup Shot (28 PTS),,,,DEN,1610612743.0,
Shot Chart Detail,22100850,572,0,Opponent,1610612761,Toronto Raptors,4,0,58,Missed Shot,Driving Floating Jump Shot,,In The Paint (Non-RA),Center(C),8-16 ft.,11,0,110,1,0,20220212,TOR,DEN,22100850572,|1627783|1627832|1628384|1629018|1630567,0,REG,,,2022,1627783,3.0,PF,Helper,0.72,MISS Jokic 11' Driving Floating Jump Shot,,,,DEN,1610612743.0,
Shot Chart Detail,22100850,579,0,Opponent,1610612761,Toronto Raptors,4,0,28,Made Shot,Driving Floating Jump Shot,,In The Paint (Non-RA),Center(C),8-16 ft.,14,-47,137,1,1,20220212,TOR,DEN,22100850579,|1627783|1627832|1628384|1629018|1630567,1,REG,,,2022,1630567,4.0,PF,Helper,0.63,Barton 14' Driving Floating Jump Shot (10 PTS) (Je. Green 5 AST),,,,DEN,1610612743.0,201145.0
Shot Chart Detail,22100863,9,0,Opponent,1610612761,Toronto Raptors,1,11,33,Missed Shot,Driving Floating Jump Shot,,In The Paint (Non-RA),Center(C),Less Than 8 ft.,5,56,4,1,0,20220214,NOP,TOR,221008639,|1627783|1627832|1628384|1629018|1630567,0,REG,,,2022,1627783,0.0,PF,Helper,0.72,MISS McCollum 6' Driving Floating Jump Shot,,,,NOP,1610612740.0,
Shot Chart Detail,22100863,11,0,Opponent,1610612761,Toronto Raptors,1,11,25,Made Shot,Putback Dunk Shot,,Restricted Area,Center(C),Less Than 8 ft.,0,0,0,1,1,20220214,NOP,TOR,2210086311,|1627783|1627832|1628384|1629018|1630567,0,REG,,,2022,1630567,2.0,PF,Helper,0.63,Valanciunas Putback Dunk (2 PTS),,,,NOP,1610612740.0,
Shot Chart Detail,22100863,16,0,Opponent,1610612761,Toronto Raptors,1,10,46,Made Shot,Jump Shot,,Left Corner 3,Left Side(L),24+ ft.,23,-230,17,1,1,20220214,NOP,TOR,2210086316,|1627783|1627832|1628384|1629018|1630567,1,REG,,,2022,1627783,3.0,PF,Helper,0.72,McCollum 3PT Jump Shot (3 PTS) (Valanciunas 1 AST),,,,NOP,1610612740.0,202685.0
Shot Chart Detail,22100863,22,0,Opponent,1610612761,Toronto Raptors,1,10,13,Made Shot,Layup Shot,,Restricted Area,Center(C),Less Than 8 ft.,2,28,2,1,1,20220214,NOP,TOR,2210086322,|1627783|1627832|1628384|1629018|1630567,1,REG,,,2022,1630567,5.0,PF,Helper,0.63,Valanciunas 3' Layup (4 PTS) (Ingram 1 AST),,,,NOP,1610612740.0,1627742.0
Shot Chart Detail,22100863,27,0,Opponent,1610612761,Toronto Raptors,1,9,47,Made Shot,Driving Layup Shot,,Restricted Area,Center(C),Less Than 8 ft.,3,-23,28,1,1,20220214,NOP,TOR,2210086327,|1627783|1627832|1628384|1629018|1630567,1,REG,,,2022,1627783|1627832,5.0,,,,,,,,NOP,1610612740.0,1628984.0
Shot Chart Detail,22100863,41,0,Opponent,1610612761,Toronto Raptors,1,8,21,Missed Shot,Pullup Jump shot,,In The Paint (Non-RA),Center(C),8-16 ft.,11,-48,99,1,0,20220214,NOP,TOR,2210086341,|1627783|1627832|1628384|1629018|1630567,0,REG,,,2022,1629018,7.0,SG,Chaser,0.19,MISS Ingram 11' Pullup Jump Shot,,,,NOP,1610612740.0,
Shot Chart Detail,22100863,49,0,Opponent,1610612761,Toronto Raptors,1,7,32,Made Shot,Turnaround Hook Shot,,In The Paint (Non-RA),Center(C),Less Than 8 ft.,5,-39,41,1,1,20220214,NOP,TOR,2210086349,|1627783|1627832|1628384|1629018|1630567,1,REG,,,2022,1627783|1627832,9.0,,,,,,,,NOP,1610612740.0,1628984.0
Shot Chart Detail,22100863,56,0,Opponent,1610612761,Toronto Raptors,1,6,54,Made Shot,Driving Floating Jump Shot,,In The Paint (Non-RA),Center(C),Less Than 8 ft.,6,7,68,1,1,20220214,NOP,TOR,2210086356,|1627783|1627832|1628384|1629018|203920,1,REG,,,2022,1627832,11.0,PG,Point of Attack,0.9,McCollum 7' Driving Floating Jump Shot (5 PTS) (Ingram 2 AST),,,,NOP,1610612740.0,1627742.0
Shot Chart Detail,22100863,65,0,Opponent,1610612761,Toronto Raptors,1,6,9,Made Shot,Jump Shot,,Mid-Range,Right Side(R),16-24 ft.,17,174,38,1,1,20220214,NOP,TOR,2210086365,|1627783|1627832|1628384|1629018|203920,1,REG,,,2022,1628384,11.0,SF,Wing Stopper,1.03,Ingram 18' Jump Shot (4 PTS) (Jones 1 AST),,,,NOP,1610612740.0,1630529.0
Shot Chart Detail,22100863,69,0,Opponent,1610612761,Toronto Raptors,1,5,38,Missed Shot,Pullup Jump shot,,Above the Break 3,Left Side Center(LC),24+ ft.,26,-107,246,1,0,20220214,NOP,TOR,2210086369,|1627783|1627832|1628384|1629018|203920,0,REG,,,2022,1629018,9.0,SG,Chaser,0.19,MISS McCollum 27' 3PT Pullup Jump Shot,,,,NOP,1610612740.0,
Shot Chart Detail,22100863,73,0,Opponent,1610612761,Toronto Raptors,1,5,22,Made Shot,Running Dunk Shot,,Restricted Area,Center(C),Less Than 8 ft.,2,-5,25,1,1,20220214,NOP,TOR,2210086373,|1627783|1627832|1628384|1629018|203920,1,REG,,,2022,1627832,11.0,PG,Point of Attack,0.9,Hayes 3' Running Dunk (2 PTS) (Ingram 3 AST),,,,NOP,1610612740.0,1627742.0
Shot Chart Detail,22100863,77,0,Opponent,1610612761,Toronto Raptors,1,4,56,Made Shot,Running Jump Shot,,Above the Break 3,Left Side Center(LC),24+ ft.,27,-148,226,1,1,20220214,NOP,TOR,2210086377,|1627783|1627832|1628384|1629018|203920,1,REG,,,2022,1627832,14.0,PG,Point of Attack,0.9,Jones 27' 3PT Running Jump Shot (5 PTS) (McCollum 1 AST),,,,NOP,1610612740.0,203468.0
Shot Chart Detail,22100863,86,0,Opponent,1610612761,Toronto Raptors,1,4,18,Missed Shot,Jump Shot,,Above the Break 3,Left Side Center(LC),24+ ft.,28,-127,254,1,0,20220214,NOP,TOR,2210086386,|1627783|1627832|1628449|1629018|203920,0,REG,,,2022,1629018,11.0,SG,Chaser,0.19,MISS Valanciunas 28' 3PT Jump Shot,,,,NOP,1610612740.0,
Shot Chart Detail,22100863,95,0,Opponent,1610612761,Toronto Raptors,1,3,43,Missed Shot,Jump Shot,,Above the Break 3,Center(C),24+ ft.,27,-29,272,1,0,20220214,NOP,TOR,2210086395,|1627783|1627832|1628449|1629018|203920,0,REG,,,2022,1629018,9.0,SG,Chaser,0.19,MISS Graham 27' 3PT Jump Shot,,,,NOP,1610612740.0,
Shot Chart Detail,22100863,102,0,Opponent,1610612761,Toronto Raptors,1,2,52,Missed Shot,Fadeaway Jump Shot,,Mid-Range,Right Side(R),8-16 ft.,14,140,23,1,0,20220214,NOP,TOR,22100863102,|1627783|1627832|1628449|1629018|203920,0,REG,,,2022,203920|1628449,7.0,,,,,,,,NOP,1610612740.0,
Shot Chart Detail,22100863,112,0,Opponent,1610612761,Toronto Raptors,1,2,27,Missed Shot,Jump Shot,,Right Corner 3,Right Side(R),24+ ft.,23,234,31,1,0,20220214,NOP,TOR,22100863112,|1627832|1628449|1629018|1630173|203920,0,REG,,,2022,203920,5.0,C,Mobile Big,0.63,MISS Clark 24' 3PT Jump Shot,,,,NOP,1610612740.0,
Shot Chart Detail,22100863,126,0,Opponent,1610612761,Toronto Raptors,1,1,25,Made Shot,Jump Shot,,Left Corner 3,Left Side(L),24+ ft.,23,-232,22,1,1,20220214,NOP,TOR,22100863126,|1627832|1628449|1629018|1630173|203920,1,REG,,,2022,203920,10.0,C,Mobile Big,0.63,Snell 3PT Jump Shot (3 PTS) (Graham 3 AST),,,,NOP,1610612740.0,1628984.0
Shot Chart Detail,22100863,162,0,Opponent,1610612761,Toronto Raptors,2,11,35,Made Shot,Pullup Jump shot,,In The Paint (Non-RA),Center(C),8-16 ft.,12,22,126,1,1,20220214,NOP,TOR,22100863162,|1627783|1628384|1630173|1630567|201152,1,REG,,,2022,1630173|1630567,14.0,,,,,,,,NOP,1610612740.0,202685.0
Shot Chart Detail,22100863,166,0,Opponent,1610612761,Toronto Raptors,2,10,53,Made Shot,Jump Shot,,Left Corner 3,Left Side(L),24+ ft.,23,-235,7,1,1,20220214,NOP,TOR,22100863166,|1627783|1628384|1630173|1630567|201152,1,REG,,,2022,,,,,,,,,,NOP,1610612740.0,1630631.0
Shot Chart Detail,22100863,173,0,Opponent,1610612761,Toronto Raptors,2,10,25,Made Shot,Driving Finger Roll Layup Shot,,In The Paint (Non-RA),Center(C),Less Than 8 ft.,4,-20,37,1,1,20220214,NOP,TOR,22100863173,|1627783|1628384|1630173|1630567|201152,1,REG,,,2022,1630567,17.0,PF,Helper,0.63,Alvarado 4' Driving Finger Roll Layup (6 PTS) (McCollum 2 AST),,,,NOP,1610612740.0,203468.0
Shot Chart Detail,22100863,185,0,Opponent,1610612761,Toronto Raptors,2,9,10,Made Shot,Jump Shot,,Above the Break 3,Right Side Center(RC),24+ ft.,26,107,244,1,1,20220214,NOP,TOR,22100863185,|1627783|1628384|1630173|1630567|201152,1,REG,,,2022,1630567,17.0,PF,Helper,0.63,Snell 27' 3PT Jump Shot (6 PTS) (Alvarado 2 AST),,,,NOP,1610612740.0,1630631.0
Shot Chart Detail,22100863,200,0,Opponent,1610612761,Toronto Raptors,2,8,8,Missed Shot,Running Layup Shot,,In The Paint (Non-RA),Center(C),Less Than 8 ft.,5,7,53,1,0,20220214,NOP,TOR,22100863200,|1627783|1628384|1630173|1630567|201152,0,REG,,,2022,1628384,17.0,SF,Wing Stopper,1.03,MISS Alvarado 5' Running Layup,,,,NOP,1610612740.0,
Shot Chart Detail,22100863,211,0,Opponent,1610612761,Toronto Raptors,2,7,32,Made Shot,Step Back Jump shot,,Mid-Range,Right Side(R),8-16 ft.,15,145,58,1,1,20220214,NOP,TOR,22100863211,|1627783|1628384|1628449|1630567|201152,0,REG,,,2022,201152,16.0,PF,Helper,0.84,McCollum 16' Step Back Jump Shot (9 PTS),,,,NOP,1610612740.0,
Shot Chart Detail,22100863,223,0,Opponent,1610612761,Toronto Raptors,2,7,2,Missed Shot,Jump Shot,,Right Corner 3,Right Side(R),24+ ft.,24,239,38,1,0,20220214,NOP,TOR,22100863223,|1627783|1627832|1628384|1628449|201152,0,REG,,,2022,1628449,15.0,SF,Helper,0.4,MISS Temple 24' 3PT Jump Shot,,,,NOP,1610612740.0,
Shot Chart Detail,22100863,232,0,Opponent,1610612761,Toronto Raptors,2,6,49,Missed Shot,Jump Shot,,Above the Break 3,Right Side Center(RC),24+ ft.,26,167,202,1,0,20220214,NOP,TOR,22100863232,|1627783|1627832|1628384|1628449|201152,0,REG,,,2022,1627783,13.0,PF,Helper,0.72,MISS Graham 26' 3PT Jump Shot,,,,NOP,1610612740.0,
Shot Chart Detail,22100863,239,0,Opponent,1610612761,Toronto Raptors,2,6,15,Missed Shot,Floating Jump shot,,In The Paint (Non-RA),Center(C),8-16 ft.,8,32,78,1,0,20220214,NOP,TOR,22100863239,|1627783|1627832|1628384|1628449|1629018,0,REG,,,2022,1628449,13.0,SF,Helper,0.4,MISS Hayes 8' Floating Jump Shot,,,,NOP,1610612740.0,
Shot Chart Detail,22100863,246,0,Opponent,1610612761,Toronto Raptors,2,5,46,Made Shot,Turnaround Fadeaway shot,,Mid-Range,Right Side(R),8-16 ft.,15,131,91,1,1,20220214,NOP,TOR,22100863246,|1627783|1627832|1628384|1628449|1629018,0,REG,,,2022,1628384,15.0,SF,Wing Stopper,1.03,Ingram 16' Turnaround Fadeaway (6 PTS),,,,NOP,1610612740.0,
Shot Chart Detail,22100863,250,0,Opponent,1610612761,Toronto Raptors,2,5,6,Made Shot,Driving Layup Shot,,In The Paint (Non-RA),Center(C),Less Than 8 ft.,4,-18,38,1,1,20220214,NOP,TOR,22100863250,|1627783|1627832|1628384|1628449|1629018,0,REG,,,2022,1629018|1628449,15.0,,,,,,,,NOP,1610612740.0,
Shot Chart Detail,22100863,260,0,Opponent,1610612761,Toronto Raptors,2,4,26,Missed Shot,Jump Shot,,Above the Break 3,Left Side Center(LC),24+ ft.,25,-210,149,1,0,20220214,NOP,TOR,22100863260,|1627832|1628384|1628449|1629018|203920,0,REG,,,2022,1628384,15.0,SF,Wing Stopper,1.03,MISS McCollum 26' 3PT Jump Shot,,,,NOP,1610612740.0,
Shot Chart Detail,22100863,272,0,Opponent,1610612761,Toronto Raptors,2,3,41,Missed Shot,Jump Shot,,Above the Break 3,Left Side Center(LC),24+ ft.,26,-123,239,1,0,20220214,NOP,TOR,22100863272,|1627832|1628384|1628449|1629018|203920,0,REG,,,2022,1629018,13.0,SG,Chaser,0.19,MISS Ingram 27' 3PT Jump Shot,,,,NOP,1610612740.0,
Shot Chart Detail,22100863,276,0,Opponent,1610612761,Toronto Raptors,2,3,28,Made Shot,Running Layup Shot,,Restricted Area,Center(C),Less Than 8 ft.,1,6,11,1,1,20220214,NOP,TOR,22100863276,|1627832|1628384|1628449|1629018|203920,1,REG,,,2022,203920,15.0,C,Mobile Big,0.63,Hayes 1' Running Layup (4 PTS) (Ingram 4 AST),,,,NOP,1610612740.0,1627742.0
Shot Chart Detail,22100863,292,0,Opponent,1610612761,Toronto Raptors,2,2,54,Missed Shot,Cutting Layup Shot,,Restricted Area,Center(C),Less Than 8 ft.,2,7,28,1,0,20220214,NOP,TOR,22100863292,|1627832|1628449|1629018|1630567|203920,0,REG,,,2022,203920,14.0,C,Mobile Big,0.63,MISS Jones 3' Cutting Layup Shot,,,,NOP,1610612740.0,
Shot Chart Detail,22100863,296,0,Opponent,1610612761,Toronto Raptors,2,2,23,Made Shot,Jump Shot,,Left Corner 3,Left Side(L),24+ ft.,22,-229,11,1,1,20220214,NOP,TOR,22100863296,|1627832|1628449|1629018|1630567|203920,1,REG,,,2022,1630567,15.0,PF,Helper,0.63,McCollum 3PT Jump Shot (12 PTS) (Jones 2 AST),,,,NOP,1610612740.0,1630529.0
Shot Chart Detail,22100863,306,0,Opponent,1610612761,Toronto Raptors,2,1,57,Made Shot,Jump Shot,,Above the Break 3,Left Side Center(LC),24+ ft.,27,-162,216,1,1,20220214,NOP,TOR,22100863306,|1627783|1627832|1629018|1630567|203920,1,REG,,,2022,1630567,16.0,PF,Helper,0.63,Graham 27' 3PT Jump Shot (3 PTS) (Snell 1 AST),,,,NOP,1610612740.0,203503.0
Shot Chart Detail,22100863,312,0,Opponent,1610612761,Toronto Raptors,2,1,10,Made Shot,Fadeaway Jump Shot,,In The Paint (Non-RA),Left Side(L),8-16 ft.,8,-49,73,1,1,20220214,NOP,TOR,22100863312,|1627783|1627832|1629018|1630567|203920,0,REG,,,2022,203920,18.0,C,Mobile Big,0.63,Ingram 9' Fadeaway Jumper (8 PTS),,,,NOP,1610612740.0,
Shot Chart Detail,22100863,325,0,Opponent,1610612761,Toronto Raptors,2,0,11,Missed Shot,Jump Shot,,Above the Break 3,Right Side Center(RC),24+ ft.,27,132,238,1,0,20220214,NOP,TOR,22100863325,|1627783|1627832|1629018|1630567|203920,0,REG,,,2022,1627832,18.0,PG,Point of Attack,0.9,MISS Snell 27' 3PT Jump Shot,,,,NOP,1610612740.0,
Shot Chart Detail,22100863,336,0,Opponent,1610612761,Toronto Raptors,3,11,34,Made Shot,Reverse Layup Shot,,Restricted Area,Center(C),Less Than 8 ft.,2,20,9,1,1,20220214,NOP,TOR,22100863336,|1627783|1627832|1628384|1629018|1630567,1,REG,,,2022,1627783,18.0,PF,Helper,0.72,Jones 2' Reverse Layup (9 PTS) (Valanciunas 3 AST),,,,NOP,1610612740.0,202685.0
Shot Chart Detail,22100863,340,0,Opponent,1610612761,Toronto Raptors,3,11,7,Made Shot,Cutting Dunk Shot,,Restricted Area,Center(C),Less Than 8 ft.,2,21,8,1,1,20220214,NOP,TOR,22100863340,|1627783|1627832|1628384|1629018|1630567,1,REG,,,2022,1628384|1630567,20.0,,,,,,,,NOP,1610612740.0,203468.0
Shot Chart Detail,22100863,344,0,Opponent,1610612761,Toronto Raptors,3,10,36,Made Shot,Driving Layup Shot,,In The Paint (Non-RA),Center(C),Less Than 8 ft.,6,42,52,1,1,20220214,NOP,TOR,22100863344,|1627783|1627832|1628384|1629018|1630567,1,REG,,,2022,1627783|1627832,22.0,,,,,,,,NOP,1610612740.0,1628984.0
Shot Chart Detail,22100863,348,0,Opponent,1610612761,Toronto Raptors,3,10,9,Missed Shot,Jump Shot,,Above the Break 3,Left Side Center(LC),24+ ft.,24,-176,174,1,0,20220214,NOP,TOR,22100863348,|1627783|1627832|1628384|1629018|1630567,0,REG,,,2022,1627832,22.0,PG,Point of Attack,0.9,MISS Graham 25' 3PT Jump Shot,,,,NOP,1610612740.0,
Shot Chart Detail,22100863,352,0,Opponent,1610612761,Toronto Raptors,3,9,56,Made Shot,Running Pull-Up Jump Shot,,Above the Break 3,Left Side Center(LC),24+ ft.,25,-195,168,1,1,20220214,NOP,TOR,22100863352,|1627783|1627832|1628384|1629018|1630567,0,REG,,,2022,1628384,25.0,SF,Wing Stopper,1.03,McCollum 26' 3PT Running Pull-Up Jump Shot (17 PTS),,,,NOP,1610612740.0,
Shot Chart Detail,22100863,354,0,Opponent,1610612761,Toronto Raptors,3,9,11,Missed Shot,Jump Shot,,Mid-Range,Left Side(L),16-24 ft.,16,-151,55,1,0,20220214,NOP,TOR,22100863354,|1627783|1627832|1628384|1629018|1630567,0,REG,,,2022,1630567,22.0,PF,Helper,0.63,MISS Valanciunas 16' Jump Shot,,,,NOP,1610612740.0,
Shot Chart Detail,22100863,357,0,Opponent,1610612761,Toronto Raptors,3,8,38,Made Shot,Turnaround Hook Shot,,In The Paint (Non-RA),Center(C),Less Than 8 ft.,7,-7,73,1,1,20220214,NOP,TOR,22100863357,|1627783|1627832|1628384|1629018|1630567,0,REG,,,2022,1628384,21.0,SF,Wing Stopper,1.03,Valanciunas 7' Turnaround Hook Shot (12 PTS),,,,NOP,1610612740.0,
Shot Chart Detail,22100863,361,0,Opponent,1610612761,Toronto Raptors,3,8,7,Missed Shot,Jump Shot,,In The Paint (Non-RA),Center(C),Less Than 8 ft.,7,72,26,1,0,20220214,NOP,TOR,22100863361,|1627783|1627832|1628384|1629018|1630567,0,REG,,,2022,1629018|1627783,21.0,,,,,,,,NOP,1610612740.0,
Shot Chart Detail,22100863,370,0,Opponent,1610612761,Toronto Raptors,3,7,32,Missed Shot,Jump Shot,,Above the Break 3,Left Side Center(LC),24+ ft.,26,-179,190,1,0,20220214,NOP,TOR,22100863370,|1627783|1627832|1628384|1629018|1630567,0,REG,,,2022,1630567|1627832,20.0,,,,,,,,NOP,1610612740.0,
Shot Chart Detail,22100863,375,0,Opponent,1610612761,Toronto Raptors,3,7,9,Missed Shot,Driving Layup Shot,,Restricted Area,Center(C),Less Than 8 ft.,1,13,14,1,0,20220214,NOP,TOR,22100863375,|1627783|1627832|1628384|1629018|1630567,0,REG,,,2022,1628384|1627783|1630567,20.0,,,,,,,,NOP,1610612740.0,
Shot Chart Detail,22100863,379,0,Opponent,1610612761,Toronto Raptors,3,6,57,Made Shot,Jump Shot,,Left Corner 3,Left Side(L),24+ ft.,23,-232,50,1,1,20220214,NOP,TOR,22100863379,|1627783|1627832|1628384|1629018|1630567,1,REG,,,2022,1627832,23.0,PG,Point of Attack,0.9,McCollum 24' 3PT Jump Shot (20 PTS) (Ingram 5 AST),,,,NOP,1610612740.0,1627742.0
Shot Chart Detail,22100863,400,0,Opponent,1610612761,Toronto Raptors,3,5,54,Made Shot,Driving Reverse Dunk Shot,,Restricted Area,Center(C),Less Than 8 ft.,0,-9,4,1,1,20220214,NOP,TOR,22100863400,|1627783|1627832|1628384|1628449|203920,1,REG,,,2022,1628384|1628449,21.0,,,,,,,,NOP,1610612740.0,202685.0
Shot Chart Detail,22100863,405,0,Opponent,1610612761,Toronto Raptors,3,5,14,Made Shot,Layup Shot,,In The Paint (Non-RA),Center(C),Less Than 8 ft.,4,-2,47,1,1,20220214,NOP,TOR,22100863405,|1627783|1627832|1628384|1628449|203920,1,REG,,,2022,203920,23.0,C,Mobile Big,0.63,Hayes 5' Layup (10 PTS) (Jones 3 AST),,,,NOP,1610612740.0,1630529.0
Shot Chart Detail,22100863,422,0,Opponent,1610612761,Toronto Raptors,3,4,20,Made Shot,Reverse Layup Shot,,Restricted Area,Center(C),Less Than 8 ft.,2,20,11,1,1,20220214,NOP,TOR,22100863422,|1627783|1627832|1628449|1629018|203920,1,REG,,,2022,203920,24.0,C,Mobile Big,0.63,Hayes 2' Reverse Layup (12 PTS) (Jones 4 AST),,,,NOP,1610612740.0,1630529.0
Shot Chart Detail,22100863,432,0,Opponent,1610612761,Toronto Raptors,3,3,55,Made Shot,Jump Shot,,Above the Break 3,Left Side Center(LC),24+ ft.,26,-191,177,1,1,20220214,NOP,TOR,22100863432,|1627783|1627832|1628449|1629018|203920,1,REG,,,2022,,,,,,,,,,NOP,1610612740.0,1627742.0
Shot Chart Detail,22100863,435,0,Opponent,1610612761,Toronto Raptors,3,3,18,Made Shot,Pullup Jump shot,,In The Paint (Non-RA),Center(C),Less Than 8 ft.,7,13,72,1,1,20220214,NOP,TOR,22100863435,|1627783|1627832|1628449|1629018|203920,0,REG,,,2022,203920|1627832,24.0,,,,,,,,NOP,1610612740.0,
Shot Chart Detail,22100863,438,0,Opponent,1610612761,Toronto Raptors,3,2,44,Made Shot,Hook Shot,,Restricted Area,Center(C),Less Than 8 ft.,3,1,34,1,1,20220214,NOP,TOR,22100863438,|1627783|1627832|1628449|1629018|203920,1,REG,,,2022,1628449,26.0,SF,Helper,0.4,Valanciunas 3' Hook Shot (16 PTS) (Hayes 1 AST),,,,NOP,1610612740.0,1629637.0
Shot Chart Detail,22100863,451,0,Opponent,1610612761,Toronto Raptors,3,1,54,Missed Shot,Jump Shot,,Right Corner 3,Right Side(R),24+ ft.,23,228,66,1,0,20220214,NOP,TOR,22100863451,|1627832|1628384|1628449|1629018|1630173,0,REG,,,2022,1628384,24.0,SF,Wing Stopper,1.03,MISS Snell 24' 3PT Jump Shot,,,,NOP,1610612740.0,
Shot Chart Detail,22100863,454,0,Opponent,1610612761,Toronto Raptors,3,1,29,Made Shot,Dunk Shot,,Restricted Area,Center(C),Less Than 8 ft.,1,-13,5,1,1,20220214,NOP,TOR,22100863454,|1627832|1628384|1628449|1629018|1630173,1,REG,,,2022,1628449,23.0,SF,Helper,0.4,Hayes 1' Dunk (14 PTS) (Ingram 7 AST),,,,NOP,1610612740.0,1627742.0
Shot Chart Detail,22100863,458,0,Opponent,1610612761,Toronto Raptors,3,0,40,Missed Shot,Jump Shot,,Left Corner 3,Left Side(L),24+ ft.,22,-225,40,1,0,20220214,NOP,TOR,22100863458,|1627832|1628384|1628449|1629018|1630173,0,REG,,,2022,1629018,23.0,SG,Chaser,0.19,MISS Graham 3PT Jump Shot,,,,NOP,1610612740.0,
Shot Chart Detail,22100863,466,0,Opponent,1610612761,Toronto Raptors,3,0,18,Made Shot,Running Layup Shot,,Restricted Area,Center(C),Less Than 8 ft.,2,-21,3,1,1,20220214,NOP,TOR,22100863466,|1627832|1628384|1628449|1629018|1630173,1,REG,,,2022,1628384,25.0,SF,Wing Stopper,1.03,Snell 2' Running Layup (8 PTS) (Ingram 8 AST),,,,NOP,1610612740.0,1627742.0
Shot Chart Detail,22100863,492,0,Opponent,1610612761,Toronto Raptors,4,11,17,Missed Shot,Jump Shot,,Left Corner 3,Left Side(L),24+ ft.,23,-229,29,1,0,20220214,NOP,TOR,22100863492,|1627783|1628449|1630551|1630625|201152,0,REG,,,2022,1627783,25.0,PF,Helper,0.72,MISS Snell 3PT Jump Shot,,,,NOP,1610612740.0,
Shot Chart Detail,22100863,520,0,Opponent,1610612761,Toronto Raptors,4,9,42,Made Shot,Jump Shot,,Above the Break 3,Right Side Center(RC),24+ ft.,27,173,209,1,1,20220214,NOP,TOR,22100863520,|1627783|1628449|1630551|1630625|201152,1,REG,,,2022,1630551,25.0,SF,Helper,-0.61,Temple 27' 3PT Jump Shot (6 PTS) (McCollum 4 AST),,,,NOP,1610612740.0,203468.0
Shot Chart Detail,22100863,523,0,Opponent,1610612761,Toronto Raptors,4,9,10,Missed Shot,Jump Shot,,Above the Break 3,Left Side Center(LC),24+ ft.,26,-102,242,1,0,20220214,NOP,TOR,22100863523,|1627783|1628449|1630551|1630625|201152,0,REG,,,2022,201152,23.0,PF,Helper,0.84,MISS McCollum 26' 3PT Jump Shot,,,,NOP,1610612740.0,
Shot Chart Detail,22100863,526,0,Opponent,1610612761,Toronto Raptors,4,9,3,Made Shot,Step Back Jump shot,,Above the Break 3,Right Side Center(RC),24+ ft.,25,233,95,1,1,20220214,NOP,TOR,22100863526,|1627783|1628449|1630551|1630625|201152,1,REG,,,2022,1627783,26.0,PF,Helper,0.72,Temple 25' 3PT Step Back Jump Shot (9 PTS) (Clark 1 AST),,,,NOP,1610612740.0,1629109.0
Shot Chart Detail,22100863,538,0,Opponent,1610612761,Toronto Raptors,4,8,12,Made Shot,Floating Jump shot,,Mid-Range,Right Side Center(RC),16-24 ft.,17,118,135,1,1,20220214,NOP,TOR,22100863538,|1627783|1628449|1630201|1630625|201152,1,REG,,,2022,1627783|201152,26.0,,,,,,,,NOP,1610612740.0,203468.0
Shot Chart Detail,22100863,543,0,Opponent,1610612761,Toronto Raptors,4,7,37,Made Shot,Finger Roll Layup Shot,,In The Paint (Non-RA),Center(C),Less Than 8 ft.,5,5,58,1,1,20220214,NOP,TOR,22100863543,|1627783|1628449|1630201|1630625|201152,1,REG,,,2022,201152,28.0,PF,Helper,0.84,Valanciunas 6' Finger Roll Layup (18 PTS) (Jones 5 AST),,,,NOP,1610612740.0,1630529.0
Shot Chart Detail,22100863,553,0,Opponent,1610612761,Toronto Raptors,4,7,17,Made Shot,Jump Shot,,Left Corner 3,Left Side(L),24+ ft.,23,-230,50,1,1,20220214,NOP,TOR,22100863553,|1628449|1630201|1630567|1630625|201152,1,REG,,,2022,1628449,29.0,SF,Helper,0.4,Clark 24' 3PT Jump Shot (6 PTS) (Temple 1 AST),,,,NOP,1610612740.0,202066.0
Shot Chart Detail,22100863,559,0,Opponent,1610612761,Toronto Raptors,4,6,42,Made Shot,Jump Shot,,Above the Break 3,Left Side Center(LC),24+ ft.,26,-194,183,1,1,20220214,NOP,TOR,22100863559,|1628449|1630201|1630567|1630625|201152,1,REG,,,2022,1630201,32.0,PG,Point of Attack,-0.52,McCollum 27' 3PT Jump Shot (23 PTS) (Temple 2 AST),,,,NOP,1610612740.0,202066.0
Shot Chart Detail,22100863,574,0,Opponent,1610612761,Toronto Raptors,4,5,56,Missed Shot,Jump Shot,,Above the Break 3,Left Side Center(LC),24+ ft.,25,-178,188,1,0,20220214,NOP,TOR,22100863574,|1630173|1630201|1630567|1630625|201152,0,REG,,,2022,1630567,32.0,PF,Helper,0.63,MISS Jones 26' 3PT Jump Shot,,,,NOP,1610612740.0,
Shot Chart Detail,22100863,576,0,Opponent,1610612761,Toronto Raptors,4,5,50,Made Shot,Tip Layup Shot,,Restricted Area,Center(C),Less Than 8 ft.,0,0,0,1,1,20220214,NOP,TOR,22100863576,|1630173|1630201|1630567|1630625|201152,0,REG,,,2022,201152|1630625,34.0,,,,,,,,NOP,1610612740.0,
Shot Chart Detail,22100863,580,0,Opponent,1610612761,Toronto Raptors,4,5,21,Missed Shot,Layup Shot,,Restricted Area,Center(C),Less Than 8 ft.,1,-2,16,1,0,20220214,NOP,TOR,22100863580,|1630173|1630201|1630567|1630625|201152,0,REG,,,2022,1630567,32.0,PF,Helper,0.63,MISS Hernangomez 2' Layup,,,,NOP,1610612740.0,
Shot Chart Detail,22100863,593,0,Opponent,1610612761,Toronto Raptors,4,4,51,Made Shot,Jump Shot,,Right Corner 3,Right Side(R),24+ ft.,24,229,78,1,1,20220214,NOP,TOR,22100863593,|1629139|1630173|1630201|1630567|1630625,1,REG,,,2022,1630201,31.0,PG,Point of Attack,-0.52,Marshall 24' 3PT Jump Shot (3 PTS) (Alvarado 3 AST),,,,NOP,1610612740.0,1630631.0
Shot Chart Detail,22100863,604,0,Opponent,1610612761,Toronto Raptors,4,4,20,Made Shot,Jump Shot,,Above the Break 3,Center(C),24+ ft.,25,-39,256,1,1,20220214,NOP,TOR,22100863604,|1629004|1629139|1630173|1630201|1630625,1,REG,,,2022,1630625,33.0,PG,Chaser,0.27,Marshall 26' 3PT Jump Shot (6 PTS) (Clark 2 AST),,,,NOP,1610612740.0,1629109.0
Shot Chart Detail,22100863,612,0,Opponent,1610612761,Toronto Raptors,4,3,37,Missed Shot,Jump Shot,,Above the Break 3,Center(C),24+ ft.,25,77,239,1,0,20220214,NOP,TOR,22100863612,|1629004|1629139|1630173|1630201|1630625,0,REG,,,2022,1630173,33.0,C,Mobile Big,0.24,MISS Marshall 25' 3PT Jump Shot,,,,NOP,1610612740.0,
Shot Chart Detail,22100863,618,0,Opponent,1610612761,Toronto Raptors,4,2,59,Missed Shot,Layup Shot,,Restricted Area,Center(C),Less Than 8 ft.,3,-32,13,1,0,20220214,NOP,TOR,22100863618,|1629004|1629139|1630173|1630201|1630625,0,REG,,,2022,1630201|1629139,33.0,,,,,,,,NOP,1610612740.0,
Shot Chart Detail,22100863,642,0,Opponent,1610612761,Toronto Raptors,4,1,26,Missed Shot,Jump Shot,,Mid-Range,Left Side(L),8-16 ft.,11,-119,-6,1,0,20220214,NOP,TOR,22100863642,|1629004|1629139|1630173|1630201|1630625,0,REG,,,2022,1629139,30.0,SF,Helper,0.1,MISS Hernangomez 12' Jump Shot,,,,NOP,1610612740.0,
Shot Chart Detail,22100863,646,0,Opponent,1610612761,Toronto Raptors,4,1,25,Made Shot,Cutting Dunk Shot,,Restricted Area,Center(C),Less Than 8 ft.,2,-20,5,1,1,20220214,NOP,TOR,22100863646,|1629004|1629139|1630173|1630201|1630625,1,REG,,,2022,1630625,32.0,PG,Chaser,0.27,Marshall 2' Cutting Dunk Shot (8 PTS) (Alvarado 4 AST),,,,NOP,1610612740.0,1630631.0
Shot Chart Detail,22100863,650,0,Opponent,1610612761,Toronto Raptors,4,0,53,Missed Shot,Jump Shot,,Above the Break 3,Left Side Center(LC),24+ ft.,26,-105,245,1,0,20220214,NOP,TOR,22100863650,|1629004|1629139|1630173|1630201|1630625,0,REG,,,2022,1630201,32.0,PG,Point of Attack,-0.52,MISS Alvarado 27' 3PT Jump Shot,,,,NOP,1610612740.0,
Shot Chart Detail,22100863,654,0,Opponent,1610612761,Toronto Raptors,4,0,34,Missed Shot,Jump Shot,,Above the Break 3,Right Side Center(RC),24+ ft.,26,143,224,1,0,20220214,NOP,TOR,22100863654,|1629004|1629139|1630173|1630201|1630625,0,REG,,,2022,1630625,32.0,PG,Chaser,0.27,MISS Marshall 27' 3PT Jump Shot,,,,NOP,1610612740.0,
Shot Chart Detail,22100863,658,0,Opponent,1610612761,Toronto Raptors,4,0,4,Missed Shot,Jump Shot,,Mid-Range,Left Side Center(LC),16-24 ft.,22,-141,175,1,0,20220214,NOP,TOR,22100863658,|1629004|1629139|1630173|1630201|1630625,0,REG,,,2022,,,,,,,,,,NOP,1610612740.0,
Shot Chart Detail,22100880,14,0,Opponent,1610612761,Toronto Raptors,1,10,59,Missed Shot,Jump Shot,,Above the Break 3,Right Side Center(RC),24+ ft.,26,161,206,1,0,20220216,MIN,TOR,2210088014,|1627783|1628384|1629018|1630567|203920,0,REG,,,2022,203920,-2.0,C,Mobile Big,0.63,MISS Russell 26' 3PT Jump Shot,,,,MIN,1610612750.0,
Shot Chart Detail,22100880,18,0,Opponent,1610612761,Toronto Raptors,1,10,40,Made Shot,Hook Shot,,In The Paint (Non-RA),Center(C),Less Than 8 ft.,7,6,72,1,1,20220216,MIN,TOR,2210088018,|1627783|1628384|1629018|1630567|203920,1,REG,,,2022,203920,0.0,C,Mobile Big,0.63,Towns 7' Hook Shot (2 PTS) (Beverley 1 AST),,,,MIN,1610612750.0,201976.0
Shot Chart Detail,22100880,22,0,Opponent,1610612761,Toronto Raptors,1,10,16,Made Shot,Cutting Layup Shot,,Restricted Area,Center(C),Less Than 8 ft.,2,-25,4,1,1,20220216,MIN,TOR,2210088022,|1627783|1628384|1629018|1630567|203920,1,REG,,,2022,1628384|1630567,-1.0,,,,,,,,MIN,1610612750.0,201976.0
Shot Chart Detail,22100880,26,0,Opponent,1610612761,Toronto Raptors,1,9,42,Made Shot,Fadeaway Jump Shot,,Mid-Range,Left Side Center(LC),16-24 ft.,18,-64,176,1,1,20220216,MIN,TOR,2210088026,|1627783|1628384|1629018|1630567|203920,0,REG,,,2022,1629018,-2.0,SG,Chaser,0.19,Towns 19' Fadeaway Jumper (4 PTS),,,,MIN,1610612750.0,
Shot Chart Detail,22100880,29,0,Opponent,1610612761,Toronto Raptors,1,9,12,Made Shot,Driving Finger Roll Layup Shot,,Restricted Area,Center(C),Less Than 8 ft.,1,6,19,1,1,20220216,MIN,TOR,2210088029,|1627783|1628384|1629018|1630567|203920,0,REG,,,2022,1630567,0.0,PF,Helper,0.63,Beverley 2' Driving Finger Roll Layup (2 PTS),,,,MIN,1610612750.0,
Shot Chart Detail,22100880,37,0,Opponent,1610612761,Toronto Raptors,1,8,24,Made Shot,Dunk Shot,,Restricted Area,Center(C),Less Than 8 ft.,1,15,6,1,1,20220216,MIN,TOR,2210088037,|1627783|1628384|1629018|1630567|203920,1,REG,,,2022,1629018|1627783,-1.0,,,,,,,,MIN,1610612750.0,1626156.0
Shot Chart Detail,22100880,49,0,Opponent,1610612761,Toronto Raptors,1,7,25,Missed Shot,Driving Layup Shot,,Restricted Area,Center(C),Less Than 8 ft.,2,-7,27,1,0,20220216,MIN,TOR,2210088049,|1627783|1628384|1629018|1630567|203920,0,REG,,,2022,203920,-4.0,C,Mobile Big,0.63,MISS Towns 3' Driving Layup,,,,MIN,1610612750.0,
Shot Chart Detail,22100880,58,0,Opponent,1610612761,Toronto Raptors,1,6,24,Missed Shot,Jump Shot,,Above the Break 3,Center(C),24+ ft.,24,26,243,1,0,20220216,MIN,TOR,2210088058,|1627783|1628384|1629018|1630567|203920,0,REG,,,2022,1629018,-8.0,SG,Chaser,0.19,MISS Beverley 24' 3PT Jump Shot,,,,MIN,1610612750.0,
Shot Chart Detail,22100880,60,0,Opponent,1610612761,Toronto Raptors,1,6,16,Missed Shot,Jump Shot,,Above the Break 3,Center(C),24+ ft.,24,37,240,1,0,20220216,MIN,TOR,2210088060,|1627783|1628384|1629018|1630567|203920,0,REG,,,2022,1629018,-8.0,SG,Chaser,0.19,MISS Russell 24' 3PT Jump Shot,,,,MIN,1610612750.0,
Shot Chart Detail,22100880,79,0,Opponent,1610612761,Toronto Raptors,1,5,12,Made Shot,Jump Shot,,Left Corner 3,Left Side(L),24+ ft.,22,-221,4,1,1,20220216,MIN,TOR,2210088079,|1627783|1628384|1629018|1630173|1630567,1,REG,,,2022,1627783,-10.0,PF,Helper,0.72,McDaniels 3PT Jump Shot (3 PTS) (Edwards 1 AST),,,,MIN,1610612750.0,1630162.0
Shot Chart Detail,22100880,85,0,Opponent,1610612761,Toronto Raptors,1,4,40,Missed Shot,Jump Shot,,Mid-Range,Left Side Center(LC),16-24 ft.,23,-188,145,1,0,20220216,MIN,TOR,2210088085,|1627783|1628384|1629018|1630173|1630567,0,REG,,,2022,1628384,-10.0,SF,Wing Stopper,1.03,MISS Beasley 24' 3PT Jump Shot,,,,MIN,1610612750.0,
Shot Chart Detail,22100880,87,0,Opponent,1610612761,Toronto Raptors,1,4,36,Made Shot,Jump Shot,,Left Corner 3,Left Side(L),24+ ft.,22,-224,-7,1,1,20220216,MIN,TOR,2210088087,|1627783|1628384|1629018|1630173|1630567,0,REG,,,2022,1630567,-7.0,PF,Helper,0.63,Beasley 3PT Jump Shot (3 PTS),,,,MIN,1610612750.0,
Shot Chart Detail,22100880,119,0,Opponent,1610612761,Toronto Raptors,1,2,31,Missed Shot,Pullup Jump shot,,Above the Break 3,Right Side Center(RC),24+ ft.,25,138,210,1,0,20220216,MIN,TOR,22100880119,|1627783|1628449|1629018|1630173|201152,0,REG,,,2022,1627783,-4.0,PF,Helper,0.72,MISS Edwards 25' 3PT Pullup Jump Shot,,,,MIN,1610612750.0,
Shot Chart Detail,22100880,135,0,Opponent,1610612761,Toronto Raptors,1,1,26,Missed Shot,Step Back Jump shot,,In The Paint (Non-RA),Center(C),Less Than 8 ft.,7,-76,5,1,0,20220216,MIN,TOR,22100880135,|1627783|1628449|1630173|1630625|201152,0,REG,,,2022,1630173,-5.0,C,Mobile Big,0.24,MISS Edwards 8' Step Back Jump Shot,,,,MIN,1610612750.0,
Shot Chart Detail,22100880,146,0,Opponent,1610612761,Toronto Raptors,1,0,38,Missed Shot,Driving Floating Jump Shot,,Restricted Area,Center(C),Less Than 8 ft.,2,7,25,1,0,20220216,MIN,TOR,22100880146,|1627783|1628449|1630173|1630625|201152,0,REG,,,2022,1628449,-5.0,SF,Helper,0.4,MISS McDaniels 3' Driving Floating Jump Shot,,,,MIN,1610612750.0,
Shot Chart Detail,22100880,150,0,Opponent,1610612761,Toronto Raptors,1,0,18,Missed Shot,Driving Layup Shot,,Restricted Area,Center(C),Less Than 8 ft.,3,-26,27,1,0,20220216,MIN,TOR,22100880150,|1627783|1628449|1630173|1630625|201152,0,REG,,,2022,1628449|1630173,-7.0,,,,,,,,MIN,1610612750.0,
Shot Chart Detail,22100880,154,0,Opponent,1610612761,Toronto Raptors,1,0,7,Missed Shot,Jump Shot,,Above the Break 3,Center(C),24+ ft.,24,38,239,1,0,20220216,MIN,TOR,22100880154,|1627783|1628449|1630173|1630625|201152,0,REG,,,2022,1630173,-7.0,C,Mobile Big,0.24,MISS Beasley 24' 3PT Jump Shot,,,,MIN,1610612750.0,
Shot Chart Detail,22100880,166,0,Opponent,1610612761,Toronto Raptors,2,11,47,Missed Shot,Jump Shot,,Above the Break 3,Left Side Center(LC),24+ ft.,24,-207,127,1,0,20220216,MIN,TOR,22100880166,|1628449|1629018|1630567|1630625|201152,0,REG,,,2022,201152,-7.0,PF,Helper,0.84,MISS Beasley 24' 3PT Jump Shot,,,,MIN,1610612750.0,
Shot Chart Detail,22100880,172,0,Opponent,1610612761,Toronto Raptors,2,11,14,Missed Shot,Layup Shot,,Restricted Area,Center(C),Less Than 8 ft.,3,-38,4,1,0,20220216,MIN,TOR,22100880172,|1628449|1629018|1630567|1630625|201152,0,REG,,,2022,1630625,-7.0,PG,Chaser,0.27,MISS McLaughlin 4' Layup,,,,MIN,1610612750.0,
Shot Chart Detail,22100880,176,0,Opponent,1610612761,Toronto Raptors,2,10,47,Made Shot,Cutting Dunk Shot,,Restricted Area,Center(C),Less Than 8 ft.,2,4,24,1,1,20220216,MIN,TOR,22100880176,|1628449|1629018|1630567|1630625|201152,1,REG,,,2022,1628449,-7.0,SF,Helper,0.4,McDaniels 2' Cutting Dunk Shot (5 PTS) (Reid 1 AST),,,,MIN,1610612750.0,1629675.0
Shot Chart Detail,22100880,183,0,Opponent,1610612761,Toronto Raptors,2,10,21,Made Shot,Driving Layup Shot,,Restricted Area,Center(C),Less Than 8 ft.,1,-13,10,1,1,20220216,MIN,TOR,22100880183,|1628449|1629018|1630567|1630625|201152,1,REG,,,2022,1630567|201152,-7.0,,,,,,,,MIN,1610612750.0,1626156.0
Shot Chart Detail,22100880,192,0,Opponent,1610612761,Toronto Raptors,2,9,51,Missed Shot,Layup Shot,,Restricted Area,Center(C),Less Than 8 ft.,1,12,15,1,0,20220216,MIN,TOR,22100880192,|1628449|1629018|1630567|1630625|201152,0,REG,,,2022,1630567,-7.0,PF,Helper,0.63,MISS Beasley 2' Layup,,,,MIN,1610612750.0,
Shot Chart Detail,22100880,197,0,Opponent,1610612761,Toronto Raptors,2,9,36,Made Shot,Jump Shot,,Above the Break 3,Center(C),24+ ft.,26,4,262,1,1,20220216,MIN,TOR,22100880197,|1628449|1629018|1630567|1630625|201152,1,REG,,,2022,1629018,-6.0,SG,Chaser,0.19,Russell 26' 3PT Jump Shot (3 PTS) (Beasley 1 AST),,,,MIN,1610612750.0,1627736.0
Shot Chart Detail,22100880,201,0,Opponent,1610612761,Toronto Raptors,2,9,17,Made Shot,Jump Shot,,Right Corner 3,Right Side(R),24+ ft.,22,229,16,1,1,20220216,MIN,TOR,22100880201,|1628449|1629018|1630567|1630625|201152,1,REG,,,2022,1630625,-3.0,PG,Chaser,0.27,Beasley 3PT Jump Shot (6 PTS) (Russell 3 AST),,,,MIN,1610612750.0,1626156.0
Shot Chart Detail,22100880,204,0,Opponent,1610612761,Toronto Raptors,2,8,33,Missed Shot,Jump Shot,,Above the Break 3,Right Side Center(RC),24+ ft.,24,140,204,1,0,20220216,MIN,TOR,22100880204,|1628449|1629018|1630567|1630625|201152,0,REG,,,2022,201152,-5.0,PF,Helper,0.84,MISS McDaniels 25' 3PT Jump Shot,,,,MIN,1610612750.0,
Shot Chart Detail,22100880,213,0,Opponent,1610612761,Toronto Raptors,2,8,9,Made Shot,Running Dunk Shot,,Restricted Area,Center(C),Less Than 8 ft.,0,-1,8,1,1,20220216,MIN,TOR,22100880213,|1628384|1629018|1630567|1630625|201152,1,REG,,,2022,1630567,-3.0,PF,Helper,0.63,Reid 1' Running Dunk (4 PTS) (Russell 4 AST),,,,MIN,1610612750.0,1626156.0
Shot Chart Detail,22100880,219,0,Opponent,1610612761,Toronto Raptors,2,7,36,Missed Shot,Jump Shot,,Right Corner 3,Right Side(R),24+ ft.,22,223,3,1,0,20220216,MIN,TOR,22100880219,|1628384|1629018|1630567|1630625|201152,0,REG,,,2022,1630567,-3.0,PF,Helper,0.63,MISS Beasley 3PT Jump Shot,,,,MIN,1610612750.0,
Shot Chart Detail,22100880,223,0,Opponent,1610612761,Toronto Raptors,2,7,0,Missed Shot,Jump Shot,,Above the Break 3,Right Side Center(RC),24+ ft.,25,161,192,1,0,20220216,MIN,TOR,22100880223,|1628384|1629018|1630567|1630625|201152,0,REG,,,2022,,,,,,,,,,MIN,1610612750.0,
Shot Chart Detail,22100880,240,0,Opponent,1610612761,Toronto Raptors,2,6,35,Missed Shot,Jump Shot,,Above the Break 3,Left Side Center(LC),24+ ft.,24,-199,143,1,0,20220216,MIN,TOR,22100880240,|1628384|1629018|1630567|1630625|203920,0,REG,,,2022,1629018,-4.0,SG,Chaser,0.19,MISS Russell 25' 3PT Jump Shot,,,,MIN,1610612750.0,
Shot Chart Detail,22100880,245,0,Opponent,1610612761,Toronto Raptors,2,6,7,Missed Shot,Jump Shot,,Left Corner 3,Left Side(L),24+ ft.,22,-225,-4,1,0,20220216,MIN,TOR,22100880245,|1628384|1629018|1630567|1630625|203920,0,REG,,,2022,1630567,-4.0,PF,Helper,0.63,MISS McDaniels 3PT Jump Shot,,,,MIN,1610612750.0,
Shot Chart Detail,22100880,258,0,Opponent,1610612761,Toronto Raptors,2,5,30,Made Shot,Step Back Jump shot,,Mid-Range,Right Side(R),8-16 ft.,13,112,72,1,1,20220216,MIN,TOR,22100880258,|1627783|1628384|1629018|1630567|203920,0,REG,,,2022,1627783|1630567,-2.0,,,,,,,,MIN,1610612750.0,
Shot Chart Detail,22100880,262,0,Opponent,1610612761,Toronto Raptors,2,4,50,Made Shot,Floating Jump shot,,In The Paint (Non-RA),Center(C),Less Than 8 ft.,4,-37,22,1,1,20220216,MIN,TOR,22100880262,|1627783|1628384|1629018|1630567|203920,1,REG,,,2022,1627783,-2.0,PF,Helper,0.72,McDaniels 4' Floating Jump Shot (7 PTS) (Towns 1 AST),,,,MIN,1610612750.0,1626157.0
Shot Chart Detail,22100880,265,0,Opponent,1610612761,Toronto Raptors,2,4,11,Missed Shot,Pullup Jump shot,,Mid-Range,Right Side Center(RC),16-24 ft.,18,87,168,1,0,20220216,MIN,TOR,22100880265,|1627783|1628384|1629018|1630567|203920,0,REG,,,2022,203920|1630567,-4.0,,,,,,,,MIN,1610612750.0,
Shot Chart Detail,22100880,269,0,Opponent,1610612761,Toronto Raptors,2,3,54,Made Shot,Reverse Layup Shot,,Restricted Area,Center(C),Less Than 8 ft.,2,23,14,1,1,20220216,MIN,TOR,22100880269,|1627783|1628384|1629018|1630567|203920,1,REG,,,2022,1629018,-2.0,SG,Chaser,0.19,Prince 3' Reverse Layup (4 PTS) (Russell 5 AST),,,,MIN,1610612750.0,1626156.0
Shot Chart Detail,22100880,272,0,Opponent,1610612761,Toronto Raptors,2,3,30,Made Shot,Cutting Dunk Shot,,Restricted Area,Center(C),Less Than 8 ft.,2,-20,1,1,1,20220216,MIN,TOR,22100880272,|1627783|1628384|1629018|1630567|203920,1,REG,,,2022,1628384,-2.0,SF,Wing Stopper,1.03,McDaniels 2' Cutting Dunk Shot (9 PTS) (Beverley 3 AST),,,,MIN,1610612750.0,201976.0
Shot Chart Detail,22100880,276,0,Opponent,1610612761,Toronto Raptors,2,3,0,Made Shot,Jump Shot,,Right Corner 3,Right Side(R),24+ ft.,24,233,79,1,1,20220216,MIN,TOR,22100880276,|1627783|1628384|1629018|1630567|203920,1,REG,,,2022,1627783,1.0,PF,Helper,0.72,Prince 25' 3PT Jump Shot (7 PTS) (Russell 6 AST),,,,MIN,1610612750.0,1626156.0
Shot Chart Detail,22100880,280,0,Opponent,1610612761,Toronto Raptors,2,2,20,Made Shot,Layup Shot,,Restricted Area,Center(C),Less Than 8 ft.,2,-26,9,1,1,20220216,MIN,TOR,22100880280,|1627783|1628384|1629018|1630567|203920,1,REG,,,2022,1627783,1.0,PF,Helper,0.72,McDaniels 3' Layup (11 PTS) (Towns 2 AST),,,,MIN,1610612750.0,1626157.0
Shot Chart Detail,22100880,301,0,Opponent,1610612761,Toronto Raptors,2,1,3,Made Shot,Jump Shot,,Right Corner 3,Right Side(R),24+ ft.,23,228,64,1,1,20220216,MIN,TOR,22100880301,|1627783|1628384|1629018|1630567|203920,1,REG,,,2022,1628384,2.0,SF,Wing Stopper,1.03,Beverley 24' 3PT Jump Shot (5 PTS) (Vanderbilt 1 AST),,,,MIN,1610612750.0,1629020.0
Shot Chart Detail,22100880,309,0,Opponent,1610612761,Toronto Raptors,2,0,8,Missed Shot,Jump Shot,,Mid-Range,Right Side(R),16-24 ft.,21,212,38,1,0,20220216,MIN,TOR,22100880309,|1627783|1628384|1629018|1630567|203920,0,REG,,,2022,203920,2.0,C,Mobile Big,0.63,MISS Edwards 22' Jump Shot,,,,MIN,1610612750.0,
Shot Chart Detail,22100880,324,0,Opponent,1610612761,Toronto Raptors,3,10,47,Made Shot,Jump Shot,,Above the Break 3,Right Side Center(RC),24+ ft.,25,89,239,1,1,20220216,MIN,TOR,22100880324,|1627783|1628384|1629018|1630567|203920,1,REG,,,2022,203920,3.0,C,Mobile Big,0.63,Russell 26' 3PT Jump Shot (6 PTS) (Vanderbilt 2 AST),,,,MIN,1610612750.0,1629020.0
Shot Chart Detail,22100880,328,0,Opponent,1610612761,Toronto Raptors,3,10,4,Made Shot,Driving Layup Shot,,Restricted Area,Center(C),Less Than 8 ft.,3,33,22,1,1,20220216,MIN,TOR,22100880328,|1627783|1628384|1629018|1630567|203920,0,REG,,,2022,1629018,3.0,SG,Chaser,0.19,Towns 4' Driving Layup (12 PTS),,,,MIN,1610612750.0,
Shot Chart Detail,22100880,339,0,Opponent,1610612761,Toronto Raptors,3,9,38,Missed Shot,Jump Shot,,Left Corner 3,Left Side(L),24+ ft.,23,-238,17,1,0,20220216,MIN,TOR,22100880339,|1627783|1628384|1629018|1630567|203920,0,REG,,,2022,203920,5.0,C,Mobile Big,0.63,MISS Towns 24' 3PT Jump Shot,,,,MIN,1610612750.0,
Shot Chart Detail,22100880,344,0,Opponent,1610612761,Toronto Raptors,3,8,56,Made Shot,Reverse Layup Shot,,Restricted Area,Center(C),Less Than 8 ft.,3,-26,15,1,1,20220216,MIN,TOR,22100880344,|1627783|1628384|1629018|1630567|203920,1,REG,,,2022,1627783|1630567,5.0,,,,,,,,MIN,1610612750.0,1626157.0
Shot Chart Detail,22100880,350,0,Opponent,1610612761,Toronto Raptors,3,8,24,Missed Shot,Jump Shot,,Above the Break 3,Left Side Center(LC),24+ ft.,25,-140,210,1,0,20220216,MIN,TOR,22100880350,|1627783|1628384|1629018|1630567|203920,0,REG,,,2022,1629018,3.0,SG,Chaser,0.19,MISS Russell 25' 3PT Jump Shot,,,,MIN,1610612750.0,
Shot Chart Detail,22100880,352,0,Opponent,1610612761,Toronto Raptors,3,8,23,Missed Shot,Layup Shot,,Restricted Area,Center(C),Less Than 8 ft.,2,-7,27,1,0,20220216,MIN,TOR,22100880352,|1627783|1628384|1629018|1630567|203920,0,REG,,,2022,1627783,3.0,PF,Helper,0.72,MISS Vanderbilt 3' Layup,,,,MIN,1610612750.0,
Shot Chart Detail,22100880,358,0,Opponent,1610612761,Toronto Raptors,3,7,53,Missed Shot,Driving Finger Roll Layup Shot,,Restricted Area,Center(C),Less Than 8 ft.,2,-12,18,1,0,20220216,MIN,TOR,22100880358,|1627783|1628384|1629018|1630567|203920,0,REG,,,2022,1630567,3.0,PF,Helper,0.63,MISS Towns 2' Driving Finger Roll Layup,,,,MIN,1610612750.0,
Shot Chart Detail,22100880,362,0,Opponent,1610612761,Toronto Raptors,3,7,42,Made Shot,Running Dunk Shot,,Restricted Area,Center(C),Less Than 8 ft.,0,-4,8,1,1,20220216,MIN,TOR,22100880362,|1627783|1628384|1629018|1630567|203920,1,REG,,,2022,,,,,,,,,,MIN,1610612750.0,1629020.0
Shot Chart Detail,22100880,365,0,Opponent,1610612761,Toronto Raptors,3,7,13,Missed Shot,Jump Shot,,Above the Break 3,Center(C),24+ ft.,25,-45,247,1,0,20220216,MIN,TOR,22100880365,|1627783|1628384|1629018|1630567|203920,0,REG,,,2022,203920,3.0,C,Mobile Big,0.63,MISS Edwards 25' 3PT Jump Shot,,,,MIN,1610612750.0,
Shot Chart Detail,22100880,382,0,Opponent,1610612761,Toronto Raptors,3,5,52,Made Shot,Jump Shot,,Above the Break 3,Center(C),24+ ft.,26,-70,253,1,1,20220216,MIN,TOR,22100880382,|1627783|1628384|1629018|1630567|203920,0,REG,,,2022,203920,5.0,C,Mobile Big,0.63,Towns 26' 3PT Jump Shot (17 PTS),,,,MIN,1610612750.0,
Shot Chart Detail,22100880,409,0,Opponent,1610612761,Toronto Raptors,3,4,10,Missed Shot,Jump Shot,,Above the Break 3,Right Side Center(RC),24+ ft.,24,172,181,1,0,20220216,MIN,TOR,22100880409,|1627783|1628384|1628449|1629018|1630173,0,REG,,,2022,1628384,6.0,SF,Wing Stopper,1.03,MISS Edwards 25' 3PT Jump Shot,,,,MIN,1610612750.0,
Shot Chart Detail,22100880,419,0,Opponent,1610612761,Toronto Raptors,3,3,34,Made Shot,Cutting Layup Shot,,Restricted Area,Center(C),Less Than 8 ft.,3,-26,15,1,1,20220216,MIN,TOR,22100880419,|1627783|1628449|1629018|1630173|201152,1,REG,,,2022,1628449|201152,6.0,,,,,,,,MIN,1610612750.0,1630183.0
Shot Chart Detail,22100880,433,0,Opponent,1610612761,Toronto Raptors,3,1,58,Missed Shot,Step Back Jump shot,,Above the Break 3,Left Side Center(LC),24+ ft.,24,-223,110,1,0,20220216,MIN,TOR,22100880433,|1627783|1628449|1629018|1630173|201152,0,REG,,,2022,1628449,4.0,SF,Helper,0.4,MISS Beasley 25' 3PT Step Back Jump Shot,,,,MIN,1610612750.0,
Shot Chart Detail,22100880,449,0,Opponent,1610612761,Toronto Raptors,3,0,49,Missed Shot,Jump Shot,,Right Corner 3,Right Side(R),24+ ft.,23,227,60,1,0,20220216,MIN,TOR,22100880449,|1628449|1629018|1630173|1630567|201152,0,REG,,,2022,1629018,4.0,SG,Chaser,0.19,MISS McDaniels 3PT Jump Shot,,,,MIN,1610612750.0,
Shot Chart Detail,22100880,467,0,Opponent,1610612761,Toronto Raptors,4,11,26,Missed Shot,Jump Shot,,Above the Break 3,Left Side Center(LC),24+ ft.,24,-212,125,1,0,20220216,MIN,TOR,22100880467,|1627783|1628449|1630173|1630201|201152,0,REG,,,2022,1630201,0.0,PG,Point of Attack,-0.52,MISS Beasley 25' 3PT Jump Shot,,,,MIN,1610612750.0,
Shot Chart Detail,22100880,469,0,Opponent,1610612761,Toronto Raptors,4,11,20,Missed Shot,Jump Shot,,Above the Break 3,Right Side Center(RC),24+ ft.,24,162,181,1,0,20220216,MIN,TOR,22100880469,|1627783|1628449|1630173|1630201|201152,0,REG,,,2022,201152,0.0,PF,Helper,0.84,MISS McDaniels 24' 3PT Jump Shot,,,,MIN,1610612750.0,
Shot Chart Detail,22100880,477,0,Opponent,1610612761,Toronto Raptors,4,10,53,Missed Shot,Jump Shot,,Above the Break 3,Right Side Center(RC),24+ ft.,25,121,228,1,0,20220216,MIN,TOR,22100880477,|1627783|1628449|1630173|1630201|201152,0,REG,,,2022,1630173,-3.0,C,Mobile Big,0.24,MISS Beasley 26' 3PT Jump Shot,,,,MIN,1610612750.0,
Shot Chart Detail,22100880,481,0,Opponent,1610612761,Toronto Raptors,4,10,38,Missed Shot,Jump Shot,,Right Corner 3,Right Side(R),24+ ft.,22,222,17,1,0,20220216,MIN,TOR,22100880481,|1627783|1628449|1630173|1630201|201152,0,REG,,,2022,201152,-3.0,PF,Helper,0.84,MISS Beasley 3PT Jump Shot,,,,MIN,1610612750.0,
Shot Chart Detail,22100880,486,0,Opponent,1610612761,Toronto Raptors,4,10,34,Missed Shot,Jump Shot,,Left Corner 3,Left Side(L),24+ ft.,22,-223,55,1,0,20220216,MIN,TOR,22100880486,|1627783|1628449|1630173|1630201|201152,0,REG,,,2022,201152,-3.0,PF,Helper,0.84,MISS McDaniels 3PT Jump Shot,,,,MIN,1610612750.0,
Shot Chart Detail,22100880,496,0,Opponent,1610612761,Toronto Raptors,4,9,49,Missed Shot,Driving Floating Jump Shot,,In The Paint (Non-RA),Center(C),Less Than 8 ft.,4,-34,29,1,0,20220216,MIN,TOR,22100880496,|1627783|1628449|1630173|1630201|201152,0,REG,,,2022,1630201|1627783,-4.0,,,,,,,,MIN,1610612750.0,
Shot Chart Detail,22100880,501,0,Opponent,1610612761,Toronto Raptors,4,9,29,Made Shot,Driving Dunk Shot,,Restricted Area,Center(C),Less Than 8 ft.,1,10,1,1,1,20220216,MIN,TOR,22100880501,|1627783|1628449|1630173|1630201|201152,1,REG,,,2022,1628449,-5.0,SF,Helper,0.4,Prince 1' Driving Dunk (9 PTS) (Reid 2 AST),,,,MIN,1610612750.0,1629675.0
Shot Chart Detail,22100880,505,0,Opponent,1610612761,Toronto Raptors,4,8,58,Missed Shot,Jump Shot,,Left Corner 3,Left Side(L),24+ ft.,22,-229,6,1,0,20220216,MIN,TOR,22100880505,|1627783|1628449|1630173|1630201|201152,0,REG,,,2022,1630201,-5.0,PG,Point of Attack,-0.52,MISS McLaughlin 3PT Jump Shot,,,,MIN,1610612750.0,
Shot Chart Detail,22100880,509,0,Opponent,1610612761,Toronto Raptors,4,8,35,Missed Shot,Jump Shot,,Above the Break 3,Left Side Center(LC),24+ ft.,25,-145,211,1,0,20220216,MIN,TOR,22100880509,|1627783|1628449|1630173|1630201|201152,0,REG,,,2022,,,,,,,,,,MIN,1610612750.0,
Shot Chart Detail,22100880,513,0,Opponent,1610612761,Toronto Raptors,4,8,7,Missed Shot,Jump Shot,,Right Corner 3,Right Side(R),24+ ft.,22,224,26,1,0,20220216,MIN,TOR,22100880513,|1627783|1628449|1630173|1630201|201152,0,REG,,,2022,1630201,-7.0,PG,Point of Attack,-0.52,MISS McLaughlin 3PT Jump Shot,,,,MIN,1610612750.0,
Shot Chart Detail,22100880,531,0,Opponent,1610612761,Toronto Raptors,4,7,12,Made Shot,Jump Shot,,Above the Break 3,Left Side Center(LC),24+ ft.,25,-124,220,1,1,20220216,MIN,TOR,22100880531,|1627783|1628449|1630173|1630201|201152,1,REG,,,2022,1627783,-6.0,PF,Helper,0.72,Towns 25' 3PT Jump Shot (22 PTS) (Nowell 1 AST),,,,MIN,1610612750.0,1629669.0
Shot Chart Detail,22100880,535,0,Opponent,1610612761,Toronto Raptors,4,6,41,Missed Shot,Pullup Jump shot,,Mid-Range,Right Side Center(RC),16-24 ft.,16,81,138,1,0,20220216,MIN,TOR,22100880535,|1627783|1628449|1630173|1630201|201152,0,REG,,,2022,201152,-8.0,PF,Helper,0.84,MISS Russell 16' Pullup Jump Shot,,,,MIN,1610612750.0,
Shot Chart Detail,22100880,539,0,Opponent,1610612761,Toronto Raptors,4,6,28,Missed Shot,Pullup Jump shot,,Above the Break 3,Left Side Center(LC),24+ ft.,24,-165,185,1,0,20220216,MIN,TOR,22100880539,|1627783|1628449|1630173|1630201|201152,0,REG,,,2022,1627783,-8.0,PF,Helper,0.72,MISS McDaniels 25' 3PT Pullup Jump Shot,,,,MIN,1610612750.0,
Shot Chart Detail,22100880,551,0,Opponent,1610612761,Toronto Raptors,4,5,53,Missed Shot,Step Back Jump shot,,Mid-Range,Left Side Center(LC),16-24 ft.,18,-121,144,1,0,20220216,MIN,TOR,22100880551,|1627783|1628449|1630173|1630201|201152,0,REG,,,2022,1630173,-8.0,C,Mobile Big,0.24,MISS Towns 19' Step Back Jump Shot,,,,MIN,1610612750.0,
Shot Chart Detail,22100880,556,0,Opponent,1610612761,Toronto Raptors,4,5,28,Made Shot,Jump Shot,,Left Corner 3,Left Side(L),24+ ft.,23,-230,18,1,1,20220216,MIN,TOR,22100880556,|1627783|1628449|1630173|1630201|201152,1,REG,,,2022,201152,-5.0,PF,Helper,0.84,Beverley 3PT Jump Shot (10 PTS) (Vanderbilt 4 AST),,,,MIN,1610612750.0,1629020.0
Shot Chart Detail,22100880,576,0,Opponent,1610612761,Toronto Raptors,4,3,50,Missed Shot,Hook Shot,,In The Paint (Non-RA),Center(C),Less Than 8 ft.,6,-49,41,1,0,20220216,MIN,TOR,22100880576,|1627783|1628384|1628449|1629018|1630173,0,REG,,,2022,1628449|1627783,-8.0,,,,,,,,MIN,1610612750.0,
Shot Chart Detail,22100880,589,0,Opponent,1610612761,Toronto Raptors,4,3,30,Made Shot,Jump Shot,,Mid-Range,Left Side Center(LC),16-24 ft.,17,-64,165,1,1,20220216,MIN,TOR,22100880589,|1627783|1628384|1628449|1629018|1630173,0,REG,,,2022,1630173,-8.0,C,Mobile Big,0.24,Towns 18' Jump Shot (24 PTS),,,,MIN,1610612750.0,
Shot Chart Detail,22100880,592,0,Opponent,1610612761,Toronto Raptors,4,3,1,Missed Shot,Pullup Jump shot,,Above the Break 3,Left Side Center(LC),24+ ft.,25,-158,197,1,0,20220216,MIN,TOR,22100880592,|1627783|1628384|1628449|1629018|1630173,0,REG,,,2022,1627783,-8.0,PF,Helper,0.72,MISS Russell 25' 3PT Pullup Jump Shot,,,,MIN,1610612750.0,
Shot Chart Detail,22100880,596,0,Opponent,1610612761,Toronto Raptors,4,2,35,Missed Shot,Jump Shot,,Right Corner 3,Right Side(R),24+ ft.,23,228,42,1,0,20220216,MIN,TOR,22100880596,|1627783|1628384|1628449|1629018|1630173,0,REG,,,2022,1628449,-8.0,SF,Helper,0.4,MISS Beverley 3PT Jump Shot,,,,MIN,1610612750.0,
Shot Chart Detail,22100880,598,0,Opponent,1610612761,Toronto Raptors,4,2,30,Made Shot,Layup Shot,,Restricted Area,Center(C),Less Than 8 ft.,1,16,6,1,1,20220216,MIN,TOR,22100880598,|1627783|1628384|1628449|1629018|1630173,1,REG,,,2022,1627783,-6.0,PF,Helper,0.72,McDaniels 2' Layup (17 PTS) (Russell 7 AST),,,,MIN,1610612750.0,1626156.0
Shot Chart Detail,22100880,606,0,Opponent,1610612761,Toronto Raptors,4,1,57,Missed Shot,Driving Layup Shot,,In The Paint (Non-RA),Center(C),Less Than 8 ft.,4,-40,27,1,0,20220216,MIN,TOR,22100880606,|1627783|1628384|1628449|1629018|1630173,0,REG,,,2022,1628449|1628384,-7.0,,,,,,,,MIN,1610612750.0,
Shot Chart Detail,22100880,619,0,Opponent,1610612761,Toronto Raptors,4,1,42,Missed Shot,Jump Shot,,Above the Break 3,Right Side Center(RC),24+ ft.,25,138,212,1,0,20220216,MIN,TOR,22100880619,|1627783|1628384|1629018|1630567|201152,0,REG,,,2022,1628384,-10.0,SF,Wing Stopper,1.03,MISS Edwards 25' 3PT Jump Shot,,,,MIN,1610612750.0,
Shot Chart Detail,22100880,636,0,Opponent,1610612761,Toronto Raptors,4,0,50,Missed Shot,Jump Shot,,Left Corner 3,Left Side(L),24+ ft.,23,-229,32,1,0,20220216,MIN,TOR,22100880636,|1627783|1628384|1629018|1630567|201152,0,REG,,,2022,1630567,-10.0,PF,Helper,0.63,MISS Edwards 3PT Jump Shot,,,,MIN,1610612750.0,
Shot Chart Detail,22100880,645,0,Opponent,1610612761,Toronto Raptors,4,0,18,Missed Shot,Jump Shot,,Above the Break 3,Left Side Center(LC),24+ ft.,24,-224,109,1,0,20220216,MIN,TOR,22100880645,|1627783|1628384|1629018|1630567|201152,0,REG,,,2022,,,,,,,,,,MIN,1610612750.0,
Shot Chart Detail,22100896,7,0,Opponent,1610612761,Toronto Raptors,1,11,35,Missed Shot,Jump Shot,,Left Corner 3,Left Side(L),24+ ft.,23,-238,-22,1,0,20220225,CHA,TOR,221008967,|1627783|1627832|1629018|1630567|203920,0,REG,,,2022,1629018,0.0,SG,Chaser,0.19,MISS Bridges 24' 3PT Jump Shot,,,,CHA,1610612766.0,
Shot Chart Detail,22100896,9,0,Opponent,1610612761,Toronto Raptors,1,11,26,Missed Shot,Driving Reverse Layup Shot,,Restricted Area,Center(C),Less Than 8 ft.,1,11,5,1,0,20220225,CHA,TOR,221008969,|1627783|1627832|1629018|1630567|203920,0,REG,,,2022,1629018,0.0,SG,Chaser,0.19,MISS Bridges 1' Driving Reverse Layup,,,,CHA,1610612766.0,
Shot Chart Detail,22100896,14,0,Opponent,1610612761,Toronto Raptors,1,11,3,Missed Shot,Alley Oop Dunk Shot,,Restricted Area,Center(C),Less Than 8 ft.,1,1,15,1,0,20220225,CHA,TOR,2210089614,|1627783|1627832|1629018|1630567|203920,0,REG,,,2022,1627783,0.0,PF,Helper,0.72,MISS Ball 2' Alley Oop Dunk,,,,CHA,1610612766.0,
Shot Chart Detail,22100896,16,0,Opponent,1610612761,Toronto Raptors,1,10,58,Made Shot,Jump Shot,,Left Corner 3,Left Side(L),24+ ft.,22,-228,15,1,1,20220225,CHA,TOR,2210089616,|1627783|1627832|1629018|1630567|203920,1,REG,,,2022,1630567,3.0,PF,Helper,0.63,Rozier 3PT Jump Shot (3 PTS) (Bridges 1 AST),,,,CHA,1610612766.0,1628970.0
Shot Chart Detail,22100896,25,0,Opponent,1610612761,Toronto Raptors,1,10,0,Missed Shot,Jump Shot,,Above the Break 3,Left Side Center(LC),24+ ft.,25,-156,205,1,0,20220225,CHA,TOR,2210089625,|1627783|1627832|1629018|1630567|203920,0,REG,,,2022,1629018,1.0,SG,Chaser,0.19,MISS Washington 26' 3PT Jump Shot,,,,CHA,1610612766.0,
Shot Chart Detail,22100896,30,0,Opponent,1610612761,Toronto Raptors,1,9,34,Missed Shot,Jump Shot,,Above the Break 3,Right Side Center(RC),24+ ft.,25,157,206,1,0,20220225,CHA,TOR,2210089630,|1627783|1627832|1629018|1630567|203920,0,REG,,,2022,1627783,1.0,PF,Helper,0.72,MISS Rozier 26' 3PT Jump Shot,,,,CHA,1610612766.0,
Shot Chart Detail,22100896,34,0,Opponent,1610612761,Toronto Raptors,1,9,13,Made Shot,Cutting Dunk Shot,,Restricted Area,Center(C),Less Than 8 ft.,1,11,-8,1,1,20220225,CHA,TOR,2210089634,|1627783|1627832|1629018|1630567|203920,1,REG,,,2022,1630567,3.0,PF,Helper,0.63,Plumlee 1' Cutting Dunk Shot (2 PTS) (Rozier 1 AST),,,,CHA,1610612766.0,1626179.0
Shot Chart Detail,22100896,38,0,Opponent,1610612761,Toronto Raptors,1,8,47,Missed Shot,Jump Shot,,Right Corner 3,Right Side(R),24+ ft.,24,241,29,1,0,20220225,CHA,TOR,2210089638,|1627783|1627832|1629018|1630567|203920,0,REG,,,2022,203920,3.0,C,Mobile Big,0.63,MISS Ball 24' 3PT Jump Shot,,,,CHA,1610612766.0,
Shot Chart Detail,22100896,43,0,Opponent,1610612761,Toronto Raptors,1,8,24,Made Shot,Driving Layup Shot,,Restricted Area,Center(C),Less Than 8 ft.,2,-1,26,1,1,20220225,CHA,TOR,2210089643,|1627783|1627832|1629018|1630567|203920,1,REG,,,2022,1627783,5.0,PF,Helper,0.72,Bridges 3' Driving Layup (2 PTS) (Plumlee 1 AST),,,,CHA,1610612766.0,203486.0
Shot Chart Detail,22100896,48,0,Opponent,1610612761,Toronto Raptors,1,8,6,Made Shot,Fadeaway Jump Shot,,In The Paint (Non-RA),Center(C),Less Than 8 ft.,5,0,53,1,1,20220225,CHA,TOR,2210089648,|1627783|1627832|1629018|1630567|203920,1,REG,,,2022,203920,7.0,C,Mobile Big,0.63,Ball 5' Fadeaway Jumper (2 PTS) (Bridges 2 AST),,,,CHA,1610612766.0,1628970.0
Shot Chart Detail,22100896,57,0,Opponent,1610612761,Toronto Raptors,1,7,42,Made Shot,Running Layup Shot,,Restricted Area,Center(C),Less Than 8 ft.,2,20,15,1,1,20220225,CHA,TOR,2210089657,|1627783|1627832|1629018|1630567|203920,0,REG,,,2022,1627783,9.0,PF,Helper,0.72,Rozier 3' Running Layup (5 PTS),,,,CHA,1610612766.0,
Shot Chart Detail,22100896,60,0,Opponent,1610612761,Toronto Raptors,1,7,22,Made Shot,Jump Shot,,Above the Break 3,Center(C),24+ ft.,26,-21,262,1,1,20220225,CHA,TOR,2210089660,|1627783|1627832|1629018|1630567|203920,1,REG,,,2022,203920,12.0,C,Mobile Big,0.63,Ball 26' 3PT Jump Shot (5 PTS) (Bridges 3 AST),,,,CHA,1610612766.0,1628970.0
Shot Chart Detail,22100896,64,0,Opponent,1610612761,Toronto Raptors,1,6,54,Missed Shot,Step Back Jump shot,,Right Corner 3,Right Side(R),24+ ft.,24,237,69,1,0,20220225,CHA,TOR,2210089664,|1627783|1627832|1629018|1630567|203920,0,REG,,,2022,1629018,10.0,SG,Chaser,0.19,MISS Ball 25' 3PT Step Back Jump Shot,,,,CHA,1610612766.0,
Shot Chart Detail,22100896,67,0,Opponent,1610612761,Toronto Raptors,1,6,29,Made Shot,Pullup Jump shot,,In The Paint (Non-RA),Right Side(R),8-16 ft.,11,78,90,1,1,20220225,CHA,TOR,2210089667,|1627783|1627832|1629018|1630567|203920,0,REG,,,2022,1627783,10.0,PF,Helper,0.72,Rozier 12' Pullup Jump Shot (7 PTS),,,,CHA,1610612766.0,
Shot Chart Detail,22100896,81,0,Opponent,1610612761,Toronto Raptors,1,5,56,Missed Shot,Jump Shot,,Left Corner 3,Left Side(L),24+ ft.,23,-228,43,1,0,20220225,CHA,TOR,2210089681,|1627832|1628449|1629018|1630173|1630567,0,REG,,,2022,1630567,10.0,PF,Helper,0.63,MISS Martin 3PT Jump Shot,,,,CHA,1610612766.0,
Shot Chart Detail,22100896,87,0,Opponent,1610612761,Toronto Raptors,1,5,36,Made Shot,Putback Layup Shot,,Restricted Area,Center(C),Less Than 8 ft.,1,-12,5,1,1,20220225,CHA,TOR,2210089687,|1627832|1628449|1629018|1630173|1630567,0,REG,,,2022,1627832,12.0,PG,Point of Attack,0.9,Harrell 1' Putback Layup (2 PTS),,,,CHA,1610612766.0,
Shot Chart Detail,22100896,89,0,Opponent,1610612761,Toronto Raptors,1,5,8,Made Shot,Layup Shot,,Restricted Area,Center(C),Less Than 8 ft.,1,9,16,1,1,20220225,CHA,TOR,2210089689,|1627832|1628449|1629018|1630173|1630567,1,REG,,,2022,1627832,12.0,PG,Point of Attack,0.9,Harrell 2' Layup (4 PTS) (Rozier 2 AST),,,,CHA,1610612766.0,1626179.0
Shot Chart Detail,22100896,106,0,Opponent,1610612761,Toronto Raptors,1,5,42,Missed Shot,Running Layup Shot,,In The Paint (Non-RA),Center(C),8-16 ft.,12,-1,121,1,0,20220225,CHA,TOR,22100896106,|1627832|1628449|1629018|1630173|1630567,0,REG,,,2022,1627832,10.0,PG,Point of Attack,0.9,MISS Martin 12' Running Layup,,,,CHA,1610612766.0,
Shot Chart Detail,22100896,109,0,Opponent,1610612761,Toronto Raptors,1,4,5,Made Shot,Jump Shot,,Above the Break 3,Right Side Center(RC),24+ ft.,25,206,153,1,1,20220225,CHA,TOR,22100896109,|1627832|1628449|1629018|1630173|201152,1,REG,,,2022,201152,12.0,PF,Helper,0.84,Oubre Jr. 26' 3PT Jump Shot (3 PTS) (Ball 1 AST),,,,CHA,1610612766.0,1630163.0
Shot Chart Detail,22100896,116,0,Opponent,1610612761,Toronto Raptors,1,3,27,Missed Shot,Cutting Layup Shot,,Restricted Area,Center(C),Less Than 8 ft.,3,-1,37,1,0,20220225,CHA,TOR,22100896116,|1627832|1628449|1629018|1630173|201152,0,REG,,,2022,1627832,12.0,PG,Point of Attack,0.9,MISS Harrell 4' Cutting Layup Shot,,,,CHA,1610612766.0,
Shot Chart Detail,22100896,123,0,Opponent,1610612761,Toronto Raptors,1,3,6,Made Shot,Jump Shot,,Left Corner 3,Left Side(L),24+ ft.,23,-232,31,1,1,20220225,CHA,TOR,22100896123,|1627783|1628449|1629018|1630173|201152,1,REG,,,2022,1630173,13.0,C,Mobile Big,0.24,Martin 3PT Jump Shot (3 PTS) (Harrell 1 AST),,,,CHA,1610612766.0,1626149.0
Shot Chart Detail,22100896,136,0,Opponent,1610612761,Toronto Raptors,1,2,4,Missed Shot,Floating Jump shot,,In The Paint (Non-RA),Center(C),8-16 ft.,13,42,127,1,0,20220225,CHA,TOR,22100896136,|1627783|1628449|1629018|1630173|201152,0,REG,,,2022,1629018,11.0,SG,Chaser,0.19,MISS Ball 13' Floating Jump Shot,,,,CHA,1610612766.0,
Shot Chart Detail,22100896,142,0,Opponent,1610612761,Toronto Raptors,1,1,34,Missed Shot,Jump Shot,,Above the Break 3,Left Side Center(LC),24+ ft.,27,-145,228,1,0,20220225,CHA,TOR,22100896142,|1627783|1628449|1629018|1630173|201152,0,REG,,,2022,1630173,11.0,C,Mobile Big,0.24,MISS Thor 27' 3PT Jump Shot,,,,CHA,1610612766.0,
Shot Chart Detail,22100896,146,0,Opponent,1610612761,Toronto Raptors,1,1,18,Missed Shot,Jump Shot,,Above the Break 3,Center(C),24+ ft.,26,29,260,1,0,20220225,CHA,TOR,22100896146,|1627783|1628449|1629018|1630173|201152,0,REG,,,2022,1630173,11.0,C,Mobile Big,0.24,MISS Oubre Jr. 26' 3PT Jump Shot,,,,CHA,1610612766.0,
Shot Chart Detail,22100896,165,0,Opponent,1610612761,Toronto Raptors,1,0,0,Missed Shot,Running Jump Shot,,Backcourt,Back Court(BC),Back Court Shot,60,-37,606,1,0,20220225,CHA,TOR,22100896165,|1627783|1627832|1629018|1630173|201152,0,REG,,,2022,,,,,,,,,,CHA,1610612766.0,
Shot Chart Detail,22100896,175,0,Opponent,1610612761,Toronto Raptors,2,11,25,Made Shot,Cutting Dunk Shot,,Restricted Area,Center(C),Less Than 8 ft.,1,7,13,1,1,20220225,CHA,TOR,22100896175,|1627783|1627832|1630173|1630625|201152,1,REG,,,2022,201152,8.0,PF,Helper,0.84,Harrell 1' Cutting Dunk Shot (6 PTS) (Ball 2 AST),,,,CHA,1610612766.0,1630163.0
Shot Chart Detail,22100896,179,0,Opponent,1610612761,Toronto Raptors,2,10,57,Made Shot,Floating Jump shot,,Restricted Area,Center(C),Less Than 8 ft.,3,-4,31,1,1,20220225,CHA,TOR,22100896179,|1627783|1627832|1630173|1630625|201152,1,REG,,,2022,1630625,8.0,PG,Chaser,0.27,Ball 3' Floating Jump Shot (7 PTS) (Harrell 2 AST),,,,CHA,1610612766.0,1626149.0
Shot Chart Detail,22100896,183,0,Opponent,1610612761,Toronto Raptors,2,10,36,Made Shot,Jump Shot,,Above the Break 3,Right Side Center(RC),24+ ft.,25,168,196,1,1,20220225,CHA,TOR,22100896183,|1627783|1627832|1630173|1630625|201152,0,REG,,,2022,201152,11.0,PF,Helper,0.84,Ball 26' 3PT Jump Shot (10 PTS),,,,CHA,1610612766.0,
Shot Chart Detail,22100896,185,0,Opponent,1610612761,Toronto Raptors,2,9,58,Missed Shot,Tip Layup Shot,,Restricted Area,Center(C),Less Than 8 ft.,2,0,23,1,0,20220225,CHA,TOR,22100896185,|1627783|1627832|1630173|1630625|201152,0,REG,,,2022,1630625,9.0,PG,Chaser,0.27,MISS Ball 2' Tip Layup Shot,,,,CHA,1610612766.0,
Shot Chart Detail,22100896,188,0,Opponent,1610612761,Toronto Raptors,2,9,35,Made Shot,Layup Shot,,Restricted Area,Center(C),Less Than 8 ft.,3,26,21,1,1,20220225,CHA,TOR,22100896188,|1627783|1627832|1630173|1630625|201152,1,REG,,,2022,201152,8.0,PF,Helper,0.84,Harrell 3' Layup (8 PTS) (Washington 1 AST),,,,CHA,1610612766.0,1629023.0
Shot Chart Detail,22100896,205,0,Opponent,1610612761,Toronto Raptors,2,9,20,Made Shot,Dunk Shot,,Restricted Area,Center(C),Less Than 8 ft.,0,-7,4,1,1,20220225,CHA,TOR,22100896205,|1627783|1627832|1630567|1630625|201152,1,REG,,,2022,1630625,10.0,PG,Chaser,0.27,Washington 1' Dunk (2 PTS) (Bridges 4 AST),,,,CHA,1610612766.0,1628970.0
Shot Chart Detail,22100896,209,0,Opponent,1610612761,Toronto Raptors,2,8,46,Made Shot,Jump Shot,,Above the Break 3,Center(C),24+ ft.,26,-38,262,1,1,20220225,CHA,TOR,22100896209,|1627783|1627832|1630567|1630625|201152,0,REG,,,2022,1630567,13.0,PF,Helper,0.63,Rozier 26' 3PT Jump Shot (10 PTS),,,,CHA,1610612766.0,
Shot Chart Detail,22100896,213,0,Opponent,1610612761,Toronto Raptors,2,8,18,Made Shot,Jump Shot,,Above the Break 3,Right Side Center(RC),24+ ft.,26,202,167,1,1,20220225,CHA,TOR,22100896213,|1627783|1627832|1630567|1630625|201152,1,REG,,,2022,1630567,16.0,PF,Helper,0.63,Washington 26' 3PT Jump Shot (5 PTS) (Thor 1 AST),,,,CHA,1610612766.0,1630550.0
Shot Chart Detail,22100896,216,0,Opponent,1610612761,Toronto Raptors,2,9,58,Missed Shot,Reverse Layup Shot,,Restricted Area,Center(C),Less Than 8 ft.,2,-1,28,1,0,20220225,CHA,TOR,22100896216,|1627783|1627832|1630173|1630625|201152,0,REG,,,2022,1630625,9.0,PG,Chaser,0.27,MISS Ball 3' Reverse Layup,,,,CHA,1610612766.0,
Shot Chart Detail,22100896,224,0,Opponent,1610612761,Toronto Raptors,2,7,47,Made Shot,Driving Layup Shot,,Restricted Area,Center(C),Less Than 8 ft.,1,5,18,1,1,20220225,CHA,TOR,22100896224,|1627783|1627832|1629018|1630567|203920,0,REG,,,2022,1627832,18.0,PG,Point of Attack,0.9,Rozier 2' Driving Layup (12 PTS),,,,CHA,1610612766.0,
Shot Chart Detail,22100896,232,0,Opponent,1610612761,Toronto Raptors,2,7,16,Made Shot,Jump Shot,,Left Corner 3,Left Side(L),24+ ft.,22,-228,-9,1,1,20220225,CHA,TOR,22100896232,|1627783|1627832|1629018|1630567|203920,1,REG,,,2022,1627783,20.0,PF,Helper,0.72,Washington 3PT Jump Shot (8 PTS) (Bridges 5 AST),,,,CHA,1610612766.0,1628970.0
Shot Chart Detail,22100896,244,0,Opponent,1610612761,Toronto Raptors,2,6,22,Missed Shot,Pullup Jump shot,,Above the Break 3,Right Side Center(RC),24+ ft.,25,163,197,1,0,20220225,CHA,TOR,22100896244,|1627783|1627832|1629018|1630567|203920,0,REG,,,2022,1627832,17.0,PG,Point of Attack,0.9,MISS Washington 26' 3PT Pullup Jump Shot,,,,CHA,1610612766.0,
Shot Chart Detail,22100896,251,0,Opponent,1610612761,Toronto Raptors,2,5,57,Made Shot,Jump Shot,,Right Corner 3,Right Side(R),24+ ft.,23,232,13,1,1,20220225,CHA,TOR,22100896251,|1627783|1627832|1629018|1630567|203920,1,REG,,,2022,1630567,18.0,PF,Helper,0.63,Oubre Jr. 3PT Jump Shot (8 PTS) (Rozier 3 AST),,,,CHA,1610612766.0,1626179.0
Shot Chart Detail,22100896,256,0,Opponent,1610612761,Toronto Raptors,2,5,19,Missed Shot,Jump Shot,,Above the Break 3,Right Side Center(RC),24+ ft.,25,181,186,1,0,20220225,CHA,TOR,22100896256,|1627783|1627832|1629018|1630567|203920,0,REG,,,2022,1629018,16.0,SG,Chaser,0.19,MISS Oubre Jr. 26' 3PT Jump Shot,,,,CHA,1610612766.0,
Shot Chart Detail,22100896,259,0,Opponent,1610612761,Toronto Raptors,2,4,43,Made Shot,Cutting Dunk Shot,,Restricted Area,Center(C),Less Than 8 ft.,1,-9,15,1,1,20220225,CHA,TOR,22100896259,|1627783|1627832|1629018|1630567|203920,1,REG,,,2022,203920,16.0,C,Mobile Big,0.63,Thor 2' Cutting Dunk Shot (2 PTS) (Rozier 4 AST),,,,CHA,1610612766.0,1626179.0
Shot Chart Detail,22100896,263,0,Opponent,1610612761,Toronto Raptors,2,4,7,Missed Shot,Pullup Jump shot,,In The Paint (Non-RA),Center(C),8-16 ft.,14,-69,130,1,0,20220225,CHA,TOR,22100896263,|1627783|1627832|1629018|1630567|203920,0,REG,,,2022,1630567,16.0,PF,Helper,0.63,MISS Rozier 15' Pullup Jump Shot,,,,CHA,1610612766.0,
Shot Chart Detail,22100896,267,0,Opponent,1610612761,Toronto Raptors,2,3,49,Made Shot,Alley Oop Dunk Shot,,Restricted Area,Center(C),Less Than 8 ft.,2,-20,0,1,1,20220225,CHA,TOR,22100896267,|1627783|1627832|1629018|1630567|203920,1,REG,,,2022,203920,16.0,C,Mobile Big,0.63,Bridges 2' Alley Oop Dunk (4 PTS) (Rozier 5 AST),,,,CHA,1610612766.0,1626179.0
Shot Chart Detail,22100896,272,0,Opponent,1610612761,Toronto Raptors,2,3,23,Made Shot,Driving Finger Roll Layup Shot,,Restricted Area,Center(C),Less Than 8 ft.,1,9,15,1,1,20220225,CHA,TOR,22100896272,|1627783|1627832|1629018|1630567|203920,0,REG,,,2022,1629018,18.0,SG,Chaser,0.19,Rozier 2' Driving Finger Roll Layup (14 PTS),,,,CHA,1610612766.0,
Shot Chart Detail,22100896,275,0,Opponent,1610612761,Toronto Raptors,2,2,53,Made Shot,Driving Layup Shot,,Restricted Area,Center(C),Less Than 8 ft.,2,2,20,1,1,20220225,CHA,TOR,22100896275,|1627783|1627832|1629018|1630567|203920,1,REG,,,2022,1629018,18.0,SG,Chaser,0.19,Oubre Jr. 2' Driving Layup (10 PTS) (Thor 2 AST),,,,CHA,1610612766.0,1630550.0
Shot Chart Detail,22100896,279,0,Opponent,1610612761,Toronto Raptors,2,2,24,Made Shot,Pullup Jump shot,,Mid-Range,Left Side(L),8-16 ft.,11,-114,8,1,1,20220225,CHA,TOR,22100896279,|1627783|1627832|1629018|1630567|203920,0,REG,,,2022,1627832,18.0,PG,Point of Attack,0.9,Rozier 11' Pullup Jump Shot (16 PTS),,,,CHA,1610612766.0,
Shot Chart Detail,22100896,281,0,Opponent,1610612761,Toronto Raptors,2,1,54,Made Shot,Driving Layup Shot,,Restricted Area,Center(C),Less Than 8 ft.,3,22,27,1,1,20220225,CHA,TOR,22100896281,|1627783|1627832|1629018|1630567|203920,0,REG,,,2022,1629018,18.0,SG,Chaser,0.19,Bridges 3' Driving Layup (6 PTS),,,,CHA,1610612766.0,
Shot Chart Detail,22100896,298,0,Opponent,1610612761,Toronto Raptors,2,1,18,Missed Shot,Jump Shot,,Above the Break 3,Left Side Center(LC),24+ ft.,25,-216,136,1,0,20220225,CHA,TOR,22100896298,|1627783|1627832|1628449|1629018|1630173,0,REG,,,2022,1627832,19.0,PG,Point of Attack,0.9,MISS Rozier 26' 3PT Jump Shot,,,,CHA,1610612766.0,
Shot Chart Detail,22100896,302,0,Opponent,1610612761,Toronto Raptors,2,0,59,Made Shot,Layup Shot,,Restricted Area,Center(C),Less Than 8 ft.,1,-4,10,1,1,20220225,CHA,TOR,22100896302,|1627783|1627832|1628449|1629018|1630173,1,REG,,,2022,1629018|1627783,21.0,,,,,,,,CHA,1610612766.0,1626179.0
Shot Chart Detail,22100896,309,0,Opponent,1610612761,Toronto Raptors,2,0,6,Missed Shot,Step Back Jump shot,,Above the Break 3,Right Side Center(RC),24+ ft.,25,92,233,1,0,20220225,CHA,TOR,22100896309,|1627783|1627832|1628449|1629018|1630173,0,REG,,,2022,1629018,21.0,SG,Chaser,0.19,MISS Bridges 25' 3PT Step Back Jump Shot,,,,CHA,1610612766.0,
Shot Chart Detail,22100896,311,0,Opponent,1610612761,Toronto Raptors,2,0,3,Made Shot,Putback Layup Shot,,Restricted Area,Center(C),Less Than 8 ft.,1,4,13,1,1,20220225,CHA,TOR,22100896311,|1627783|1627832|1628449|1629018|1630173,0,REG,,,2022,1630173,23.0,C,Mobile Big,0.24,Harrell 1' Putback Layup (12 PTS),,,,CHA,1610612766.0,
Shot Chart Detail,22100896,325,0,Opponent,1610612761,Toronto Raptors,3,11,4,Missed Shot,Jump Shot,,Above the Break 3,Left Side Center(LC),24+ ft.,25,-157,199,1,0,20220225,CHA,TOR,22100896325,|1627783|1627832|1629018|1630567|203920,0,REG,,,2022,1630567,23.0,PF,Helper,0.63,MISS Washington 25' 3PT Jump Shot,,,,CHA,1610612766.0,
Shot Chart Detail,22100896,329,0,Opponent,1610612761,Toronto Raptors,3,10,27,Missed Shot,Jump Shot,,Above the Break 3,Left Side Center(LC),24+ ft.,24,-208,131,1,0,20220225,CHA,TOR,22100896329,|1627783|1627832|1629018|1630567|203920,0,REG,,,2022,1630567,23.0,PF,Helper,0.63,MISS Ball 25' 3PT Jump Shot,,,,CHA,1610612766.0,
Shot Chart Detail,22100896,333,0,Opponent,1610612761,Toronto Raptors,3,9,59,Missed Shot,Driving Layup Shot,,Restricted Area,Center(C),Less Than 8 ft.,0,-5,3,1,0,20220225,CHA,TOR,22100896333,|1627783|1627832|1629018|1630567|203920,0,REG,,,2022,1630567,23.0,PF,Helper,0.63,MISS Bridges 1' Driving Layup,,,,CHA,1610612766.0,
Shot Chart Detail,22100896,340,0,Opponent,1610612761,Toronto Raptors,3,9,19,Made Shot,Driving Layup Shot,,Restricted Area,Center(C),Less Than 8 ft.,0,1,-2,1,1,20220225,CHA,TOR,22100896340,|1627783|1627832|1629018|1630567|203920,0,REG,,,2022,1630567,23.0,PF,Helper,0.63,Ball Driving Layup (12 PTS),,,,CHA,1610612766.0,
Shot Chart Detail,22100896,343,0,Opponent,1610612761,Toronto Raptors,3,8,39,Made Shot,Jump Shot,,Right Corner 3,Right Side(R),24+ ft.,23,232,11,1,1,20220225,CHA,TOR,22100896343,|1627783|1627832|1629018|1630567|203920,1,REG,,,2022,,,,,,,,,,CHA,1610612766.0,1630163.0
Shot Chart Detail,22100896,350,0,Opponent,1610612761,Toronto Raptors,3,7,57,Made Shot,Driving Dunk Shot,,Restricted Area,Center(C),Less Than 8 ft.,0,0,4,1,1,20220225,CHA,TOR,22100896350,|1627783|1627832|1629018|1630567|203920,0,REG,,,2022,203920,25.0,C,Mobile Big,0.63,Plumlee Driving Dunk (4 PTS),,,,CHA,1610612766.0,
Shot Chart Detail,22100896,357,0,Opponent,1610612761,Toronto Raptors,3,7,26,Made Shot,Alley Oop Dunk Shot,,Restricted Area,Center(C),Less Than 8 ft.,1,0,14,1,1,20220225,CHA,TOR,22100896357,|1627783|1627832|1629018|1630567|203920,1,REG,,,2022,1627783,28.0,PF,Helper,0.72,Plumlee 1' Alley Oop Dunk (6 PTS) (Ball 4 AST),,,,CHA,1610612766.0,1630163.0
Shot Chart Detail,22100896,361,0,Opponent,1610612761,Toronto Raptors,3,6,57,Missed Shot,Pullup Jump shot,,Mid-Range,Left Side Center(LC),16-24 ft.,17,-65,159,1,0,20220225,CHA,TOR,22100896361,|1627783|1627832|1629018|1630567|203920,0,REG,,,2022,203920,28.0,C,Mobile Big,0.63,MISS Rozier 17' Pullup Jump Shot,,,,CHA,1610612766.0,
Shot Chart Detail,22100896,365,0,Opponent,1610612761,Toronto Raptors,3,6,18,Made Shot,Jump Shot,,Above the Break 3,Left Side Center(LC),24+ ft.,24,-174,177,1,1,20220225,CHA,TOR,22100896365,|1627783|1627832|1629018|1630567|203920,1,REG,,,2022,203920,31.0,C,Mobile Big,0.63,Rozier 25' 3PT Jump Shot (19 PTS) (Washington 2 AST),,,,CHA,1610612766.0,1629023.0
Shot Chart Detail,22100896,384,0,Opponent,1610612761,Toronto Raptors,3,5,35,Made Shot,Jump Shot,,Right Corner 3,Right Side(R),24+ ft.,23,233,32,1,1,20220225,CHA,TOR,22100896384,|1627832|1628449|1629018|1630173|201152,1,REG,,,2022,1628449,34.0,SF,Helper,0.4,Oubre Jr. 24' 3PT Jump Shot (13 PTS) (Martin 1 AST),,,,CHA,1610612766.0,1628998.0
Shot Chart Detail,22100896,389,0,Opponent,1610612761,Toronto Raptors,3,5,13,Made Shot,Driving Floating Bank Jump Shot,,Restricted Area,Center(C),Less Than 8 ft.,0,-2,6,1,1,20220225,CHA,TOR,22100896389,|1627832|1628449|1629018|1630173|201152,0,REG,,,2022,201152,36.0,PF,Helper,0.84,Rozier 1' Driving Floating Bank Jump Shot (21 PTS),,,,CHA,1610612766.0,
Shot Chart Detail,22100896,392,0,Opponent,1610612761,Toronto Raptors,3,4,47,Missed Shot,Cutting Layup Shot,,Restricted Area,Center(C),Less Than 8 ft.,2,-4,24,1,0,20220225,CHA,TOR,22100896392,|1627832|1628449|1629018|1630173|201152,0,REG,,,2022,1629018|201152|1628449,36.0,,,,,,,,CHA,1610612766.0,
Shot Chart Detail,22100896,405,0,Opponent,1610612761,Toronto Raptors,3,4,8,Missed Shot,Jump Shot,,Above the Break 3,Center(C),24+ ft.,25,10,257,1,0,20220225,CHA,TOR,22100896405,|1627832|1628449|1629018|1630173|201152,0,REG,,,2022,1629018,36.0,SG,Chaser,0.19,MISS Oubre Jr. 26' 3PT Jump Shot,,,,CHA,1610612766.0,
Shot Chart Detail,22100896,407,0,Opponent,1610612761,Toronto Raptors,3,4,3,Made Shot,Jump Shot,,Above the Break 3,Right Side Center(RC),24+ ft.,26,164,204,1,1,20220225,CHA,TOR,22100896407,|1627832|1628449|1629018|1630173|201152,1,REG,,,2022,,,,,,,,,,CHA,1610612766.0,1626149.0
Shot Chart Detail,22100896,417,0,Opponent,1610612761,Toronto Raptors,3,3,24,Made Shot,Driving Dunk Shot,,Restricted Area,Center(C),Less Than 8 ft.,2,-13,26,1,1,20220225,CHA,TOR,22100896417,|1628449|1630173|1630567|1630625|201152,1,REG,,,2022,1630173|1628449,41.0,,,,,,,,CHA,1610612766.0,1626162.0
Shot Chart Detail,22100896,424,0,Opponent,1610612761,Toronto Raptors,3,2,40,Missed Shot,Jump Shot,,Right Corner 3,Right Side(R),24+ ft.,23,237,35,1,0,20220225,CHA,TOR,22100896424,|1628449|1630173|1630567|1630625|201152,0,REG,,,2022,201152,39.0,PF,Helper,0.84,MISS Oubre Jr. 24' 3PT Jump Shot,,,,CHA,1610612766.0,
Shot Chart Detail,22100896,428,0,Opponent,1610612761,Toronto Raptors,3,2,31,Made Shot,Driving Dunk Shot,,Restricted Area,Center(C),Less Than 8 ft.,1,7,11,1,1,20220225,CHA,TOR,22100896428,|1628449|1630173|1630567|1630625|201152,1,REG,,,2022,,,,,,,,,,CHA,1610612766.0,1628998.0
Shot Chart Detail,22100896,449,0,Opponent,1610612761,Toronto Raptors,3,1,8,Made Shot,Driving Dunk Shot,,Restricted Area,Center(C),Less Than 8 ft.,1,-4,15,1,1,20220225,CHA,TOR,22100896449,|1628449|1630173|1630567|1630625|201152,1,REG,,,2022,1628449,40.0,SF,Helper,0.4,Thor 2' Driving Dunk (4 PTS) (Ball 5 AST),,,,CHA,1610612766.0,1630163.0
Shot Chart Detail,22100896,452,0,Opponent,1610612761,Toronto Raptors,3,0,33,Missed Shot,Driving Finger Roll Layup Shot,,Restricted Area,Center(C),Less Than 8 ft.,2,-20,3,1,0,20220225,CHA,TOR,22100896452,|1628449|1630173|1630567|1630625|201152,0,REG,,,2022,1630625,38.0,PG,Chaser,0.27,MISS Oubre Jr. 2' Driving Finger Roll Layup,,,,CHA,1610612766.0,
Shot Chart Detail,22100896,457,0,Opponent,1610612761,Toronto Raptors,3,0,17,Missed Shot,Floating Jump shot,,In The Paint (Non-RA),Left Side(L),8-16 ft.,10,-74,78,1,0,20220225,CHA,TOR,22100896457,|1628449|1630173|1630567|1630625|201152,0,REG,,,2022,1630567,38.0,PF,Helper,0.63,MISS Ball 11' Floating Jump Shot,,,,CHA,1610612766.0,
Shot Chart Detail,22100896,460,0,Opponent,1610612761,Toronto Raptors,3,0,0,Missed Shot,Running Jump Shot,,Above the Break 3,Center(C),24+ ft.,37,6,372,1,0,20220225,CHA,TOR,22100896460,|1628449|1630173|1630567|1630625|201152,0,REG,,,2022,1630173|201152,36.0,,,,,,,,CHA,1610612766.0,
Shot Chart Detail,22100896,479,0,Opponent,1610612761,Toronto Raptors,4,11,25,Missed Shot,Driving Finger Roll Layup Shot,,Restricted Area,Center(C),Less Than 8 ft.,1,0,15,1,0,20220225,CHA,TOR,22100896479,|1628449|1630173|1630201|1630567|201152,0,REG,,,2022,1630173,34.0,C,Mobile Big,0.24,MISS Bridges 2' Driving Finger Roll Layup,,,,CHA,1610612766.0,
Shot Chart Detail,22100896,482,0,Opponent,1610612761,Toronto Raptors,4,11,22,Made Shot,Layup Shot,,Restricted Area,Center(C),Less Than 8 ft.,1,-10,14,1,1,20220225,CHA,TOR,22100896482,|1628449|1630173|1630201|1630567|201152,0,REG,,,2022,1630567|201152,36.0,,,,,,,,CHA,1610612766.0,
Shot Chart Detail,22100896,485,0,Opponent,1610612761,Toronto Raptors,4,10,48,Missed Shot,Jump Shot,,Above the Break 3,Right Side Center(RC),24+ ft.,24,229,93,1,0,20220225,CHA,TOR,22100896485,|1628449|1630173|1630201|1630567|201152,0,REG,,,2022,1630173,34.0,C,Mobile Big,0.24,MISS Oubre Jr. 25' 3PT Jump Shot,,,,CHA,1610612766.0,
Shot Chart Detail,22100896,492,0,Opponent,1610612761,Toronto Raptors,4,10,20,Made Shot,Driving Layup Shot,,Restricted Area,Center(C),Less Than 8 ft.,2,-18,16,1,1,20220225,CHA,TOR,22100896492,|1628449|1630173|1630201|1630567|201152,0,REG,,,2022,1630173,35.0,C,Mobile Big,0.24,Bridges 2' Driving Layup (9 PTS),,,,CHA,1610612766.0,
Shot Chart Detail,22100896,501,0,Opponent,1610612761,Toronto Raptors,4,9,58,Made Shot,Driving Layup Shot,,Restricted Area,Center(C),Less Than 8 ft.,1,11,15,1,1,20220225,CHA,TOR,22100896501,|1628449|1630173|1630201|1630567|201152,1,REG,,,2022,201152,35.0,PF,Helper,0.84,Washington 2' Driving Layup (13 PTS) (Ball 6 AST),,,,CHA,1610612766.0,1630163.0
Shot Chart Detail,22100896,513,0,Opponent,1610612761,Toronto Raptors,4,9,0,Missed Shot,Jump Shot,,Above the Break 3,Left Side Center(LC),24+ ft.,25,-176,185,1,0,20220225,CHA,TOR,22100896513,|1628449|1630173|1630201|1630567|201152,0,REG,,,2022,1630567,33.0,PF,Helper,0.63,MISS Bridges 26' 3PT Jump Shot,,,,CHA,1610612766.0,
Shot Chart Detail,22100896,517,0,Opponent,1610612761,Toronto Raptors,4,8,32,Missed Shot,Jump Shot,,Right Corner 3,Right Side(R),24+ ft.,23,235,34,1,0,20220225,CHA,TOR,22100896517,|1628449|1630173|1630201|1630567|201152,0,REG,,,2022,201152,31.0,PF,Helper,0.84,MISS Washington 24' 3PT Jump Shot,,,,CHA,1610612766.0,
Shot Chart Detail,22100896,519,0,Opponent,1610612761,Toronto Raptors,4,8,27,Missed Shot,Jump Shot,,Above the Break 3,Left Side Center(LC),24+ ft.,24,-208,137,1,0,20220225,CHA,TOR,22100896519,|1628449|1630173|1630201|1630567|201152,0,REG,,,2022,1630567,31.0,PF,Helper,0.63,MISS Rozier 25' 3PT Jump Shot,,,,CHA,1610612766.0,
Shot Chart Detail,22100896,521,0,Opponent,1610612761,Toronto Raptors,4,8,10,Made Shot,Pullup Jump shot,,Mid-Range,Left Side Center(LC),16-24 ft.,21,-170,124,1,1,20220225,CHA,TOR,22100896521,|1628449|1630173|1630201|1630567|201152,1,REG,,,2022,1630567,33.0,PF,Helper,0.63,Rozier 21' Pullup Jump Shot (23 PTS) (Bridges 6 AST),,,,CHA,1610612766.0,1628970.0
Shot Chart Detail,22100896,528,0,Opponent,1610612761,Toronto Raptors,4,7,41,Made Shot,Jump Shot,,Left Corner 3,Left Side(L),24+ ft.,22,-224,29,1,1,20220225,CHA,TOR,22100896528,|1628449|1630173|1630201|1630567|201152,1,REG,,,2022,201152,33.0,PF,Helper,0.84,Oubre Jr. 3PT Jump Shot (20 PTS) (Bridges 7 AST),,,,CHA,1610612766.0,1628970.0
Shot Chart Detail,22100896,534,0,Opponent,1610612761,Toronto Raptors,4,7,10,Missed Shot,Jump Shot,,Left Corner 3,Left Side(L),24+ ft.,23,-230,21,1,0,20220225,CHA,TOR,22100896534,|1628449|1630173|1630201|1630567|201152,0,REG,,,2022,1630173,33.0,C,Mobile Big,0.24,MISS Washington 3PT Jump Shot,,,,CHA,1610612766.0,
Shot Chart Detail,22100896,541,0,Opponent,1610612761,Toronto Raptors,4,6,43,Made Shot,Alley Oop Layup shot,,Restricted Area,Center(C),Less Than 8 ft.,0,7,1,1,1,20220225,CHA,TOR,22100896541,|1628449|1630173|1630201|1630567|201152,1,REG,,,2022,1630201|201152,35.0,,,,,,,,CHA,1610612766.0,1629023.0
Shot Chart Detail,22100896,551,0,Opponent,1610612761,Toronto Raptors,4,5,54,Made Shot,Jump Shot,,Above the Break 3,Right Side Center(RC),24+ ft.,25,235,92,1,1,20220225,CHA,TOR,22100896551,|1628449|1630173|1630201|1630567|201152,1,REG,,,2022,1628449,37.0,SF,Helper,0.4,Oubre Jr. 25' 3PT Jump Shot (23 PTS) (Rozier 7 AST),,,,CHA,1610612766.0,1626179.0
Shot Chart Detail,22100896,559,0,Opponent,1610612761,Toronto Raptors,4,5,22,Made Shot,Alley Oop Dunk Shot,,Restricted Area,Center(C),Less Than 8 ft.,0,6,-1,1,1,20220225,CHA,TOR,22100896559,|1628449|1630173|1630201|1630567|201152,1,REG,,,2022,1630173,37.0,C,Mobile Big,0.24,Bridges 1' Alley Oop Dunk (11 PTS) (Rozier 8 AST),,,,CHA,1610612766.0,1626179.0
Shot Chart Detail,22100896,579,0,Opponent,1610612761,Toronto Raptors,4,4,11,Made Shot,Driving Dunk Shot,,Restricted Area,Center(C),Less Than 8 ft.,1,6,8,1,1,20220225,CHA,TOR,22100896579,|1629004|1629139|1630201|1630551|1630625,1,REG,,,2022,1630551,37.0,SF,Helper,-0.61,Harrell 1' Driving Dunk (14 PTS) (Rozier 9 AST),,,,CHA,1610612766.0,1626179.0
Shot Chart Detail,22100896,588,0,Opponent,1610612761,Toronto Raptors,4,3,34,Missed Shot,Jump Shot,,Above the Break 3,Left Side Center(LC),24+ ft.,25,-192,166,1,0,20220225,CHA,TOR,22100896588,|1629004|1629139|1630201|1630551|1630625,0,REG,,,2022,1630551,36.0,SF,Helper,-0.61,MISS Rozier 25' 3PT Jump Shot,,,,CHA,1610612766.0,
Shot Chart Detail,22100896,599,0,Opponent,1610612761,Toronto Raptors,4,2,37,Made Shot,Driving Dunk Shot,,Restricted Area,Center(C),Less Than 8 ft.,1,1,16,1,1,20220225,CHA,TOR,22100896599,|1629004|1629139|1630201|1630551|1630625,0,REG,,,2022,1629139,36.0,SF,Helper,0.1,Harrell 2' Driving Dunk (18 PTS),,,,CHA,1610612766.0,
Shot Chart Detail,22100896,604,0,Opponent,1610612761,Toronto Raptors,4,1,57,Made Shot,Floating Jump shot,,In The Paint (Non-RA),Center(C),8-16 ft.,14,40,137,1,1,20220225,CHA,TOR,22100896604,|1629004|1629139|1630201|1630551|1630625,0,REG,,,2022,1629004,38.0,SF,Chaser,-0.31,Thor 14' Floating Jump Shot (6 PTS),,,,CHA,1610612766.0,
Shot Chart Detail,22100896,607,0,Opponent,1610612761,Toronto Raptors,4,1,32,Missed Shot,Driving Dunk Shot,,Restricted Area,Center(C),Less Than 8 ft.,2,1,22,1,0,20220225,CHA,TOR,22100896607,|1629004|1629139|1630201|1630551|1630625,0,REG,,,2022,1629139,38.0,SF,Helper,0.1,MISS Harrell 2' Driving Dunk,,,,CHA,1610612766.0,
Shot Chart Detail,22100896,611,0,Opponent,1610612761,Toronto Raptors,4,1,1,Missed Shot,Driving Layup Shot,,Restricted Area,Center(C),Less Than 8 ft.,2,2,21,1,0,20220225,CHA,TOR,22100896611,|1629004|1629139|1630201|1630551|1630625,0,REG,,,2022,1629004|1629139,35.0,,,,,,,,CHA,1610612766.0,
Shot Chart Detail,22100896,615,0,Opponent,1610612761,Toronto Raptors,4,0,46,Missed Shot,Driving Finger Roll Layup Shot,,Restricted Area,Center(C),Less Than 8 ft.,1,1,10,1,0,20220225,CHA,TOR,22100896615,|1629004|1629139|1630201|1630551|1630625,0,REG,,,2022,1629139,32.0,SF,Helper,0.1,MISS Ball 1' Driving Finger Roll Layup,,,,CHA,1610612766.0,
Shot Chart Detail,22100896,617,0,Opponent,1610612761,Toronto Raptors,4,0,46,Made Shot,Putback Dunk Shot,,Restricted Area,Center(C),Less Than 8 ft.,0,0,0,1,1,20220225,CHA,TOR,22100896617,|1629004|1629139|1630201|1630551|1630625,0,REG,,,2022,1629139,34.0,SF,Helper,0.1,Harrell Putback Dunk (20 PTS),,,,CHA,1610612766.0,
Shot Chart Detail,22100896,620,0,Opponent,1610612761,Toronto Raptors,4,0,36,Missed Shot,Jump Shot,,Above the Break 3,Left Side Center(LC),24+ ft.,25,-206,155,1,0,20220225,CHA,TOR,22100896620,|1629004|1629139|1630201|1630551|1630625,0,REG,,,2022,1630201,34.0,PG,Point of Attack,-0.52,MISS Ball 26' 3PT Jump Shot,,,,CHA,1610612766.0,
Shot Chart Detail,22100906,10,0,Opponent,1610612761,Toronto Raptors,1,11,17,Missed Shot,Jump Shot,,Right Corner 3,Right Side(R),24+ ft.,24,233,79,1,0,20220226,ATL,TOR,2210090610,|1627783|1627832|1629018|1630567|203920,0,REG,,,2022,1630567,0.0,PF,Helper,0.63,MISS Hunter 25' 3PT Jump Shot,,,,ATL,1610612737.0,
Shot Chart Detail,22100906,15,0,Opponent,1610612761,Toronto Raptors,1,10,50,Missed Shot,Jump Shot,,Mid-Range,Left Side(L),16-24 ft.,20,-189,76,1,0,20220226,ATL,TOR,2210090615,|1627783|1627832|1629018|1630567|203920,0,REG,,,2022,1630567,-2.0,PF,Helper,0.63,MISS Gallinari 20' Jump Shot,,,,ATL,1610612737.0,
Shot Chart Detail,22100906,22,0,Opponent,1610612761,Toronto Raptors,1,10,25,Made Shot,Driving Floating Bank Jump Shot,,In The Paint (Non-RA),Center(C),Less Than 8 ft.,5,50,21,1,1,20220226,ATL,TOR,2210090622,|1627783|1627832|1629018|1630567|203920,0,REG,,,2022,1627832|203920,-3.0,,,,,,,,ATL,1610612737.0,
Shot Chart Detail,22100906,24,0,Opponent,1610612761,Toronto Raptors,1,9,49,Missed Shot,Pullup Jump shot,,Mid-Range,Left Side Center(LC),16-24 ft.,16,-119,110,1,0,20220226,ATL,TOR,2210090624,|1627783|1627832|1629018|1630567|203920,0,REG,,,2022,1630567,-5.0,PF,Helper,0.63,MISS Gallinari 16' Pullup Jump Shot,,,,ATL,1610612737.0,
Shot Chart Detail,22100906,29,0,Opponent,1610612761,Toronto Raptors,1,9,36,Missed Shot,Running Layup Shot,,Restricted Area,Center(C),Less Than 8 ft.,1,11,10,1,0,20220226,ATL,TOR,2210090629,|1627783|1627832|1629018|1630567|203920,0,REG,,,2022,1627832,-5.0,PG,Point of Attack,0.9,MISS Hunter 1' Running Layup,,,,ATL,1610612737.0,
Shot Chart Detail,22100906,31,0,Opponent,1610612761,Toronto Raptors,1,9,32,Missed Shot,Tip Layup Shot,,Restricted Area,Center(C),Less Than 8 ft.,0,0,0,1,0,20220226,ATL,TOR,2210090631,|1627783|1627832|1629018|1630567|203920,0,REG,,,2022,203920,-5.0,C,Mobile Big,0.63,MISS Capela Tip Layup Shot,,,,ATL,1610612737.0,
Shot Chart Detail,22100906,33,0,Opponent,1610612761,Toronto Raptors,1,9,29,Made Shot,Putback Layup Shot,,Restricted Area,Center(C),Less Than 8 ft.,0,0,0,1,1,20220226,ATL,TOR,2210090633,|1627783|1627832|1629018|1630567|203920,0,REG,,,2022,203920,-3.0,C,Mobile Big,0.63,Capela Putback Layup (2 PTS),,,,ATL,1610612737.0,
Shot Chart Detail,22100906,36,0,Opponent,1610612761,Toronto Raptors,1,9,12,Made Shot,Jump Shot,,Right Corner 3,Right Side(R),24+ ft.,22,228,-22,1,1,20220226,ATL,TOR,2210090636,|1627783|1627832|1629018|1630567|203920,1,REG,,,2022,1630567,0.0,PF,Helper,0.63,Huerter 3PT Jump Shot (3 PTS) (Hunter 1 AST),,,,ATL,1610612737.0,1629631.0
Shot Chart Detail,22100906,46,0,Opponent,1610612761,Toronto Raptors,1,8,30,Made Shot,Jump Shot,,Above the Break 3,Center(C),24+ ft.,26,49,257,1,1,20220226,ATL,TOR,2210090646,|1627783|1627832|1629018|1630567|203920,1,REG,,,2022,1630567,3.0,PF,Helper,0.63,Gallinari 26' 3PT Jump Shot (3 PTS) (Young 1 AST),,,,ATL,1610612737.0,1629027.0
Shot Chart Detail,22100906,52,0,Opponent,1610612761,Toronto Raptors,1,8,1,Made Shot,Driving Floating Jump Shot,,In The Paint (Non-RA),Center(C),8-16 ft.,12,-33,125,1,1,20220226,ATL,TOR,2210090652,|1627783|1627832|1629018|1630567|203920,0,REG,,,2022,1627832,5.0,PG,Point of Attack,0.9,Young 13' Driving Floating Jump Shot (4 PTS),,,,ATL,1610612737.0,
Shot Chart Detail,22100906,56,0,Opponent,1610612761,Toronto Raptors,1,7,30,Made Shot,Layup Shot,,Restricted Area,Center(C),Less Than 8 ft.,1,-1,11,1,1,20220226,ATL,TOR,2210090656,|1627783|1627832|1629018|1630567|203920,1,REG,,,2022,1630567,7.0,PF,Helper,0.63,Hunter 1' Layup (2 PTS) (Young 2 AST),,,,ATL,1610612737.0,1629027.0
Shot Chart Detail,22100906,64,0,Opponent,1610612761,Toronto Raptors,1,7,3,Made Shot,Driving Floating Jump Shot,,In The Paint (Non-RA),Center(C),8-16 ft.,11,42,102,1,1,20220226,ATL,TOR,2210090664,|1627783|1627832|1629018|1630567|203920,0,REG,,,2022,1627832,7.0,PG,Point of Attack,0.9,Young 11' Driving Floating Jump Shot (6 PTS),,,,ATL,1610612737.0,
Shot Chart Detail,22100906,67,0,Opponent,1610612761,Toronto Raptors,1,6,38,Made Shot,Floating Jump shot,,In The Paint (Non-RA),Center(C),Less Than 8 ft.,5,31,48,1,1,20220226,ATL,TOR,2210090667,|1627783|1627832|1629018|1630567|203920,0,REG,,,2022,1627832|203920,7.0,,,,,,,,ATL,1610612737.0,
Shot Chart Detail,22100906,78,0,Opponent,1610612761,Toronto Raptors,1,6,5,Made Shot,Jump Shot,,Above the Break 3,Left Side Center(LC),24+ ft.,25,-200,152,1,1,20220226,ATL,TOR,2210090678,|1627783|1627832|1628449|1629018|1630173,1,REG,,,2022,1629018,8.0,SG,Chaser,0.19,Hunter 25' 3PT Jump Shot (5 PTS) (Huerter 1 AST),,,,ATL,1610612737.0,1628989.0
Shot Chart Detail,22100906,82,0,Opponent,1610612761,Toronto Raptors,1,5,36,Missed Shot,Driving Layup Shot,,Restricted Area,Center(C),Less Than 8 ft.,3,-22,26,1,0,20220226,ATL,TOR,2210090682,|1627783|1627832|1628449|1629018|1630173,0,REG,,,2022,1630173,5.0,C,Mobile Big,0.24,MISS Young 3' Driving Layup,,,,ATL,1610612737.0,
Shot Chart Detail,22100906,86,0,Opponent,1610612761,Toronto Raptors,1,5,17,Missed Shot,Step Back Jump shot,,Above the Break 3,Left Side Center(LC),24+ ft.,26,-125,231,1,0,20220226,ATL,TOR,2210090686,|1627783|1627832|1628449|1629018|1630173,0,REG,,,2022,1630173,3.0,C,Mobile Big,0.24,MISS Huerter 26' 3PT Step Back Jump Shot,,,,ATL,1610612737.0,
Shot Chart Detail,22100906,90,0,Opponent,1610612761,Toronto Raptors,1,4,43,Missed Shot,Jump Shot,,Left Corner 3,Left Side(L),24+ ft.,23,-224,65,1,0,20220226,ATL,TOR,2210090690,|1627783|1627832|1628449|1629018|1630173,0,REG,,,2022,1629018,0.0,SG,Chaser,0.19,MISS Gallinari 3PT Jump Shot,,,,ATL,1610612737.0,
Shot Chart Detail,22100906,120,0,Opponent,1610612761,Toronto Raptors,1,2,57,Made Shot,Dunk Shot,,Restricted Area,Center(C),Less Than 8 ft.,0,-1,4,1,1,20220226,ATL,TOR,22100906120,|1627783|1627832|1628449|1629018|1630173,1,REG,,,2022,1630173,-6.0,C,Mobile Big,0.24,Okongwu Dunk (2 PTS) (Wright 1 AST),,,,ATL,1610612737.0,1626153.0
Shot Chart Detail,22100906,131,0,Opponent,1610612761,Toronto Raptors,1,2,17,Missed Shot,Jump Shot,,Above the Break 3,Left Side Center(LC),24+ ft.,25,-96,241,1,0,20220226,ATL,TOR,22100906131,|1627832|1628449|1629018|1630173|201152,0,REG,,,2022,201152,-5.0,PF,Helper,0.84,MISS Bogdanovic 26' 3PT Jump Shot,,,,ATL,1610612737.0,
Shot Chart Detail,22100906,146,0,Opponent,1610612761,Toronto Raptors,1,1,34,Missed Shot,Jump Shot,,Above the Break 3,Right Side Center(RC),24+ ft.,25,102,237,1,0,20220226,ATL,TOR,22100906146,|1627832|1628449|1630173|1630201|201152,0,REG,,,2022,1628449,-8.0,SF,Helper,0.4,MISS Knox II 26' 3PT Jump Shot,,,,ATL,1610612737.0,
Shot Chart Detail,22100906,148,0,Opponent,1610612761,Toronto Raptors,1,1,29,Missed Shot,Floating Jump shot,,In The Paint (Non-RA),Center(C),Less Than 8 ft.,4,-5,48,1,0,20220226,ATL,TOR,22100906148,|1627832|1628449|1630173|1630201|201152,0,REG,,,2022,1627832,-8.0,PG,Point of Attack,0.9,MISS Young 5' Floating Jump Shot,,,,ATL,1610612737.0,
Shot Chart Detail,22100906,151,0,Opponent,1610612761,Toronto Raptors,1,0,59,Made Shot,Alley Oop Layup shot,,Restricted Area,Center(C),Less Than 8 ft.,1,0,13,1,1,20220226,ATL,TOR,22100906151,|1627832|1628449|1630173|1630201|201152,1,REG,,,2022,1630173,-6.0,C,Mobile Big,0.24,Okongwu 1' Alley Oop Layup (4 PTS) (Young 3 AST),,,,ATL,1610612737.0,1629027.0
Shot Chart Detail,22100906,156,0,Opponent,1610612761,Toronto Raptors,1,0,42,Made Shot,Pullup Jump shot,,Mid-Range,Left Side Center(LC),16-24 ft.,18,-71,175,1,1,20220226,ATL,TOR,22100906156,|1627832|1628449|1630173|1630201|201152,0,REG,,,2022,1627832,-4.0,PG,Point of Attack,0.9,Young 19' Pullup Jump Shot (12 PTS),,,,ATL,1610612737.0,
Shot Chart Detail,22100906,180,0,Opponent,1610612761,Toronto Raptors,2,11,43,Missed Shot,Step Back Jump shot,,Mid-Range,Left Side Center(LC),16-24 ft.,19,-130,139,1,0,20220226,ATL,TOR,22100906180,|1627783|1630173|1630201|1630567|201152,0,REG,,,2022,201152,-5.0,PF,Helper,0.84,MISS Huerter 19' Step Back Jump Shot,,,,ATL,1610612737.0,
Shot Chart Detail,22100906,207,0,Opponent,1610612761,Toronto Raptors,2,10,2,Missed Shot,Driving Floating Jump Shot,,In The Paint (Non-RA),Center(C),Less Than 8 ft.,6,-23,58,1,0,20220226,ATL,TOR,22100906207,|1627783|1629018|1630173|1630201|201152,0,REG,,,2022,1627783|1630173,-9.0,,,,,,,,ATL,1610612737.0,
Shot Chart Detail,22100906,212,0,Opponent,1610612761,Toronto Raptors,2,9,37,Made Shot,Step Back Jump shot,,Mid-Range,Center(C),16-24 ft.,19,-6,193,1,1,20220226,ATL,TOR,22100906212,|1627783|1629018|1630173|1630201|201152,0,REG,,,2022,1630173,-10.0,C,Mobile Big,0.24,Bogdanovic 19' Step Back Jump Shot (4 PTS),,,,ATL,1610612737.0,
Shot Chart Detail,22100906,215,0,Opponent,1610612761,Toronto Raptors,2,8,49,Made Shot,Driving Floating Jump Shot,,In The Paint (Non-RA),Center(C),Less Than 8 ft.,5,-10,59,1,1,20220226,ATL,TOR,22100906215,|1627783|1629018|1630173|1630201|201152,0,REG,,,2022,1630173,-8.0,C,Mobile Big,0.24,Bogdanovic 6' Driving Floating Jump Shot (6 PTS),,,,ATL,1610612737.0,
Shot Chart Detail,22100906,223,0,Opponent,1610612761,Toronto Raptors,2,8,21,Missed Shot,Step Back Jump shot,,Above the Break 3,Left Side Center(LC),24+ ft.,24,-233,88,1,0,20220226,ATL,TOR,22100906223,|1627783|1627832|1629018|1630173|201152,0,REG,,,2022,1627783,-8.0,PF,Helper,0.72,MISS Gallinari 25' 3PT Step Back Jump Shot,,,,ATL,1610612737.0,
Shot Chart Detail,22100906,225,0,Opponent,1610612761,Toronto Raptors,2,8,17,Missed Shot,Jump Shot,,Above the Break 3,Left Side Center(LC),24+ ft.,25,-140,212,1,0,20220226,ATL,TOR,22100906225,|1627783|1627832|1629018|1630173|201152,0,REG,,,2022,1627783,-8.0,PF,Helper,0.72,MISS Gallinari 25' 3PT Jump Shot,,,,ATL,1610612737.0,
Shot Chart Detail,22100906,233,0,Opponent,1610612761,Toronto Raptors,2,7,54,Made Shot,Running Layup Shot,,Restricted Area,Center(C),Less Than 8 ft.,1,-6,15,1,1,20220226,ATL,TOR,22100906233,|1627783|1627832|1628449|1629018|201152,1,REG,,,2022,1627832|1627783,-6.0,,,,,,,,ATL,1610612737.0,1630168.0
Shot Chart Detail,22100906,242,0,Opponent,1610612761,Toronto Raptors,2,7,12,Made Shot,Dunk Shot,,Restricted Area,Center(C),Less Than 8 ft.,0,2,5,1,1,20220226,ATL,TOR,22100906242,|1627783|1627832|1628449|1629018|201152,1,REG,,,2022,1628449,-4.0,SF,Helper,0.4,Okongwu 1' Dunk (6 PTS) (Gallinari 1 AST),,,,ATL,1610612737.0,201568.0
Shot Chart Detail,22100906,247,0,Opponent,1610612761,Toronto Raptors,2,6,41,Made Shot,Jump Shot,,Left Corner 3,Left Side(L),24+ ft.,22,-228,-1,1,1,20220226,ATL,TOR,22100906247,|1627783|1627832|1628449|1629018|201152,1,REG,,,2022,201152,-1.0,PF,Helper,0.84,Hunter 3PT Jump Shot (9 PTS) (Young 4 AST),,,,ATL,1610612737.0,1629027.0
Shot Chart Detail,22100906,258,0,Opponent,1610612761,Toronto Raptors,2,6,13,Missed Shot,Jump Shot,,Above the Break 3,Center(C),24+ ft.,26,-80,248,1,0,20220226,ATL,TOR,22100906258,|1627783|1627832|1628449|1629018|203920,0,REG,,,2022,1628449,-1.0,SF,Helper,0.4,MISS Gallinari 26' 3PT Jump Shot,,,,ATL,1610612737.0,
Shot Chart Detail,22100906,267,0,Opponent,1610612761,Toronto Raptors,2,5,55,Missed Shot,Jump Shot,,Above the Break 3,Right Side Center(RC),24+ ft.,25,180,181,1,0,20220226,ATL,TOR,22100906267,|1627783|1627832|1628449|1629018|203920,0,REG,,,2022,1628449,-1.0,SF,Helper,0.4,MISS Bogdanovic 26' 3PT Jump Shot,,,,ATL,1610612737.0,
Shot Chart Detail,22100906,273,0,Opponent,1610612761,Toronto Raptors,2,5,12,Made Shot,Step Back Jump shot,,Mid-Range,Left Side Center(LC),16-24 ft.,18,-130,133,1,1,20220226,ATL,TOR,22100906273,|1627783|1627832|1628449|1629018|203920,0,REG,,,2022,1627832,1.0,PG,Point of Attack,0.9,Young 19' Step Back Jump Shot (16 PTS),,,,ATL,1610612737.0,
Shot Chart Detail,22100906,276,0,Opponent,1610612761,Toronto Raptors,2,4,49,Made Shot,Jump Shot,,Left Corner 3,Left Side(L),24+ ft.,23,-232,-13,1,1,20220226,ATL,TOR,22100906276,|1627783|1627832|1628449|1629018|203920,1,REG,,,2022,1629018,4.0,SG,Chaser,0.19,Huerter 3PT Jump Shot (6 PTS) (Young 5 AST),,,,ATL,1610612737.0,1629027.0
Shot Chart Detail,22100906,280,0,Opponent,1610612761,Toronto Raptors,2,4,25,Missed Shot,Pullup Jump shot,,Above the Break 3,Left Side Center(LC),24+ ft.,30,-134,269,1,0,20220226,ATL,TOR,22100906280,|1627783|1627832|1628449|1629018|203920,0,REG,,,2022,1629018,4.0,SG,Chaser,0.19,MISS Young 30' 3PT Pullup Jump Shot,,,,ATL,1610612737.0,
Shot Chart Detail,22100906,288,0,Opponent,1610612761,Toronto Raptors,2,4,0,Made Shot,Step Back Jump shot,,Mid-Range,Right Side Center(RC),16-24 ft.,19,87,180,1,1,20220226,ATL,TOR,22100906288,|1627783|1627832|1628449|1629018|203920,0,REG,,,2022,1628449,6.0,SF,Helper,0.4,Young 20' Step Back Jump Shot (18 PTS),,,,ATL,1610612737.0,
Shot Chart Detail,22100906,325,0,Opponent,1610612761,Toronto Raptors,2,2,35,Made Shot,Driving Floating Jump Shot,,In The Paint (Non-RA),Center(C),8-16 ft.,12,-4,123,1,1,20220226,ATL,TOR,22100906325,|1627832|1628449|1629018|1630173|201152,0,REG,,,2022,1628449|1627832,7.0,,,,,,,,ATL,1610612737.0,
Shot Chart Detail,22100906,328,0,Opponent,1610612761,Toronto Raptors,2,2,15,Made Shot,Jump Shot,,Mid-Range,Right Side Center(RC),16-24 ft.,21,140,162,1,1,20220226,ATL,TOR,22100906328,|1627832|1628449|1629018|1630173|201152,1,REG,,,2022,1627832,9.0,PG,Point of Attack,0.9,Bogdanovic 21' Jump Shot (8 PTS) (Young 6 AST),,,,ATL,1610612737.0,1629027.0
Shot Chart Detail,22100906,333,0,Opponent,1610612761,Toronto Raptors,2,1,39,Made Shot,Driving Floating Jump Shot,,In The Paint (Non-RA),Center(C),Less Than 8 ft.,6,-67,15,1,1,20220226,ATL,TOR,22100906333,|1627832|1628449|1629018|1630173|201152,0,REG,,,2022,1629018|1630173,9.0,,,,,,,,ATL,1610612737.0,
Shot Chart Detail,22100906,361,0,Opponent,1610612761,Toronto Raptors,2,0,8,Made Shot,Driving Layup Shot,,Restricted Area,Center(C),Less Than 8 ft.,2,15,17,1,1,20220226,ATL,TOR,22100906361,|1627783|1627832|1628449|1629018|201152,0,REG,,,2022,1628449,7.0,SF,Helper,0.4,Young 2' Driving Layup (24 PTS),,,,ATL,1610612737.0,
Shot Chart Detail,22100906,378,0,Opponent,1610612761,Toronto Raptors,3,11,39,Made Shot,Driving Floating Jump Shot,,In The Paint (Non-RA),Center(C),Less Than 8 ft.,6,-1,66,1,1,20220226,ATL,TOR,22100906378,|1627783|1627832|1629018|1630567|203920,0,REG,,,2022,1627832,10.0,PG,Point of Attack,0.9,Young 7' Driving Floating Jump Shot (27 PTS),,,,ATL,1610612737.0,
Shot Chart Detail,22100906,381,0,Opponent,1610612761,Toronto Raptors,3,11,7,Made Shot,Jump Shot,,Right Corner 3,Right Side(R),24+ ft.,23,227,53,1,1,20220226,ATL,TOR,22100906381,|1627783|1627832|1629018|1630567|203920,1,REG,,,2022,1629018|1627783,13.0,,,,,,,,ATL,1610612737.0,1629631.0
Shot Chart Detail,22100906,385,0,Opponent,1610612761,Toronto Raptors,3,10,36,Made Shot,Driving Layup Shot,,Restricted Area,Center(C),Less Than 8 ft.,2,-16,15,1,1,20220226,ATL,TOR,22100906385,|1627783|1627832|1629018|1630567|203920,0,REG,,,2022,1627783,15.0,PF,Helper,0.72,Huerter 2' Driving Layup (11 PTS),,,,ATL,1610612737.0,
Shot Chart Detail,22100906,388,0,Opponent,1610612761,Toronto Raptors,3,9,58,Missed Shot,Driving Layup Shot,,In The Paint (Non-RA),Center(C),Less Than 8 ft.,4,2,48,1,0,20220226,ATL,TOR,22100906388,|1627783|1627832|1629018|1630567|203920,0,REG,,,2022,203920,13.0,C,Mobile Big,0.63,MISS Hunter 5' Driving Layup,,,,ATL,1610612737.0,
Shot Chart Detail,22100906,399,0,Opponent,1610612761,Toronto Raptors,3,9,25,Missed Shot,Jump Shot,,Above the Break 3,Right Side Center(RC),24+ ft.,26,151,215,1,0,20220226,ATL,TOR,22100906399,|1627783|1627832|1629018|1630567|203920,0,REG,,,2022,1627783|1630567,11.0,,,,,,,,ATL,1610612737.0,
Shot Chart Detail,22100906,405,0,Opponent,1610612761,Toronto Raptors,3,9,5,Missed Shot,Pullup Jump shot,,Mid-Range,Right Side Center(RC),16-24 ft.,16,87,136,1,0,20220226,ATL,TOR,22100906405,|1627783|1627832|1629018|1630567|203920,0,REG,,,2022,1627783|1630567,11.0,,,,,,,,ATL,1610612737.0,
Shot Chart Detail,22100906,410,0,Opponent,1610612761,Toronto Raptors,3,8,46,Made Shot,Floating Jump shot,,In The Paint (Non-RA),Center(C),8-16 ft.,11,1,119,1,1,20220226,ATL,TOR,22100906410,|1627783|1627832|1629018|1630567|203920,1,REG,,,2022,203920|1630567,13.0,,,,,,,,ATL,1610612737.0,1628989.0
Shot Chart Detail,22100906,414,0,Opponent,1610612761,Toronto Raptors,3,8,18,Made Shot,Step Back Jump shot,,Above the Break 3,Left Side Center(LC),24+ ft.,27,-162,220,1,1,20220226,ATL,TOR,22100906414,|1627783|1627832|1629018|1630567|203920,0,REG,,,2022,1627832,16.0,PG,Point of Attack,0.9,Young 27' 3PT Step Back Jump Shot (32 PTS),,,,ATL,1610612737.0,
Shot Chart Detail,22100906,418,0,Opponent,1610612761,Toronto Raptors,3,7,40,Made Shot,Driving Layup Shot,,Restricted Area,Center(C),Less Than 8 ft.,1,-10,3,1,1,20220226,ATL,TOR,22100906418,|1627783|1627832|1629018|1630567|203920,0,REG,,,2022,1629018,18.0,SG,Chaser,0.19,Young 1' Driving Layup (34 PTS),,,,ATL,1610612737.0,
Shot Chart Detail,22100906,430,0,Opponent,1610612761,Toronto Raptors,3,6,41,Made Shot,Alley Oop Dunk Shot,,Restricted Area,Center(C),Less Than 8 ft.,0,-6,-5,1,1,20220226,ATL,TOR,22100906430,|1627783|1627832|1629018|1630173|1630567,1,REG,,,2022,1630173,20.0,C,Mobile Big,0.24,Capela 1' Alley Oop Dunk (4 PTS) (Young 7 AST),,,,ATL,1610612737.0,1629027.0
Shot Chart Detail,22100906,437,0,Opponent,1610612761,Toronto Raptors,3,6,16,Made Shot,Alley Oop Dunk Shot,,Restricted Area,Center(C),Less Than 8 ft.,0,5,4,1,1,20220226,ATL,TOR,22100906437,|1627783|1627832|1629018|1630173|1630567,1,REG,,,2022,1630173,22.0,C,Mobile Big,0.24,Capela 1' Alley Oop Dunk (6 PTS) (Young 8 AST),,,,ATL,1610612737.0,1629027.0
Shot Chart Detail,22100906,444,0,Opponent,1610612761,Toronto Raptors,3,5,37,Made Shot,Jump Shot,,Above the Break 3,Right Side Center(RC),24+ ft.,24,227,99,1,1,20220226,ATL,TOR,22100906444,|1627783|1627832|1629018|1630173|1630567,1,REG,,,2022,1627832,25.0,PG,Point of Attack,0.9,Huerter 25' 3PT Jump Shot (14 PTS) (Hunter 3 AST),,,,ATL,1610612737.0,1629631.0
Shot Chart Detail,22100906,448,0,Opponent,1610612761,Toronto Raptors,3,5,12,Made Shot,Alley Oop Dunk Shot,,Restricted Area,Center(C),Less Than 8 ft.,0,-1,3,1,1,20220226,ATL,TOR,22100906448,|1627783|1627832|1629018|1630173|1630567,1,REG,,,2022,1630173,27.0,C,Mobile Big,0.24,Capela Alley Oop Dunk (8 PTS) (Young 9 AST),,,,ATL,1610612737.0,1629027.0
Shot Chart Detail,22100906,459,0,Opponent,1610612761,Toronto Raptors,3,4,36,Made Shot,Jump Shot,,Left Corner 3,Left Side(L),24+ ft.,23,-234,8,1,1,20220226,ATL,TOR,22100906459,|1627783|1627832|1629018|1630173|201152,1,REG,,,2022,1630173,29.0,C,Mobile Big,0.24,Bogdanovic 3PT Jump Shot (11 PTS) (Hunter 4 AST),,,,ATL,1610612737.0,1629631.0
Shot Chart Detail,22100906,464,0,Opponent,1610612761,Toronto Raptors,3,3,54,Missed Shot,Driving Floating Jump Shot,,In The Paint (Non-RA),Right Side(R),8-16 ft.,9,74,59,1,0,20220226,ATL,TOR,22100906464,|1627783|1627832|1629018|1630173|201152,0,REG,,,2022,1627832,27.0,PG,Point of Attack,0.9,MISS Young 9' Driving Floating Jump Shot,,,,ATL,1610612737.0,
Shot Chart Detail,22100906,474,0,Opponent,1610612761,Toronto Raptors,3,3,19,Made Shot,Jump Shot,,Right Corner 3,Right Side(R),24+ ft.,23,229,24,1,1,20220226,ATL,TOR,22100906474,|1627783|1627832|1629018|1630173|201152,1,REG,,,2022,1630173,27.0,C,Mobile Big,0.24,Wright 3PT Jump Shot (3 PTS) (Bogdanovic 1 AST),,,,ATL,1610612737.0,203992.0
Shot Chart Detail,22100906,478,0,Opponent,1610612761,Toronto Raptors,3,2,48,Made Shot,Alley Oop Dunk Shot,,Restricted Area,Center(C),Less Than 8 ft.,0,0,5,1,1,20220226,ATL,TOR,22100906478,|1627783|1627832|1629018|1630173|201152,1,REG,,,2022,1630173,27.0,C,Mobile Big,0.24,Okongwu 1' Alley Oop Dunk (11 PTS) (Young 10 AST),,,,ATL,1610612737.0,1629027.0
Shot Chart Detail,22100906,482,0,Opponent,1610612761,Toronto Raptors,3,2,18,Made Shot,Running Dunk Shot,,Restricted Area,Center(C),Less Than 8 ft.,0,1,0,1,1,20220226,ATL,TOR,22100906482,|1627783|1627832|1629018|1630173|201152,1,REG,,,2022,201152,29.0,PF,Helper,0.84,Hunter Running Dunk (14 PTS) (Young 11 AST),,,,ATL,1610612737.0,1629027.0
Shot Chart Detail,22100906,500,0,Opponent,1610612761,Toronto Raptors,3,0,52,Missed Shot,Fadeaway Jump Shot,,Mid-Range,Right Side(R),16-24 ft.,20,199,-21,1,0,20220226,ATL,TOR,22100906500,|1627832|1628449|1630173|1630201|201152,0,REG,,,2022,1630201|201152,30.0,,,,,,,,ATL,1610612737.0,
Shot Chart Detail,22100906,510,0,Opponent,1610612761,Toronto Raptors,3,0,5,Missed Shot,Pullup Jump shot,,Above the Break 3,Center(C),24+ ft.,35,-1,352,1,0,20220226,ATL,TOR,22100906510,|1627832|1628449|1630173|1630201|201152,0,REG,,,2022,1630201,30.0,PG,Point of Attack,-0.52,MISS Young 35' 3PT Pullup Jump Shot,,,,ATL,1610612737.0,
Shot Chart Detail,22100906,525,0,Opponent,1610612761,Toronto Raptors,4,11,31,Missed Shot,Jump Shot,,Above the Break 3,Left Side Center(LC),24+ ft.,25,-104,229,1,0,20220226,ATL,TOR,22100906525,|1627832|1628449|1630173|1630201|201152,0,REG,,,2022,1630201,30.0,PG,Point of Attack,-0.52,MISS Bogdanovic 25' 3PT Jump Shot,,,,ATL,1610612737.0,
Shot Chart Detail,22100906,535,0,Opponent,1610612761,Toronto Raptors,4,10,57,Made Shot,Jump Shot,,Above the Break 3,Left Side Center(LC),24+ ft.,24,-127,215,1,1,20220226,ATL,TOR,22100906535,|1627832|1628449|1630173|1630201|201152,1,REG,,,2022,,,,,,,,,,ATL,1610612737.0,1628989.0
Shot Chart Detail,22100906,543,0,Opponent,1610612761,Toronto Raptors,4,10,16,Missed Shot,Jump Shot,,Above the Break 3,Left Side Center(LC),24+ ft.,24,-121,218,1,0,20220226,ATL,TOR,22100906543,|1627832|1628449|1630173|1630201|201152,0,REG,,,2022,1628449,29.0,SF,Helper,0.4,MISS Bogdanovic 25' 3PT Jump Shot,,,,ATL,1610612737.0,
Shot Chart Detail,22100906,555,0,Opponent,1610612761,Toronto Raptors,4,9,44,Missed Shot,Jump Shot,,Mid-Range,Right Side(R),16-24 ft.,19,189,43,1,0,20220226,ATL,TOR,22100906555,|1627783|1628449|1630173|1630201|1630567,0,REG,,,2022,1630173,27.0,C,Mobile Big,0.24,MISS Gallinari 19' Jump Shot,,,,ATL,1610612737.0,
Shot Chart Detail,22100906,560,0,Opponent,1610612761,Toronto Raptors,4,9,21,Missed Shot,Step Back Jump shot,,Mid-Range,Right Side Center(RC),16-24 ft.,18,121,142,1,0,20220226,ATL,TOR,22100906560,|1627783|1628449|1630173|1630201|1630567,0,REG,,,2022,1630173,25.0,C,Mobile Big,0.24,MISS Bogdanovic 19' Step Back Jump Shot,,,,ATL,1610612737.0,
Shot Chart Detail,22100906,566,0,Opponent,1610612761,Toronto Raptors,4,8,38,Missed Shot,Jump Shot,,Above the Break 3,Right Side Center(RC),24+ ft.,24,218,105,1,0,20220226,ATL,TOR,22100906566,|1627783|1628449|1630173|1630201|1630567,0,REG,,,2022,,,,,,,,,,ATL,1610612737.0,
Shot Chart Detail,22100906,576,0,Opponent,1610612761,Toronto Raptors,4,7,49,Missed Shot,Jump Shot,,Right Corner 3,Right Side(R),24+ ft.,23,233,40,1,0,20220226,ATL,TOR,22100906576,|1627783|1628449|1630173|1630201|1630567,0,REG,,,2022,1630173,21.0,C,Mobile Big,0.24,MISS Hunter 24' 3PT Jump Shot,,,,ATL,1610612737.0,
Shot Chart Detail,22100906,583,0,Opponent,1610612761,Toronto Raptors,4,7,18,Missed Shot,Driving Floating Jump Shot,,In The Paint (Non-RA),Center(C),Less Than 8 ft.,7,-18,71,1,0,20220226,ATL,TOR,22100906583,|1627783|1628449|1630173|1630201|1630567,0,REG,,,2022,1628449,21.0,SF,Helper,0.4,MISS Hunter 7' Driving Floating Jump Shot,,,,ATL,1610612737.0,
Shot Chart Detail,22100906,587,0,Opponent,1610612761,Toronto Raptors,4,7,0,Made Shot,Dunk Shot,,Restricted Area,Center(C),Less Than 8 ft.,1,-10,3,1,1,20220226,ATL,TOR,22100906587,|1627783|1628449|1630173|1630201|1630567,1,REG,,,2022,1630173,23.0,C,Mobile Big,0.24,Okongwu 1' Dunk (15 PTS) (Gallinari 2 AST),,,,ATL,1610612737.0,201568.0
Shot Chart Detail,22100906,592,0,Opponent,1610612761,Toronto Raptors,4,6,17,Made Shot,Hook Shot,,In The Paint (Non-RA),Center(C),Less Than 8 ft.,5,-4,55,1,1,20220226,ATL,TOR,22100906592,|1627783|1628449|1630173|1630201|1630567,1,REG,,,2022,1630567,23.0,PF,Helper,0.63,Okongwu 6' Hook Shot (17 PTS) (Bogdanovic 2 AST),,,,ATL,1610612737.0,203992.0
Shot Chart Detail,22100906,596,0,Opponent,1610612761,Toronto Raptors,4,5,55,Missed Shot,Running Pull-Up Jump Shot,,Above the Break 3,Left Side Center(LC),24+ ft.,24,-113,222,1,0,20220226,ATL,TOR,22100906596,|1627783|1628449|1630173|1630201|1630567,0,REG,,,2022,,,,,,,,,,ATL,1610612737.0,
Shot Chart Detail,22100906,599,0,Opponent,1610612761,Toronto Raptors,4,5,29,Missed Shot,Driving Floating Jump Shot,,In The Paint (Non-RA),Center(C),Less Than 8 ft.,7,1,79,1,0,20220226,ATL,TOR,22100906599,|1627783|1628449|1630173|1630201|1630567,0,REG,,,2022,1628449,21.0,SF,Helper,0.4,MISS Bogdanovic 8' Driving Floating Jump Shot,,,,ATL,1610612737.0,
Shot Chart Detail,22100906,603,0,Opponent,1610612761,Toronto Raptors,4,5,0,Made Shot,Jump Shot,,Left Corner 3,Left Side(L),24+ ft.,22,-224,36,1,1,20220226,ATL,TOR,22100906603,|1627783|1628449|1630173|1630201|1630567,1,REG,,,2022,1630567,24.0,PF,Helper,0.63,Bogdanovic 3PT Jump Shot (14 PTS) (Gallinari 3 AST),,,,ATL,1610612737.0,201568.0
Shot Chart Detail,22100906,612,0,Opponent,1610612761,Toronto Raptors,4,4,26,Made Shot,Driving Floating Jump Shot,,In The Paint (Non-RA),Center(C),8-16 ft.,8,25,82,1,1,20220226,ATL,TOR,22100906612,|1627783|1630173|1630201|1630567|201152,0,REG,,,2022,1630567|201152,26.0,,,,,,,,ATL,1610612737.0,
Shot Chart Detail,22100906,615,0,Opponent,1610612761,Toronto Raptors,4,4,0,Made Shot,Driving Floating Jump Shot,,In The Paint (Non-RA),Center(C),Less Than 8 ft.,6,-21,58,1,1,20220226,ATL,TOR,22100906615,|1627783|1630173|1630201|1630567|201152,0,REG,,,2022,1630201|1627783|1630173|1630567,28.0,,,,,,,,ATL,1610612737.0,
Shot Chart Detail,22100906,629,0,Opponent,1610612761,Toronto Raptors,4,2,59,Missed Shot,Jump Shot,,Above the Break 3,Left Side Center(LC),24+ ft.,24,-167,179,1,0,20220226,ATL,TOR,22100906629,|1627783|1630173|1630201|1630567|201152,0,REG,,,2022,201152,28.0,PF,Helper,0.84,MISS Huerter 24' 3PT Jump Shot,,,,ATL,1610612737.0,
Shot Chart Detail,22100906,655,0,Opponent,1610612761,Toronto Raptors,4,2,13,Made Shot,Driving Dunk Shot,,Restricted Area,Center(C),Less Than 8 ft.,0,-1,0,1,1,20220226,ATL,TOR,22100906655,|1629139|1630201|1630551|1630625|201152,0,REG,,,2022,1630201,29.0,PG,Point of Attack,-0.52,Mays Driving Dunk (2 PTS),,,,ATL,1610612737.0,
Shot Chart Detail,22100906,657,0,Opponent,1610612761,Toronto Raptors,4,1,53,Made Shot,Pullup Jump shot,,Above the Break 3,Center(C),24+ ft.,25,-37,248,1,1,20220226,ATL,TOR,22100906657,|1629139|1630201|1630551|1630625|201152,0,REG,,,2022,201152,30.0,PF,Helper,0.84,Dieng 25' 3PT Pullup Jump Shot (3 PTS),,,,ATL,1610612737.0,
Shot Chart Detail,22100906,660,0,Opponent,1610612761,Toronto Raptors,4,1,27,Made Shot,Reverse Layup Shot,,Restricted Area,Center(C),Less Than 8 ft.,0,7,5,1,1,20220226,ATL,TOR,22100906660,|1629139|1630201|1630551|1630625|201152,1,REG,,,2022,201152,32.0,PF,Helper,0.84,Johnson 1' Reverse Layup (2 PTS) (Dieng 1 AST),,,,ATL,1610612737.0,203476.0
Shot Chart Detail,22100906,670,0,Opponent,1610612761,Toronto Raptors,4,0,53,Made Shot,Cutting Dunk Shot,,Restricted Area,Center(C),Less Than 8 ft.,0,-4,5,1,1,20220226,ATL,TOR,22100906670,|1629004|1629139|1630201|1630551|1630625,1,REG,,,2022,1630201,32.0,PG,Point of Attack,-0.52,Johnson 1' Cutting Dunk Shot (4 PTS) (Dieng 2 AST),,,,ATL,1610612737.0,203476.0
Shot Chart Detail,22100906,675,0,Opponent,1610612761,Toronto Raptors,4,0,30,Missed Shot,Driving Floating Jump Shot,,In The Paint (Non-RA),Center(C),Less Than 8 ft.,6,11,64,1,0,20220226,ATL,TOR,22100906675,|1629004|1629139|1630201|1630551|1630625,0,REG,,,2022,,,,,,,,,,ATL,1610612737.0,
Shot Chart Detail,22100726,14,0,Opponent,1610612761,Toronto Raptors,1,11,34,Missed Shot,Pullup Jump shot,,Mid-Range,Left Side Center(LC),16-24 ft.,20,-72,190,1,0,20220228,BKN,TOR,2210072614,|1627783|1629018|1630201|1630567|203920,0,REG,,,2022,1630201,-1.0,PG,Point of Attack,-0.52,MISS Curry 20' Pullup Jump Shot,,,,BKN,1610612751.0,
Shot Chart Detail,22100726,25,0,Opponent,1610612761,Toronto Raptors,1,10,42,Made Shot,Jump Shot,,Right Corner 3,Right Side(R),24+ ft.,23,229,53,1,1,20220228,BKN,TOR,2210072625,|1627783|1629018|1630201|1630567|203920,1,REG,,,2022,1630567,2.0,PF,Helper,0.63,Brown 24' 3PT Jump Shot (3 PTS) (Curry 1 AST),,,,BKN,1610612751.0,203552.0
Shot Chart Detail,22100726,29,0,Opponent,1610612761,Toronto Raptors,1,10,9,Missed Shot,Fadeaway Jump Shot,,Mid-Range,Right Side(R),8-16 ft.,14,141,-5,1,0,20220228,BKN,TOR,2210072629,|1627783|1629018|1630201|1630567|203920,0,REG,,,2022,203920,-1.0,C,Mobile Big,0.63,MISS Mills 14' Fadeaway Jumper,,,,BKN,1610612751.0,
Shot Chart Detail,22100726,32,0,Opponent,1610612761,Toronto Raptors,1,9,59,Made Shot,Cutting Layup Shot,,Restricted Area,Center(C),Less Than 8 ft.,1,16,0,1,1,20220228,BKN,TOR,2210072632,|1627783|1629018|1630201|1630567|203920,1,REG,,,2022,1627783,1.0,PF,Helper,0.72,Brown 2' Cutting Layup Shot (5 PTS) (Curry 2 AST),,,,BKN,1610612751.0,203552.0
Shot Chart Detail,22100726,47,0,Opponent,1610612761,Toronto Raptors,1,9,19,Missed Shot,Pullup Jump shot,,Above the Break 3,Right Side Center(RC),24+ ft.,26,212,157,1,0,20220228,BKN,TOR,2210072647,|1627783|1629018|1630201|1630567|203920,0,REG,,,2022,1629018,-2.0,SG,Chaser,0.19,MISS Mills 26' 3PT Pullup Jump Shot,,,,BKN,1610612751.0,
Shot Chart Detail,22100726,49,0,Opponent,1610612761,Toronto Raptors,1,9,15,Missed Shot,Layup Shot,,Restricted Area,Center(C),Less Than 8 ft.,2,-18,12,1,0,20220228,BKN,TOR,2210072649,|1627783|1629018|1630201|1630567|203920,0,REG,,,2022,203920,-2.0,C,Mobile Big,0.63,MISS Drummond 2' Layup,,,,BKN,1610612751.0,
Shot Chart Detail,22100726,61,0,Opponent,1610612761,Toronto Raptors,1,8,20,Missed Shot,Jump Shot,,Left Corner 3,Left Side(L),24+ ft.,23,-233,-9,1,0,20220228,BKN,TOR,2210072661,|1627783|1629018|1630201|1630567|203920,0,REG,,,2022,1627783,-2.0,PF,Helper,0.72,MISS Curry 3PT Jump Shot,,,,BKN,1610612751.0,
Shot Chart Detail,22100726,76,0,Opponent,1610612761,Toronto Raptors,1,7,52,Made Shot,Jump Shot,,Above the Break 3,Left Side Center(LC),24+ ft.,27,-184,201,1,1,20220228,BKN,TOR,2210072676,|1627783|1629018|1630173|1630201|1630567,1,REG,,,2022,1629018,-2.0,SG,Chaser,0.19,Mills 27' 3PT Jump Shot (3 PTS) (Thomas 1 AST),,,,BKN,1610612751.0,1630560.0
Shot Chart Detail,22100726,80,0,Opponent,1610612761,Toronto Raptors,1,7,24,Missed Shot,Pullup Jump shot,,Above the Break 3,Right Side Center(RC),24+ ft.,26,97,243,1,0,20220228,BKN,TOR,2210072680,|1627783|1629018|1630173|1630201|1630567,0,REG,,,2022,1627783,-4.0,PF,Helper,0.72,MISS Mills 26' 3PT Pullup Jump Shot,,,,BKN,1610612751.0,
Shot Chart Detail,22100726,84,0,Opponent,1610612761,Toronto Raptors,1,7,11,Missed Shot,Pullup Jump shot,,Mid-Range,Left Side Center(LC),16-24 ft.,17,-78,162,1,0,20220228,BKN,TOR,2210072684,|1627783|1629018|1630173|1630201|1630567,0,REG,,,2022,1630201|1627783,-4.0,,,,,,,,BKN,1610612751.0,
Shot Chart Detail,22100726,103,0,Opponent,1610612761,Toronto Raptors,1,6,26,Made Shot,Turnaround Fadeaway shot,,In The Paint (Non-RA),Left Side(L),8-16 ft.,15,-77,131,1,1,20220228,BKN,TOR,22100726103,|1627783|1628449|1629018|1630173|1630567,0,REG,,,2022,1630173,-4.0,C,Mobile Big,0.24,Thomas 15' Turnaround Fadeaway (2 PTS),,,,BKN,1610612751.0,
Shot Chart Detail,22100726,106,0,Opponent,1610612761,Toronto Raptors,1,5,54,Missed Shot,Driving Reverse Layup Shot,,Restricted Area,Center(C),Less Than 8 ft.,3,-26,17,1,0,20220228,BKN,TOR,22100726106,|1627783|1628449|1629018|1630173|1630567,0,REG,,,2022,1629018,-4.0,SG,Chaser,0.19,MISS Thomas 3' Driving Reverse Layup,,,,BKN,1610612751.0,
Shot Chart Detail,22100726,108,0,Opponent,1610612761,Toronto Raptors,1,5,50,Made Shot,Jump Shot,,Above the Break 3,Right Side Center(RC),24+ ft.,25,186,180,1,1,20220228,BKN,TOR,22100726108,|1627783|1628449|1629018|1630173|1630567,1,REG,,,2022,1628449,-1.0,SF,Helper,0.4,Griffin 26' 3PT Jump Shot (4 PTS) (Drummond 1 AST),,,,BKN,1610612751.0,203083.0
Shot Chart Detail,22100726,128,0,Opponent,1610612761,Toronto Raptors,1,4,40,Missed Shot,Running Layup Shot,,Restricted Area,Center(C),Less Than 8 ft.,2,21,0,1,0,20220228,BKN,TOR,22100726128,|1627783|1628449|1629018|1630173|1630201,0,REG,,,2022,1628449,-4.0,SF,Helper,0.4,MISS Griffin 2' Running Layup,,,,BKN,1610612751.0,
Shot Chart Detail,22100726,132,0,Opponent,1610612761,Toronto Raptors,1,4,22,Made Shot,Turnaround Fadeaway shot,,Mid-Range,Right Side(R),8-16 ft.,12,124,20,1,1,20220228,BKN,TOR,22100726132,|1627783|1628449|1629018|1630173|1630201,0,REG,,,2022,1627783,-2.0,PF,Helper,0.72,Griffin 13' Turnaround Fadeaway (6 PTS),,,,BKN,1610612751.0,
Shot Chart Detail,22100726,142,0,Opponent,1610612761,Toronto Raptors,1,3,27,Missed Shot,Jump Shot,,Left Corner 3,Left Side(L),24+ ft.,22,-221,13,1,0,20220228,BKN,TOR,22100726142,|1627783|1628449|1629018|1630173|1630201,0,REG,,,2022,1630173,-6.0,C,Mobile Big,0.24,MISS Aldridge 3PT Jump Shot,,,,BKN,1610612751.0,
Shot Chart Detail,22100726,152,0,Opponent,1610612761,Toronto Raptors,1,2,48,Made Shot,Dunk Shot,,Restricted Area,Center(C),Less Than 8 ft.,0,4,7,1,1,20220228,BKN,TOR,22100726152,|1627783|1628449|1629018|1630173|1630201,1,REG,,,2022,1627783|1630173,-6.0,,,,,,,,BKN,1610612751.0,201609.0
Shot Chart Detail,22100726,156,0,Opponent,1610612761,Toronto Raptors,1,2,22,Made Shot,Jump Shot,,Above the Break 3,Center(C),24+ ft.,26,44,257,1,1,20220228,BKN,TOR,22100726156,|1627783|1628449|1629018|1630173|1630201,1,REG,,,2022,1630173,-6.0,C,Mobile Big,0.24,Aldridge 26' 3PT Jump Shot (5 PTS) (Dragic 2 AST),,,,BKN,1610612751.0,201609.0
Shot Chart Detail,22100726,170,0,Opponent,1610612761,Toronto Raptors,1,1,34,Missed Shot,Driving Layup Shot,,Restricted Area,Center(C),Less Than 8 ft.,3,31,15,1,0,20220228,BKN,TOR,22100726170,|1628449|1629018|1630173|1630201|1630567,0,REG,,,2022,1630173,-11.0,C,Mobile Big,0.24,MISS Dragic 3' Driving Layup,,,,BKN,1610612751.0,
Shot Chart Detail,22100726,173,0,Opponent,1610612761,Toronto Raptors,1,0,59,Made Shot,Pullup Jump shot,,Above the Break 3,Right Side Center(RC),24+ ft.,29,137,260,1,1,20220228,BKN,TOR,22100726173,|1628449|1629018|1630173|1630201|1630567,0,REG,,,2022,1628449,-11.0,SF,Helper,0.4,Dragic 29' 3PT Pullup Jump Shot (4 PTS),,,,BKN,1610612751.0,
Shot Chart Detail,22100726,177,0,Opponent,1610612761,Toronto Raptors,1,0,30,Missed Shot,Jump Shot,,Above the Break 3,Left Side Center(LC),24+ ft.,26,-120,237,1,0,20220228,BKN,TOR,22100726177,|1628449|1629018|1630173|1630201|1630567,0,REG,,,2022,1629018,-13.0,SG,Chaser,0.19,MISS Griffin 27' 3PT Jump Shot,,,,BKN,1610612751.0,
Shot Chart Detail,22100726,181,0,Opponent,1610612761,Toronto Raptors,1,0,3,Missed Shot,Jump Shot,,Right Corner 3,Right Side(R),24+ ft.,22,227,26,1,0,20220228,BKN,TOR,22100726181,|1628449|1629018|1630173|1630201|1630567,0,REG,,,2022,1630173,-15.0,C,Mobile Big,0.24,MISS Edwards 3PT Jump Shot,,,,BKN,1610612751.0,
Shot Chart Detail,22100726,198,0,Opponent,1610612761,Toronto Raptors,2,11,38,Made Shot,Jump Shot,,Mid-Range,Right Side Center(RC),16-24 ft.,17,104,136,1,1,20220228,BKN,TOR,22100726198,|1627783|1628449|1630173|1630567|201152,1,REG,,,2022,1628449,-13.0,SF,Helper,0.4,Aldridge 17' Jump Shot (7 PTS) (Johnson 1 AST),,,,BKN,1610612751.0,201949.0
Shot Chart Detail,22100726,206,0,Opponent,1610612761,Toronto Raptors,2,11,12,Made Shot,Running Dunk Shot,,Restricted Area,Center(C),Less Than 8 ft.,0,4,6,1,1,20220228,BKN,TOR,22100726206,|1627783|1628449|1630173|1630567|201152,1,REG,,,2022,201152,-11.0,PF,Helper,0.84,Aldridge 1' Running Dunk (9 PTS) (Johnson 2 AST),,,,BKN,1610612751.0,201949.0
Shot Chart Detail,22100726,223,0,Opponent,1610612761,Toronto Raptors,2,9,54,Missed Shot,Driving Reverse Layup Shot,,Restricted Area,Center(C),Less Than 8 ft.,2,-25,-5,1,0,20220228,BKN,TOR,22100726223,|1627783|1630173|1630201|1630567|201152,0,REG,,,2022,1630173,-11.0,C,Mobile Big,0.24,MISS Johnson 3' Driving Reverse Layup,,,,BKN,1610612751.0,
Shot Chart Detail,22100726,227,0,Opponent,1610612761,Toronto Raptors,2,9,36,Made Shot,Jump Shot,,Left Corner 3,Left Side(L),24+ ft.,23,-232,13,1,1,20220228,BKN,TOR,22100726227,|1627783|1630173|1630201|1630567|201152,1,REG,,,2022,201152,-10.0,PF,Helper,0.84,Johnson 3PT Jump Shot (3 PTS) (Brown 1 AST),,,,BKN,1610612751.0,1628971.0
Shot Chart Detail,22100726,238,0,Opponent,1610612761,Toronto Raptors,2,9,1,Missed Shot,Jump Shot,,Left Corner 3,Left Side(L),24+ ft.,22,-227,22,1,0,20220228,BKN,TOR,22100726238,|1627783|1629139|1630201|1630567|201152,0,REG,,,2022,1630567,-13.0,PF,Helper,0.63,MISS Brown 3PT Jump Shot,,,,BKN,1610612751.0,
Shot Chart Detail,22100726,249,0,Opponent,1610612761,Toronto Raptors,2,8,25,Missed Shot,Pullup Jump shot,,Mid-Range,Right Side(R),16-24 ft.,23,205,106,1,0,20220228,BKN,TOR,22100726249,|1627783|1629139|1630201|1630567|201152,0,REG,,,2022,1627783,-16.0,PF,Helper,0.72,MISS Brown 23' Pullup Jump Shot,,,,BKN,1610612751.0,
Shot Chart Detail,22100726,254,0,Opponent,1610612761,Toronto Raptors,2,7,43,Missed Shot,Jump Shot,,Above the Break 3,Right Side Center(RC),24+ ft.,26,179,190,1,0,20220228,BKN,TOR,22100726254,|1627783|1629139|1630201|1630567|201152,0,REG,,,2022,201152,-16.0,PF,Helper,0.84,MISS Dragic 26' 3PT Jump Shot,,,,BKN,1610612751.0,
Shot Chart Detail,22100726,256,0,Opponent,1610612761,Toronto Raptors,2,7,38,Missed Shot,Reverse Layup Shot,,Restricted Area,Center(C),Less Than 8 ft.,1,12,8,1,0,20220228,BKN,TOR,22100726256,|1627783|1629139|1630201|1630567|201152,0,REG,,,2022,1627783,-16.0,PF,Helper,0.72,MISS Johnson 1' Reverse Layup,,,,BKN,1610612751.0,
Shot Chart Detail,22100726,265,0,Opponent,1610612761,Toronto Raptors,2,6,50,Missed Shot,Step Back Jump shot,,Above the Break 3,Center(C),24+ ft.,27,27,275,1,0,20220228,BKN,TOR,22100726265,|1627783|1629139|1630201|1630567|201152,0,REG,,,2022,1630567,-18.0,PF,Helper,0.63,MISS Johnson 28' 3PT Step Back Jump Shot,,,,BKN,1610612751.0,
Shot Chart Detail,22100726,271,0,Opponent,1610612761,Toronto Raptors,2,6,22,Made Shot,Driving Layup Shot,,Restricted Area,Center(C),Less Than 8 ft.,1,17,7,1,1,20220228,BKN,TOR,22100726271,|1627783|1629139|1630201|1630567|201152,1,REG,,,2022,1627783|1629139,-16.0,,,,,,,,BKN,1610612751.0,201949.0
Shot Chart Detail,22100726,283,0,Opponent,1610612761,Toronto Raptors,2,5,17,Missed Shot,Pullup Jump shot,,Mid-Range,Right Side Center(RC),16-24 ft.,18,97,159,1,0,20220228,BKN,TOR,22100726283,|1627783|1629018|1630201|1630567|201152,0,REG,,,2022,1629018|1630201,-21.0,,,,,,,,BKN,1610612751.0,
Shot Chart Detail,22100726,298,0,Opponent,1610612761,Toronto Raptors,2,4,6,Missed Shot,Jump Shot,,Above the Break 3,Right Side Center(RC),24+ ft.,27,86,262,1,0,20220228,BKN,TOR,22100726298,|1627783|1629018|1630201|1630567|201152,0,REG,,,2022,1627783,-25.0,PF,Helper,0.72,MISS Johnson 28' 3PT Jump Shot,,,,BKN,1610612751.0,
Shot Chart Detail,22100726,336,0,Opponent,1610612761,Toronto Raptors,2,2,12,Missed Shot,Floating Jump shot,,Restricted Area,Center(C),Less Than 8 ft.,3,-12,31,1,0,20220228,BKN,TOR,22100726336,|1627783|1629018|1630173|1630201|1630567,0,REG,,,2022,1630173,-26.0,C,Mobile Big,0.24,MISS Brown 3' Floating Jump Shot,,,,BKN,1610612751.0,
Shot Chart Detail,22100726,341,0,Opponent,1610612761,Toronto Raptors,2,1,38,Missed Shot,Pullup Jump shot,,Mid-Range,Right Side(R),8-16 ft.,15,152,22,1,0,20220228,BKN,TOR,22100726341,|1627783|1629018|1630173|1630201|1630567,0,REG,,,2022,1630201,-26.0,PG,Point of Attack,-0.52,MISS Curry 15' Pullup Jump Shot,,,,BKN,1610612751.0,
Shot Chart Detail,22100726,343,0,Opponent,1610612761,Toronto Raptors,2,1,29,Missed Shot,Jump Shot,,Above the Break 3,Left Side Center(LC),24+ ft.,25,-211,149,1,0,20220228,BKN,TOR,22100726343,|1627783|1629018|1630173|1630201|1630567,0,REG,,,2022,1629018,-26.0,SG,Chaser,0.19,MISS Mills 26' 3PT Jump Shot,,,,BKN,1610612751.0,
Shot Chart Detail,22100726,348,0,Opponent,1610612761,Toronto Raptors,2,1,1,Missed Shot,Driving Floating Bank Jump Shot,,Restricted Area,Center(C),Less Than 8 ft.,3,-34,20,1,0,20220228,BKN,TOR,22100726348,|1627783|1629018|1630173|1630201|1630567,0,REG,,,2022,1629018,-28.0,SG,Chaser,0.19,MISS Mills 4' Driving Floating Bank Jump Shot,,,,BKN,1610612751.0,
Shot Chart Detail,22100726,350,0,Opponent,1610612761,Toronto Raptors,2,0,58,Missed Shot,Putback Layup Shot,,Restricted Area,Center(C),Less Than 8 ft.,1,-11,11,1,0,20220228,BKN,TOR,22100726350,|1627783|1629018|1630173|1630201|1630567,0,REG,,,2022,1629018|1630173|1630567,-28.0,,,,,,,,BKN,1610612751.0,
Shot Chart Detail,22100726,352,0,Opponent,1610612761,Toronto Raptors,2,0,57,Made Shot,Putback Layup Shot,,Restricted Area,Center(C),Less Than 8 ft.,0,0,0,1,1,20220228,BKN,TOR,22100726352,|1627783|1629018|1630173|1630201|1630567,0,REG,,,2022,1629018|1630173,-26.0,,,,,,,,BKN,1610612751.0,
Shot Chart Detail,22100726,354,0,Opponent,1610612761,Toronto Raptors,2,0,30,Made Shot,Driving Floating Jump Shot,,In The Paint (Non-RA),Center(C),Less Than 8 ft.,6,58,18,1,1,20220228,BKN,TOR,22100726354,|1627783|1629018|1630173|1630201|1630567,1,REG,,,2022,1630567,-24.0,PF,Helper,0.63,Curry 6' Driving Floating Jump Shot (4 PTS) (Mills 1 AST),,,,BKN,1610612751.0,201988.0
Shot Chart Detail,22100726,358,0,Opponent,1610612761,Toronto Raptors,2,0,2,Made Shot,Jump Shot,,Above the Break 3,Center(C),24+ ft.,27,-72,262,1,1,20220228,BKN,TOR,22100726358,|1627783|1629018|1630173|1630201|1630567,1,REG,,,2022,1630173,-23.0,C,Mobile Big,0.24,Curry 27' 3PT Jump Shot (7 PTS) (Aldridge 1 AST),,,,BKN,1610612751.0,200746.0
Shot Chart Detail,22100726,379,0,Opponent,1610612761,Toronto Raptors,3,11,6,Made Shot,Jump Shot,,Above the Break 3,Center(C),24+ ft.,25,-66,250,1,1,20220228,BKN,TOR,22100726379,|1627783|1629018|1630201|1630567|203920,1,REG,,,2022,1629018,-22.0,SG,Chaser,0.19,Curry 26' 3PT Jump Shot (10 PTS) (Mills 2 AST),,,,BKN,1610612751.0,201988.0
Shot Chart Detail,22100726,387,0,Opponent,1610612761,Toronto Raptors,3,10,21,Made Shot,Jump Shot,,Right Corner 3,Right Side(R),24+ ft.,23,233,20,1,1,20220228,BKN,TOR,22100726387,|1627783|1629018|1630201|1630567|203920,1,REG,,,2022,1630567,-22.0,PF,Helper,0.63,Brown 3PT Jump Shot (12 PTS) (Drummond 2 AST),,,,BKN,1610612751.0,203083.0
Shot Chart Detail,22100726,395,0,Opponent,1610612761,Toronto Raptors,3,9,34,Missed Shot,Pullup Jump shot,,Above the Break 3,Center(C),24+ ft.,24,51,243,1,0,20220228,BKN,TOR,22100726395,|1627783|1629018|1630201|1630567|203920,0,REG,,,2022,203920,-24.0,C,Mobile Big,0.63,MISS Mills 25' 3PT Pullup Jump Shot,,,,BKN,1610612751.0,
Shot Chart Detail,22100726,401,0,Opponent,1610612761,Toronto Raptors,3,8,42,Missed Shot,Jump Shot,,Above the Break 3,Center(C),24+ ft.,26,2,266,1,0,20220228,BKN,TOR,22100726401,|1627783|1629018|1630201|1630567|203920,0,REG,,,2022,1630567,-24.0,PF,Helper,0.63,MISS Brown 27' 3PT Jump Shot,,,,BKN,1610612751.0,
Shot Chart Detail,22100726,403,0,Opponent,1610612761,Toronto Raptors,3,8,32,Made Shot,Alley Oop Dunk Shot,,Restricted Area,Center(C),Less Than 8 ft.,0,0,-1,1,1,20220228,BKN,TOR,22100726403,|1627783|1629018|1630201|1630567|203920,1,REG,,,2022,203920,-22.0,C,Mobile Big,0.63,Drummond Alley Oop Dunk (3 PTS) (Mills 3 AST),,,,BKN,1610612751.0,201988.0
Shot Chart Detail,22100726,407,0,Opponent,1610612761,Toronto Raptors,3,7,56,Made Shot,Driving Layup Shot,,Restricted Area,Center(C),Less Than 8 ft.,0,6,0,1,1,20220228,BKN,TOR,22100726407,|1627783|1629018|1630201|1630567|203920,0,REG,,,2022,203920|1630567,-20.0,,,,,,,,BKN,1610612751.0,
Shot Chart Detail,22100726,410,0,Opponent,1610612761,Toronto Raptors,3,7,26,Missed Shot,Jump Shot,,Above the Break 3,Right Side Center(RC),24+ ft.,26,168,200,1,0,20220228,BKN,TOR,22100726410,|1627783|1629018|1630201|1630567|203920,0,REG,,,2022,1629018,-23.0,SG,Chaser,0.19,MISS Mills 26' 3PT Jump Shot,,,,BKN,1610612751.0,
Shot Chart Detail,22100726,430,0,Opponent,1610612761,Toronto Raptors,3,6,21,Made Shot,Driving Floating Jump Shot,,In The Paint (Non-RA),Center(C),8-16 ft.,11,7,113,1,1,20220228,BKN,TOR,22100726430,|1627783|1629018|1630201|1630567|203920,1,REG,,,2022,1627783,-23.0,PF,Helper,0.72,Brown 11' Driving Floating Jump Shot (14 PTS) (Curry 3 AST),,,,BKN,1610612751.0,203552.0
Shot Chart Detail,22100726,437,0,Opponent,1610612761,Toronto Raptors,3,6,6,Missed Shot,Pullup Jump shot,,Mid-Range,Right Side(R),16-24 ft.,17,175,26,1,0,20220228,BKN,TOR,22100726437,|1627783|1629018|1630173|1630201|1630567,0,REG,,,2022,1630201|1630173,-23.0,,,,,,,,BKN,1610612751.0,
Shot Chart Detail,22100726,439,0,Opponent,1610612761,Toronto Raptors,3,5,51,Missed Shot,Driving Floating Jump Shot,,In The Paint (Non-RA),Center(C),Less Than 8 ft.,7,-75,11,1,0,20220228,BKN,TOR,22100726439,|1627783|1629018|1630173|1630201|1630567,0,REG,,,2022,1629018,-23.0,SG,Chaser,0.19,MISS Brown 8' Driving Floating Jump Shot,,,,BKN,1610612751.0,
Shot Chart Detail,22100726,488,0,Opponent,1610612761,Toronto Raptors,3,3,52,Missed Shot,Floating Jump shot,,Mid-Range,Left Side(L),8-16 ft.,14,-146,17,1,0,20220228,BKN,TOR,22100726488,|1628449|1629018|1630173|1630201|1630567,0,REG,,,2022,1628449,-28.0,SF,Helper,0.4,MISS Edwards 15' Floating Jump Shot,,,,BKN,1610612751.0,
Shot Chart Detail,22100726,492,0,Opponent,1610612761,Toronto Raptors,3,3,26,Missed Shot,Driving Floating Jump Shot,,In The Paint (Non-RA),Center(C),Less Than 8 ft.,5,7,53,1,0,20220228,BKN,TOR,22100726492,|1628449|1629018|1630173|1630201|1630567,0,REG,,,2022,1628449,-28.0,SF,Helper,0.4,MISS Thomas 5' Driving Floating Jump Shot,,,,BKN,1610612751.0,
Shot Chart Detail,22100726,506,0,Opponent,1610612761,Toronto Raptors,3,2,50,Made Shot,Jump Shot,,Mid-Range,Right Side Center(RC),16-24 ft.,19,94,172,1,1,20220228,BKN,TOR,22100726506,|1628449|1629018|1630173|1630201|1630567,1,REG,,,2022,1630173,-24.0,C,Mobile Big,0.24,Aldridge 20' Jump Shot (13 PTS) (Dragic 3 AST),,,,BKN,1610612751.0,201609.0
Shot Chart Detail,22100726,510,0,Opponent,1610612761,Toronto Raptors,3,2,18,Missed Shot,Jump Shot,,Above the Break 3,Right Side Center(RC),24+ ft.,26,136,222,1,0,20220228,BKN,TOR,22100726510,|1628449|1629018|1630173|1630201|1630567,0,REG,,,2022,1629018,-27.0,SG,Chaser,0.19,MISS Aldridge 26' 3PT Jump Shot,,,,BKN,1610612751.0,
Shot Chart Detail,22100726,521,0,Opponent,1610612761,Toronto Raptors,3,1,44,Missed Shot,Jump Shot,,Above the Break 3,Right Side Center(RC),24+ ft.,24,148,200,1,0,20220228,BKN,TOR,22100726521,|1628449|1629018|1630173|1630201|1630567,0,REG,,,2022,1630201,-30.0,PG,Point of Attack,-0.52,MISS Dragic 25' 3PT Jump Shot,,,,BKN,1610612751.0,
Shot Chart Detail,22100726,525,0,Opponent,1610612761,Toronto Raptors,3,1,16,Missed Shot,Jump Shot,,Above the Break 3,Left Side Center(LC),24+ ft.,27,-206,176,1,0,20220228,BKN,TOR,22100726525,|1628449|1629018|1630173|1630201|1630567,0,REG,,,2022,1630173,-30.0,C,Mobile Big,0.24,MISS Duke Jr. 27' 3PT Jump Shot,,,,BKN,1610612751.0,
Shot Chart Detail,22100726,536,0,Opponent,1610612761,Toronto Raptors,3,0,47,Missed Shot,Turnaround Hook Shot,,In The Paint (Non-RA),Center(C),8-16 ft.,8,1,82,1,0,20220228,BKN,TOR,22100726536,|1629018|1630173|1630567|1630625|201152,0,REG,,,2022,1630173|1630567,-28.0,,,,,,,,BKN,1610612751.0,
Shot Chart Detail,22100726,540,0,Opponent,1610612761,Toronto Raptors,3,0,24,Missed Shot,Jump Shot,,Left Corner 3,Left Side(L),24+ ft.,23,-228,36,1,0,20220228,BKN,TOR,22100726540,|1629018|1630173|1630567|1630625|201152,0,REG,,,2022,1629018,-31.0,SG,Chaser,0.19,MISS Thomas 3PT Jump Shot,,,,BKN,1610612751.0,
Shot Chart Detail,22100726,552,0,Opponent,1610612761,Toronto Raptors,4,11,40,Made Shot,Driving Layup Shot,,Restricted Area,Center(C),Less Than 8 ft.,2,20,0,1,1,20220228,BKN,TOR,22100726552,|1630173|1630201|1630567|1630625|201152,0,REG,,,2022,201152,-29.0,PF,Helper,0.84,Sharpe 2' Driving Layup (2 PTS),,,,BKN,1610612751.0,
Shot Chart Detail,22100726,557,0,Opponent,1610612761,Toronto Raptors,4,11,4,Missed Shot,Fadeaway Jump Shot,,Mid-Range,Left Side(L),8-16 ft.,12,-116,37,1,0,20220228,BKN,TOR,22100726557,|1630173|1630201|1630567|1630625|201152,0,REG,,,2022,1630173,-29.0,C,Mobile Big,0.24,MISS Dragic 12' Fadeaway Jumper,,,,BKN,1610612751.0,
Shot Chart Detail,22100726,565,0,Opponent,1610612761,Toronto Raptors,4,10,46,Missed Shot,Turnaround Jump Shot,,Restricted Area,Center(C),Less Than 8 ft.,3,-13,31,1,0,20220228,BKN,TOR,22100726565,|1630173|1630201|1630567|1630625|201152,0,REG,,,2022,1630173,-31.0,C,Mobile Big,0.24,MISS Claxton 3' Turnaround Jump Shot,,,,BKN,1610612751.0,
Shot Chart Detail,22100726,569,0,Opponent,1610612761,Toronto Raptors,4,10,38,Missed Shot,Jump Shot,,Right Corner 3,Right Side(R),24+ ft.,22,221,52,1,0,20220228,BKN,TOR,22100726569,|1630173|1630201|1630567|1630625|201152,0,REG,,,2022,201152,-31.0,PF,Helper,0.84,MISS Edwards 3PT Jump Shot,,,,BKN,1610612751.0,
Shot Chart Detail,22100726,573,0,Opponent,1610612761,Toronto Raptors,4,10,13,Missed Shot,Driving Floating Jump Shot,,Mid-Range,Right Side(R),8-16 ft.,14,103,96,1,0,20220228,BKN,TOR,22100726573,|1630173|1630201|1630567|1630625|201152,0,REG,,,2022,1630625,-34.0,PG,Chaser,0.27,MISS Duke Jr. 14' Driving Floating Jump Shot,,,,BKN,1610612751.0,
Shot Chart Detail,22100726,589,0,Opponent,1610612761,Toronto Raptors,4,9,34,Made Shot,Jump Shot,,Right Corner 3,Right Side(R),24+ ft.,23,233,4,1,1,20220228,BKN,TOR,22100726589,|1629004|1629139|1630551|1630625|201152,1,REG,,,2022,201152,-35.0,PF,Helper,0.84,Sharpe 3PT Jump Shot (5 PTS) (Dragic 4 AST),,,,BKN,1610612751.0,201609.0
Shot Chart Detail,22100726,593,0,Opponent,1610612761,Toronto Raptors,4,9,3,Made Shot,Floating Jump shot,,In The Paint (Non-RA),Center(C),Less Than 8 ft.,4,-5,48,1,1,20220228,BKN,TOR,22100726593,|1629004|1629139|1630551|1630625|201152,1,REG,,,2022,1630625,-33.0,PG,Chaser,0.27,Edwards 5' Floating Jump Shot (2 PTS) (Dragic 5 AST),,,,BKN,1610612751.0,201609.0
Shot Chart Detail,22100726,603,0,Opponent,1610612761,Toronto Raptors,4,8,45,Missed Shot,Driving Layup Shot,,Restricted Area,Center(C),Less Than 8 ft.,2,-23,13,1,0,20220228,BKN,TOR,22100726603,|1629004|1629139|1630551|1630625|201152,0,REG,,,2022,1629139,-33.0,SF,Helper,0.1,MISS Duke Jr. 3' Driving Layup,,,,BKN,1610612751.0,
Shot Chart Detail,22100726,612,0,Opponent,1610612761,Toronto Raptors,4,8,7,Missed Shot,Pullup Jump shot,,In The Paint (Non-RA),Center(C),Less Than 8 ft.,6,-25,58,1,0,20220228,BKN,TOR,22100726612,|1629004|1629139|1630551|1630625|201152,0,REG,,,2022,1629139,-36.0,SF,Helper,0.1,MISS Duke Jr. 6' Pullup Jump Shot,,,,BKN,1610612751.0,
Shot Chart Detail,22100726,616,0,Opponent,1610612761,Toronto Raptors,4,7,43,Made Shot,Pullup Jump shot,,Mid-Range,Center(C),16-24 ft.,17,-44,166,1,1,20220228,BKN,TOR,22100726616,|1629004|1629139|1630551|1630625|201152,0,REG,,,2022,1630625,-36.0,PG,Chaser,0.27,Thomas 17' Pullup Jump Shot (8 PTS),,,,BKN,1610612751.0,
Shot Chart Detail,22100726,619,0,Opponent,1610612761,Toronto Raptors,4,7,13,Made Shot,Jump Shot,,Left Corner 3,Left Side(L),24+ ft.,22,-225,-17,1,1,20220228,BKN,TOR,22100726619,|1629004|1629139|1630551|1630625|201152,1,REG,,,2022,,,,,,,,,,BKN,1610612751.0,1630560.0
Shot Chart Detail,22100726,640,0,Opponent,1610612761,Toronto Raptors,4,5,48,Made Shot,Running Layup Shot,,Restricted Area,Center(C),Less Than 8 ft.,2,26,3,1,1,20220228,BKN,TOR,22100726640,|1628391|1629004|1629139|1630551|1630625,1,REG,,,2022,1628391,-32.0,PF,Anchor Big,-0.28,Sharpe 3' Running Layup (7 PTS) (Duke Jr. 1 AST),,,,BKN,1610612751.0,1630561.0
Shot Chart Detail,22100726,644,0,Opponent,1610612761,Toronto Raptors,4,5,32,Missed Shot,Pullup Jump shot,,Mid-Range,Right Side(R),16-24 ft.,20,191,63,1,0,20220228,BKN,TOR,22100726644,|1628391|1629004|1629139|1630551|1630625,0,REG,,,2022,1630625,-32.0,PG,Chaser,0.27,MISS Thomas 20' Pullup Jump Shot,,,,BKN,1610612751.0,
Shot Chart Detail,22100726,648,0,Opponent,1610612761,Toronto Raptors,4,5,6,Missed Shot,Pullup Jump shot,,Mid-Range,Left Side(L),8-16 ft.,15,-103,119,1,0,20220228,BKN,TOR,22100726648,|1628391|1629004|1629139|1630551|1630625,0,REG,,,2022,1630551,-35.0,SF,Helper,-0.61,MISS Thomas 16' Pullup Jump Shot,,,,BKN,1610612751.0,
Shot Chart Detail,22100726,652,0,Opponent,1610612761,Toronto Raptors,4,4,36,Missed Shot,Jump Shot,,Above the Break 3,Center(C),24+ ft.,28,-83,273,1,0,20220228,BKN,TOR,22100726652,|1628391|1629004|1629139|1630551|1630625,0,REG,,,2022,1629004,-38.0,SF,Chaser,-0.31,MISS Edwards 29' 3PT Jump Shot,,,,BKN,1610612751.0,
Shot Chart Detail,22100726,656,0,Opponent,1610612761,Toronto Raptors,4,4,31,Made Shot,Cutting Dunk Shot,,Restricted Area,Center(C),Less Than 8 ft.,0,1,3,1,1,20220228,BKN,TOR,22100726656,|1628391|1629004|1629139|1630551|1630625,1,REG,,,2022,1630625,-36.0,PG,Chaser,0.27,Duke Jr. Cutting Dunk Shot (2 PTS) (Claxton 1 AST),,,,BKN,1610612751.0,1629651.0
Shot Chart Detail,22100726,660,0,Opponent,1610612761,Toronto Raptors,4,4,5,Missed Shot,Driving Layup Shot,,Restricted Area,Center(C),Less Than 8 ft.,3,-33,11,1,0,20220228,BKN,TOR,22100726660,|1628391|1629004|1629139|1630551|1630625,0,REG,,,2022,1629139,-36.0,SF,Helper,0.1,MISS Thomas 3' Driving Layup,,,,BKN,1610612751.0,
Shot Chart Detail,22100726,665,0,Opponent,1610612761,Toronto Raptors,4,3,51,Made Shot,Pullup Jump shot,,Mid-Range,Right Side Center(RC),16-24 ft.,18,97,163,1,1,20220228,BKN,TOR,22100726665,|1628391|1629004|1629139|1630551|1630625,0,REG,,,2022,1630625,-36.0,PG,Chaser,0.27,Duke Jr. 19' Pullup Jump Shot (4 PTS),,,,BKN,1610612751.0,
Shot Chart Detail,22100726,669,0,Opponent,1610612761,Toronto Raptors,4,3,15,Missed Shot,Jump Shot,,Above the Break 3,Center(C),24+ ft.,26,-25,267,1,0,20220228,BKN,TOR,22100726669,|1628391|1629004|1629139|1630551|1630625,0,REG,,,2022,1630625,-39.0,PG,Chaser,0.27,MISS Duke Jr. 27' 3PT Jump Shot,,,,BKN,1610612751.0,
Shot Chart Detail,22100726,671,0,Opponent,1610612761,Toronto Raptors,4,3,11,Missed Shot,Turnaround Hook Shot,,In The Paint (Non-RA),Center(C),Less Than 8 ft.,6,-15,62,1,0,20220228,BKN,TOR,22100726671,|1628391|1629004|1629139|1630551|1630625,0,REG,,,2022,1628391|1629139,-39.0,,,,,,,,BKN,1610612751.0,
Shot Chart Detail,22100726,675,0,Opponent,1610612761,Toronto Raptors,4,2,56,Made Shot,Running Layup Shot,,Restricted Area,Center(C),Less Than 8 ft.,3,-34,9,1,1,20220228,BKN,TOR,22100726675,|1628391|1629004|1629139|1630551|1630625,0,REG,,,2022,1628391,-37.0,PF,Anchor Big,-0.28,Claxton 4' Running Layup (2 PTS),,,,BKN,1610612751.0,
Shot Chart Detail,22100726,678,0,Opponent,1610612761,Toronto Raptors,4,2,23,Missed Shot,Driving Layup Shot,,Restricted Area,Center(C),Less Than 8 ft.,3,23,22,1,0,20220228,BKN,TOR,22100726678,|1628391|1629004|1629139|1630551|1630625,0,REG,,,2022,1628391,-39.0,PF,Anchor Big,-0.28,MISS Duke Jr. 3' Driving Layup,,,,BKN,1610612751.0,
Shot Chart Detail,22100726,680,0,Opponent,1610612761,Toronto Raptors,4,2,21,Made Shot,Putback Layup Shot,,Restricted Area,Center(C),Less Than 8 ft.,1,16,9,1,1,20220228,BKN,TOR,22100726680,|1628391|1629004|1629139|1630551|1630625,0,REG,,,2022,1629004,-37.0,SF,Chaser,-0.31,Sharpe 2' Putback Layup (9 PTS),,,,BKN,1610612751.0,
Shot Chart Detail,22100726,684,0,Opponent,1610612761,Toronto Raptors,4,2,8,Made Shot,Running Pull-Up Jump Shot,,Above the Break 3,Left Side Center(LC),24+ ft.,25,-206,148,1,1,20220228,BKN,TOR,22100726684,|1628391|1629004|1629139|1630551|1630625,1,REG,,,2022,1628391,-34.0,PF,Anchor Big,-0.28,Thomas 25' 3PT Running Pull-Up Jump Shot (14 PTS) (Sharpe 1 AST),,,,BKN,1610612751.0,1630549.0
Shot Chart Detail,22100726,688,0,Opponent,1610612761,Toronto Raptors,4,1,30,Missed Shot,Jump Shot,,Above the Break 3,Left Side Center(LC),24+ ft.,26,-157,215,1,0,20220228,BKN,TOR,22100726688,|1628391|1629004|1629139|1630551|1630625,0,REG,,,2022,1628391,-36.0,PF,Anchor Big,-0.28,MISS Thomas 27' 3PT Jump Shot,,,,BKN,1610612751.0,
Shot Chart Detail,22100726,705,0,Opponent,1610612761,Toronto Raptors,4,0,16,Missed Shot,Jump Shot,,Above the Break 3,Center(C),24+ ft.,27,67,266,1,0,20220228,BKN,TOR,22100726705,|1628391|1629004|1629139|1630551|1630625,0,REG,,,2022,1628391,-36.0,PF,Anchor Big,-0.28,MISS Sharpe 27' 3PT Jump Shot,,,,BKN,1610612751.0,
Shot Chart Detail,22100928,7,0,Opponent,1610612761,Toronto Raptors,1,11,33,Made Shot,Jump Shot,,Above the Break 3,Left Side Center(LC),24+ ft.,26,-135,230,1,1,20220301,TOR,BKN,221009287,|1627783|1629018|1630201|1630567|203920,1,REG,,,2022,1627783,3.0,PF,Helper,0.72,Johnson 27' 3PT Jump Shot (3 PTS) (Curry 1 AST),,,,BKN,1610612751.0,203552.0
Shot Chart Detail,22100928,18,0,Opponent,1610612761,Toronto Raptors,1,10,31,Missed Shot,Turnaround Fadeaway shot,,Mid-Range,Left Side(L),8-16 ft.,12,-126,29,1,0,20220301,TOR,BKN,2210092818,|1627783|1629018|1630201|1630567|203920,0,REG,,,2022,1627783,0.0,PF,Helper,0.72,MISS Aldridge 13' Turnaround Fadeaway Shot,,,,BKN,1610612751.0,
Shot Chart Detail,22100928,22,0,Opponent,1610612761,Toronto Raptors,1,10,12,Made Shot,Running Pull-Up Jump Shot,,Mid-Range,Right Side(R),16-24 ft.,17,172,-6,1,1,20220301,TOR,BKN,2210092822,|1627783|1629018|1630201|1630567|203920,0,REG,,,2022,1630201,2.0,PG,Point of Attack,-0.52,Curry 17' Running Pull-Up Jump Shot (2 PTS),,,,BKN,1610612751.0,
Shot Chart Detail,22100928,24,0,Opponent,1610612761,Toronto Raptors,1,9,50,Made Shot,Turnaround Hook Shot,,In The Paint (Non-RA),Right Side(R),8-16 ft.,8,49,69,1,1,20220301,TOR,BKN,2210092824,|1627783|1629018|1630201|1630567|203920,1,REG,,,2022,1630567,2.0,PF,Helper,0.63,Aldridge 8' Turnaround Hook Shot (2 PTS) (Brown 1 AST),,,,BKN,1610612751.0,1628971.0
Shot Chart Detail,22100928,28,0,Opponent,1610612761,Toronto Raptors,1,9,20,Missed Shot,Driving Floating Jump Shot,,Mid-Range,Left Side(L),8-16 ft.,15,-94,122,1,0,20220301,TOR,BKN,2210092828,|1627783|1629018|1630201|1630567|203920,0,REG,,,2022,1630201,0.0,PG,Point of Attack,-0.52,MISS Curry 15' Driving Floating Jump Shot,,,,BKN,1610612751.0,
Shot Chart Detail,22100928,35,0,Opponent,1610612761,Toronto Raptors,1,8,43,Made Shot,Jump Shot,,Above the Break 3,Left Side Center(LC),24+ ft.,25,-224,116,1,1,20220301,TOR,BKN,2210092835,|1627783|1629018|1630201|1630567|203920,1,REG,,,2022,1630567,1.0,PF,Helper,0.63,Mills 25' 3PT Jump Shot (3 PTS) (Johnson 1 AST),,,,BKN,1610612751.0,201949.0
Shot Chart Detail,22100928,39,0,Opponent,1610612761,Toronto Raptors,1,8,17,Missed Shot,Jump Shot,,Above the Break 3,Right Side Center(RC),24+ ft.,24,151,199,1,0,20220301,TOR,BKN,2210092839,|1627783|1629018|1630201|1630567|203920,0,REG,,,2022,1627783,-1.0,PF,Helper,0.72,MISS Brown 25' 3PT Jump Shot,,,,BKN,1610612751.0,
Shot Chart Detail,22100928,42,0,Opponent,1610612761,Toronto Raptors,1,7,57,Made Shot,Jump Shot,,Above the Break 3,Right Side Center(RC),24+ ft.,25,154,206,1,1,20220301,TOR,BKN,2210092842,|1627783|1629018|1630201|1630567|203920,1,REG,,,2022,203920,0.0,C,Mobile Big,0.63,Aldridge 26' 3PT Jump Shot (5 PTS) (Johnson 2 AST),,,,BKN,1610612751.0,201949.0
Shot Chart Detail,22100928,46,0,Opponent,1610612761,Toronto Raptors,1,7,30,Made Shot,Running Reverse Layup Shot,,Restricted Area,Center(C),Less Than 8 ft.,1,6,13,1,1,20220301,TOR,BKN,2210092846,|1627783|1629018|1630201|1630567|203920,0,REG,,,2022,1627783|1630567,2.0,,,,,,,,BKN,1610612751.0,
Shot Chart Detail,22100928,62,0,Opponent,1610612761,Toronto Raptors,1,5,58,Made Shot,Driving Reverse Layup Shot,,Restricted Area,Center(C),Less Than 8 ft.,2,7,22,1,1,20220301,TOR,BKN,2210092862,|1627783|1629018|1630201|1630567|203920,1,REG,,,2022,1630567,1.0,PF,Helper,0.63,Johnson 2' Driving Reverse Layup (6 PTS) (Aldridge 1 AST),,,,BKN,1610612751.0,200746.0
Shot Chart Detail,22100928,66,0,Opponent,1610612761,Toronto Raptors,1,5,29,Missed Shot,Jump Shot,,Above the Break 3,Center(C),24+ ft.,25,-55,251,1,0,20220301,TOR,BKN,2210092866,|1627783|1629018|1630201|1630567|203920,0,REG,,,2022,1630567,-1.0,PF,Helper,0.63,MISS Aldridge 26' 3PT Jump Shot,,,,BKN,1610612751.0,
Shot Chart Detail,22100928,76,0,Opponent,1610612761,Toronto Raptors,1,5,4,Missed Shot,Fadeaway Jump Shot,,Mid-Range,Left Side(L),8-16 ft.,11,-98,61,1,0,20220301,TOR,BKN,2210092876,|1627783|1628449|1629018|1630173|1630201,0,REG,,,2022,1627783,-4.0,PF,Helper,0.72,MISS Thomas 12' Fadeaway Jumper,,,,BKN,1610612751.0,
Shot Chart Detail,22100928,88,0,Opponent,1610612761,Toronto Raptors,1,4,36,Missed Shot,Pullup Jump shot,,Mid-Range,Right Side(R),8-16 ft.,14,110,89,1,0,20220301,TOR,BKN,2210092888,|1627783|1628449|1629018|1630173|1630201,0,REG,,,2022,1627783,-7.0,PF,Helper,0.72,MISS Thomas 14' Pullup Jump Shot,,,,BKN,1610612751.0,
Shot Chart Detail,22100928,90,0,Opponent,1610612761,Toronto Raptors,1,4,30,Missed Shot,Jump Shot,,Above the Break 3,Center(C),24+ ft.,26,12,262,1,0,20220301,TOR,BKN,2210092890,|1627783|1628449|1629018|1630173|1630201,0,REG,,,2022,,,,,,,,,,BKN,1610612751.0,
Shot Chart Detail,22100928,93,0,Opponent,1610612761,Toronto Raptors,1,4,2,Missed Shot,Jump Shot,,Left Corner 3,Left Side(L),24+ ft.,23,-230,30,1,0,20220301,TOR,BKN,2210092893,|1627783|1628449|1629018|1630173|1630201,0,REG,,,2022,1630173,-9.0,C,Mobile Big,0.24,MISS Edwards 3PT Jump Shot,,,,BKN,1610612751.0,
Shot Chart Detail,22100928,98,0,Opponent,1610612761,Toronto Raptors,1,3,46,Made Shot,Jump Shot,,Above the Break 3,Center(C),24+ ft.,25,-33,257,1,1,20220301,TOR,BKN,2210092898,|1627783|1628449|1629018|1630173|1630201,1,REG,,,2022,1627783,-6.0,PF,Helper,0.72,Griffin 26' 3PT Jump Shot (3 PTS) (Thomas 1 AST),,,,BKN,1610612751.0,1630560.0
Shot Chart Detail,22100928,108,0,Opponent,1610612761,Toronto Raptors,1,2,55,Missed Shot,Turnaround Jump Shot,,Mid-Range,Left Side(L),8-16 ft.,13,-126,47,1,0,20220301,TOR,BKN,22100928108,|1627783|1628449|1629018|1630173|1630201,0,REG,,,2022,1628449,-6.0,SF,Helper,0.4,MISS Griffin 13' Turnaround Jump Shot,,,,BKN,1610612751.0,
Shot Chart Detail,22100928,110,0,Opponent,1610612761,Toronto Raptors,1,2,50,Missed Shot,Jump Shot,,Above the Break 3,Right Side Center(RC),24+ ft.,25,165,193,1,0,20220301,TOR,BKN,22100928110,|1627783|1628449|1629018|1630173|1630201,0,REG,,,2022,1629018,-6.0,SG,Chaser,0.19,MISS Curry 25' 3PT Jump Shot,,,,BKN,1610612751.0,
Shot Chart Detail,22100928,139,0,Opponent,1610612761,Toronto Raptors,1,1,19,Missed Shot,Pullup Jump shot,,Mid-Range,Left Side Center(LC),16-24 ft.,19,-87,176,1,0,20220301,TOR,BKN,22100928139,|1628449|1629018|1630173|1630567|1630625,0,REG,,,2022,1630567,-11.0,PF,Helper,0.63,MISS Dragic 20' Pullup Jump Shot,,,,BKN,1610612751.0,
Shot Chart Detail,22100928,142,0,Opponent,1610612761,Toronto Raptors,1,0,43,Made Shot,Driving Finger Roll Layup Shot,,In The Paint (Non-RA),Center(C),Less Than 8 ft.,6,47,46,1,1,20220301,TOR,BKN,22100928142,|1628449|1629018|1630173|1630567|1630625,1,REG,,,2022,1629018,-9.0,SG,Chaser,0.19,Thomas 7' Driving Finger Roll Layup (2 PTS) (Griffin 1 AST),,,,BKN,1610612751.0,201933.0
Shot Chart Detail,22100928,167,0,Opponent,1610612761,Toronto Raptors,2,11,31,Made Shot,Turnaround Hook Shot,,In The Paint (Non-RA),Center(C),Less Than 8 ft.,6,-15,59,1,1,20220301,TOR,BKN,22100928167,|1627783|1630173|1630201|1630567|201152,0,REG,,,2022,1630173,-5.0,C,Mobile Big,0.24,Claxton 6' Turnaround Hook Shot (2 PTS),,,,BKN,1610612751.0,
Shot Chart Detail,22100928,170,0,Opponent,1610612761,Toronto Raptors,2,10,45,Made Shot,Dunk Shot,,Restricted Area,Center(C),Less Than 8 ft.,1,10,6,1,1,20220301,TOR,BKN,22100928170,|1627783|1630173|1630201|1630567|201152,1,REG,,,2022,201152,-3.0,PF,Helper,0.84,Claxton 1' Dunk (4 PTS) (Curry 2 AST),,,,BKN,1610612751.0,203552.0
Shot Chart Detail,22100928,173,0,Opponent,1610612761,Toronto Raptors,2,10,1,Missed Shot,Jump Shot,,Above the Break 3,Center(C),24+ ft.,26,-44,262,1,0,20220301,TOR,BKN,22100928173,|1627783|1630173|1630201|1630567|201152,0,REG,,,2022,1630567,-5.0,PF,Helper,0.63,MISS Dragic 27' 3PT Jump Shot,,,,BKN,1610612751.0,
Shot Chart Detail,22100928,177,0,Opponent,1610612761,Toronto Raptors,2,9,33,Made Shot,Driving Reverse Layup Shot,,Restricted Area,Center(C),Less Than 8 ft.,2,-20,17,1,1,20220301,TOR,BKN,22100928177,|1627783|1630173|1630201|1630567|201152,0,REG,,,2022,1630173,-5.0,C,Mobile Big,0.24,Dragic 3' Driving Reverse Layup (2 PTS),,,,BKN,1610612751.0,
Shot Chart Detail,22100928,191,0,Opponent,1610612761,Toronto Raptors,2,8,42,Made Shot,Driving Layup Shot,,In The Paint (Non-RA),Center(C),Less Than 8 ft.,5,49,15,1,1,20220301,TOR,BKN,22100928191,|1627783|1630201|1630567|201152|203920,1,REG,,,2022,203920,-4.0,C,Mobile Big,0.63,Brown 5' Driving Layup (4 PTS) (Curry 3 AST),,,,BKN,1610612751.0,203552.0
Shot Chart Detail,22100928,206,0,Opponent,1610612761,Toronto Raptors,2,7,35,Made Shot,Step Back Jump shot,,Mid-Range,Right Side(R),16-24 ft.,22,191,127,1,1,20220301,TOR,BKN,22100928206,|1627783|1630201|1630567|201152|203920,0,REG,,,2022,1630567,-1.0,PF,Helper,0.63,Curry 23' Step Back Jump Shot (4 PTS),,,,BKN,1610612751.0,
Shot Chart Detail,22100928,211,0,Opponent,1610612761,Toronto Raptors,2,7,9,Made Shot,Driving Dunk Shot,,Restricted Area,Center(C),Less Than 8 ft.,0,9,4,1,1,20220301,TOR,BKN,22100928211,|1627783|1630201|1630567|201152|203920,1,REG,,,2022,201152,1.0,PF,Helper,0.84,Johnson 1' Driving Dunk (8 PTS) (Brown 2 AST),,,,BKN,1610612751.0,1628971.0
Shot Chart Detail,22100928,215,0,Opponent,1610612761,Toronto Raptors,2,6,41,Made Shot,Pullup Jump shot,,Above the Break 3,Left Side Center(LC),24+ ft.,27,-87,257,1,1,20220301,TOR,BKN,22100928215,|1627783|1630201|1630567|201152|203920,0,REG,,,2022,203920,2.0,C,Mobile Big,0.63,Curry 27' 3PT Pullup Jump Shot (7 PTS),,,,BKN,1610612751.0,
Shot Chart Detail,22100928,218,0,Opponent,1610612761,Toronto Raptors,2,6,6,Missed Shot,Step Back Jump shot,,Mid-Range,Left Side(L),8-16 ft.,15,-157,6,1,0,20220301,TOR,BKN,22100928218,|1627783|1630201|1630567|201152|203920,0,REG,,,2022,1627783,2.0,PF,Helper,0.72,MISS Mills 16' Step Back Jump Shot,,,,BKN,1610612751.0,
Shot Chart Detail,22100928,229,0,Opponent,1610612761,Toronto Raptors,2,5,33,Made Shot,Jump Shot,,Mid-Range,Center(C),16-24 ft.,20,-13,200,1,1,20220301,TOR,BKN,22100928229,|1628449|1629018|1630201|1630567|201152,1,REG,,,2022,201152,2.0,PF,Helper,0.84,Aldridge 20' Jump Shot (7 PTS) (Curry 4 AST),,,,BKN,1610612751.0,203552.0
Shot Chart Detail,22100928,245,0,Opponent,1610612761,Toronto Raptors,2,4,41,Missed Shot,Jump Shot,,Mid-Range,Left Side(L),16-24 ft.,22,-219,26,1,0,20220301,TOR,BKN,22100928245,|1627783|1628449|1629018|1630201|1630567,0,REG,,,2022,1630201,4.0,PG,Point of Attack,-0.52,MISS Curry 3PT Jump Shot,,,,BKN,1610612751.0,
Shot Chart Detail,22100928,254,0,Opponent,1610612761,Toronto Raptors,2,4,6,Made Shot,Driving Layup Shot,,Restricted Area,Center(C),Less Than 8 ft.,1,-11,9,1,1,20220301,TOR,BKN,22100928254,|1627783|1628449|1629018|1630201|1630567,0,REG,,,2022,1628449,4.0,SF,Helper,0.4,Brown 1' Driving Layup (7 PTS),,,,BKN,1610612751.0,
Shot Chart Detail,22100928,262,0,Opponent,1610612761,Toronto Raptors,2,3,0,Missed Shot,Turnaround Hook Shot,,In The Paint (Non-RA),Center(C),8-16 ft.,9,4,98,1,0,20220301,TOR,BKN,22100928262,|1627783|1628449|1629018|1630201|1630567,0,REG,,,2022,1628449,0.0,SF,Helper,0.4,MISS Brown 10' Turnaround Hook Shot,,,,BKN,1610612751.0,
Shot Chart Detail,22100928,277,0,Opponent,1610612761,Toronto Raptors,2,2,14,Missed Shot,Layup Shot,,Restricted Area,Center(C),Less Than 8 ft.,2,23,13,1,0,20220301,TOR,BKN,22100928277,|1627783|1628449|1629018|1630201|1630567,0,REG,,,2022,1629018|1627783,-1.0,,,,,,,,BKN,1610612751.0,
Shot Chart Detail,22100928,279,0,Opponent,1610612761,Toronto Raptors,2,2,10,Missed Shot,Putback Layup Shot,,Restricted Area,Center(C),Less Than 8 ft.,0,0,0,1,0,20220301,TOR,BKN,22100928279,|1627783|1628449|1629018|1630201|1630567,0,REG,,,2022,1628449|1629018|1627783,-1.0,,,,,,,,BKN,1610612751.0,
Shot Chart Detail,22100928,281,0,Opponent,1610612761,Toronto Raptors,2,2,7,Made Shot,Putback Layup Shot,,Restricted Area,Center(C),Less Than 8 ft.,0,0,0,1,1,20220301,TOR,BKN,22100928281,|1627783|1628449|1629018|1630201|1630567,0,REG,,,2022,1627783|1630567,1.0,,,,,,,,BKN,1610612751.0,
Shot Chart Detail,22100928,284,0,Opponent,1610612761,Toronto Raptors,2,1,29,Made Shot,Jump Shot,,Above the Break 3,Right Side Center(RC),24+ ft.,24,143,205,1,1,20220301,TOR,BKN,22100928284,|1627783|1628449|1629018|1630201|1630567,1,REG,,,2022,,,,,,,,,,BKN,1610612751.0,201609.0
Shot Chart Detail,22100928,288,0,Opponent,1610612761,Toronto Raptors,2,0,54,Made Shot,Driving Finger Roll Layup Shot,,Restricted Area,Center(C),Less Than 8 ft.,3,4,35,1,1,20220301,TOR,BKN,22100928288,|1627783|1628449|1629018|1630201|1630567,0,REG,,,2022,1629018,3.0,SG,Chaser,0.19,Dragic 4' Driving Finger Roll Layup (4 PTS),,,,BKN,1610612751.0,
Shot Chart Detail,22100928,291,0,Opponent,1610612761,Toronto Raptors,2,0,31,Made Shot,Step Back Jump shot,,Mid-Range,Left Side Center(LC),16-24 ft.,18,-113,141,1,1,20220301,TOR,BKN,22100928291,|1627783|1628449|1629018|1630201|1630567,0,REG,,,2022,1627783,3.0,PF,Helper,0.72,Dragic 18' Step Back Jump Shot (6 PTS),,,,BKN,1610612751.0,
Shot Chart Detail,22100928,320,0,Opponent,1610612761,Toronto Raptors,3,11,35,Made Shot,Driving Dunk Shot,,Restricted Area,Center(C),Less Than 8 ft.,0,0,6,1,1,20220301,TOR,BKN,22100928320,|1627783|1629018|1630201|1630567|203920,1,REG,,,2022,203920,3.0,C,Mobile Big,0.63,Johnson 1' Driving Dunk (13 PTS) (Curry 5 AST),,,,BKN,1610612751.0,203552.0
Shot Chart Detail,22100928,329,0,Opponent,1610612761,Toronto Raptors,3,11,5,Missed Shot,Pullup Jump shot,,Mid-Range,Left Side(L),8-16 ft.,15,-140,59,1,0,20220301,TOR,BKN,22100928329,|1627783|1629018|1630201|1630567|203920,0,REG,,,2022,203920,4.0,C,Mobile Big,0.63,MISS Curry 15' Pullup Jump Shot,,,,BKN,1610612751.0,
Shot Chart Detail,22100928,338,0,Opponent,1610612761,Toronto Raptors,3,10,15,Missed Shot,Driving Layup Shot,,Restricted Area,Center(C),Less Than 8 ft.,1,-15,4,1,0,20220301,TOR,BKN,22100928338,|1627783|1629018|1630201|1630567|203920,0,REG,,,2022,1629018|1627783,2.0,,,,,,,,BKN,1610612751.0,
Shot Chart Detail,22100928,343,0,Opponent,1610612761,Toronto Raptors,3,9,56,Made Shot,Jump Shot,,Mid-Range,Right Side(R),8-16 ft.,12,121,33,1,1,20220301,TOR,BKN,22100928343,|1627783|1629018|1630201|1630567|203920,1,REG,,,2022,1629018,4.0,SG,Chaser,0.19,Aldridge 13' Jump Shot (9 PTS) (Mills 1 AST),,,,BKN,1610612751.0,201988.0
Shot Chart Detail,22100928,351,0,Opponent,1610612761,Toronto Raptors,3,8,54,Missed Shot,Hook Shot,,Restricted Area,Center(C),Less Than 8 ft.,3,-34,4,1,0,20220301,TOR,BKN,22100928351,|1627783|1629018|1630201|1630567|203920,0,REG,,,2022,1627783,4.0,PF,Helper,0.72,MISS Johnson 3' Hook Shot,,,,BKN,1610612751.0,
Shot Chart Detail,22100928,357,0,Opponent,1610612761,Toronto Raptors,3,8,28,Missed Shot,Cutting Finger Roll Layup Shot,,Restricted Area,Center(C),Less Than 8 ft.,3,27,18,1,0,20220301,TOR,BKN,22100928357,|1627783|1629018|1630201|1630567|203920,0,REG,,,2022,1627783,4.0,PF,Helper,0.72,MISS Aldridge 3' Cutting Finger Roll Layup Shot,,,,BKN,1610612751.0,
Shot Chart Detail,22100928,366,0,Opponent,1610612761,Toronto Raptors,3,8,3,Missed Shot,Step Back Jump shot,,Above the Break 3,Right Side Center(RC),24+ ft.,25,159,195,1,0,20220301,TOR,BKN,22100928366,|1627783|1629018|1630201|1630567|203920,0,REG,,,2022,1630201|1630567,3.0,,,,,,,,BKN,1610612751.0,
Shot Chart Detail,22100928,371,0,Opponent,1610612761,Toronto Raptors,3,7,54,Missed Shot,Jump Shot,,Mid-Range,Center(C),8-16 ft.,15,-6,151,1,0,20220301,TOR,BKN,22100928371,|1627783|1629018|1630201|1630567|203920,0,REG,,,2022,1630567,3.0,PF,Helper,0.63,MISS Aldridge 15' Jump Shot,,,,BKN,1610612751.0,
Shot Chart Detail,22100928,375,0,Opponent,1610612761,Toronto Raptors,3,7,25,Missed Shot,Driving Layup Shot,,Restricted Area,Center(C),Less Than 8 ft.,3,36,13,1,0,20220301,TOR,BKN,22100928375,|1627783|1629018|1630201|1630567|203920,0,REG,,,2022,203920|1630567,1.0,,,,,,,,BKN,1610612751.0,
Shot Chart Detail,22100928,383,0,Opponent,1610612761,Toronto Raptors,3,7,5,Missed Shot,Jump Shot,,Above the Break 3,Right Side Center(RC),24+ ft.,24,212,130,1,0,20220301,TOR,BKN,22100928383,|1628449|1629018|1630201|1630567|203920,0,REG,,,2022,1630567,1.0,PF,Helper,0.63,MISS Curry 25' 3PT Jump Shot,,,,BKN,1610612751.0,
Shot Chart Detail,22100928,400,0,Opponent,1610612761,Toronto Raptors,3,5,54,Missed Shot,Jump Shot,,Mid-Range,Center(C),16-24 ft.,16,1,165,1,0,20220301,TOR,BKN,22100928400,|1628449|1629018|1630201|1630567|203920,0,REG,,,2022,1630201,-3.0,PG,Point of Attack,-0.52,MISS Aldridge 17' Jump Shot,,,,BKN,1610612751.0,
Shot Chart Detail,22100928,404,0,Opponent,1610612761,Toronto Raptors,3,5,22,Made Shot,Driving Finger Roll Layup Shot,,In The Paint (Non-RA),Center(C),Less Than 8 ft.,4,27,34,1,1,20220301,TOR,BKN,22100928404,|1628449|1629018|1630201|1630567|203920,0,REG,,,2022,1630567,-1.0,PF,Helper,0.63,Curry 4' Driving Finger Roll Layup (11 PTS),,,,BKN,1610612751.0,
Shot Chart Detail,22100928,407,0,Opponent,1610612761,Toronto Raptors,3,4,47,Made Shot,Pullup Jump shot,,In The Paint (Non-RA),Center(C),8-16 ft.,11,48,107,1,1,20220301,TOR,BKN,22100928407,|1628449|1629018|1630201|1630567|203920,0,REG,,,2022,203920,-1.0,C,Mobile Big,0.63,Curry 12' Pullup Jump Shot (13 PTS),,,,BKN,1610612751.0,
Shot Chart Detail,22100928,410,0,Opponent,1610612761,Toronto Raptors,3,4,30,Made Shot,Running Jump Shot,,Left Corner 3,Left Side(L),24+ ft.,23,-232,4,1,1,20220301,TOR,BKN,22100928410,|1628449|1629018|1630201|1630567|203920,1,REG,,,2022,1628449|1630567,2.0,,,,,,,,BKN,1610612751.0,203552.0
Shot Chart Detail,22100928,427,0,Opponent,1610612761,Toronto Raptors,3,3,51,Made Shot,Driving Floating Jump Shot,,In The Paint (Non-RA),Center(C),8-16 ft.,11,-31,113,1,1,20220301,TOR,BKN,22100928427,|1628449|1629018|1630173|1630201|201152,0,REG,,,2022,1630173,3.0,C,Mobile Big,0.24,Thomas 12' Driving Floating Jump Shot (6 PTS),,,,BKN,1610612751.0,
Shot Chart Detail,22100928,432,0,Opponent,1610612761,Toronto Raptors,3,3,23,Missed Shot,Jump Shot,,Left Corner 3,Left Side(L),24+ ft.,22,-229,-1,1,0,20220301,TOR,BKN,22100928432,|1628449|1629018|1630173|1630201|201152,0,REG,,,2022,201152,1.0,PF,Helper,0.84,MISS Griffin 3PT Jump Shot,,,,BKN,1610612751.0,
Shot Chart Detail,22100928,436,0,Opponent,1610612761,Toronto Raptors,3,3,2,Missed Shot,Pullup Jump shot,,Mid-Range,Center(C),16-24 ft.,16,1,162,1,0,20220301,TOR,BKN,22100928436,|1628449|1629018|1630173|1630201|201152,0,REG,,,2022,1630173,-2.0,C,Mobile Big,0.24,MISS Dragic 16' Pullup Jump Shot,,,,BKN,1610612751.0,
Shot Chart Detail,22100928,444,0,Opponent,1610612761,Toronto Raptors,3,2,37,Made Shot,Pullup Jump shot,,Mid-Range,Left Side(L),8-16 ft.,14,-143,5,1,1,20220301,TOR,BKN,22100928444,|1628449|1630173|1630201|1630625|201152,1,REG,,,2022,201152,0.0,PF,Helper,0.84,Thomas 14' Pullup Jump Shot (8 PTS) (Griffin 2 AST),,,,BKN,1610612751.0,201933.0
Shot Chart Detail,22100928,451,0,Opponent,1610612761,Toronto Raptors,3,2,4,Made Shot,Running Finger Roll Layup Shot,,In The Paint (Non-RA),Left Side(L),8-16 ft.,8,-67,50,1,1,20220301,TOR,BKN,22100928451,|1628449|1630173|1630201|1630625|201152,0,REG,,,2022,1630201,2.0,PG,Point of Attack,-0.52,Dragic 8' Running Finger Roll Layup (9 PTS),,,,BKN,1610612751.0,
Shot Chart Detail,22100928,457,0,Opponent,1610612761,Toronto Raptors,3,1,45,Made Shot,Running Dunk Shot,,Restricted Area,Center(C),Less Than 8 ft.,0,2,-4,1,1,20220301,TOR,BKN,22100928457,|1628449|1630173|1630201|1630625|201152,0,REG,,,2022,1630201,5.0,PG,Point of Attack,-0.52,Claxton Running Dunk (8 PTS),,,,BKN,1610612751.0,
Shot Chart Detail,22100928,460,0,Opponent,1610612761,Toronto Raptors,3,1,23,Missed Shot,Running Layup Shot,,In The Paint (Non-RA),Center(C),Less Than 8 ft.,5,-40,38,1,0,20220301,TOR,BKN,22100928460,|1628449|1630173|1630201|1630625|201152,0,REG,,,2022,1630201,5.0,PG,Point of Attack,-0.52,MISS Thomas 6' Running Layup,,,,BKN,1610612751.0,
Shot Chart Detail,22100928,462,0,Opponent,1610612761,Toronto Raptors,3,1,19,Made Shot,Putback Layup Shot,,Restricted Area,Center(C),Less Than 8 ft.,0,0,0,1,1,20220301,TOR,BKN,22100928462,|1628449|1630173|1630201|1630625|201152,0,REG,,,2022,1630625|1630173|201152,7.0,,,,,,,,BKN,1610612751.0,
Shot Chart Detail,22100928,465,0,Opponent,1610612761,Toronto Raptors,3,0,42,Made Shot,Driving Layup Shot,,Restricted Area,Center(C),Less Than 8 ft.,1,16,-5,1,1,20220301,TOR,BKN,22100928465,|1628449|1630173|1630201|1630625|201152,0,REG,,,2022,1628449|1630201,9.0,,,,,,,,BKN,1610612751.0,
Shot Chart Detail,22100928,468,0,Opponent,1610612761,Toronto Raptors,3,0,10,Made Shot,Jump Shot,,Above the Break 3,Left Side Center(LC),24+ ft.,28,-188,211,1,1,20220301,TOR,BKN,22100928468,|1628449|1630173|1630201|1630625|201152,1,REG,,,2022,201152,10.0,PF,Helper,0.84,Thomas 28' 3PT Jump Shot (11 PTS) (Dragic 2 AST),,,,BKN,1610612751.0,201609.0
Shot Chart Detail,22100928,485,0,Opponent,1610612761,Toronto Raptors,4,11,37,Missed Shot,Jump Shot,,Above the Break 3,Left Side Center(LC),24+ ft.,26,-200,170,1,0,20220301,TOR,BKN,22100928485,|1627783|1629018|1630173|1630567|201152,0,REG,,,2022,1630567,8.0,PF,Helper,0.63,MISS Griffin 26' 3PT Jump Shot,,,,BKN,1610612751.0,
Shot Chart Detail,22100928,490,0,Opponent,1610612761,Toronto Raptors,4,11,4,Missed Shot,Step Back Jump shot,,Mid-Range,Left Side(L),8-16 ft.,14,-148,18,1,0,20220301,TOR,BKN,22100928490,|1627783|1629018|1630173|1630567|201152,0,REG,,,2022,1630173,8.0,C,Mobile Big,0.24,MISS Dragic 15' Step Back Jump Shot,,,,BKN,1610612751.0,
Shot Chart Detail,22100928,506,0,Opponent,1610612761,Toronto Raptors,4,10,13,Missed Shot,Jump Shot,,Right Corner 3,Right Side(R),24+ ft.,22,227,21,1,0,20220301,TOR,BKN,22100928506,|1627783|1629018|1630173|1630567|201152,0,REG,,,2022,201152,8.0,PF,Helper,0.84,MISS Johnson 3PT Jump Shot,,,,BKN,1610612751.0,
Shot Chart Detail,22100928,509,0,Opponent,1610612761,Toronto Raptors,4,9,54,Missed Shot,Driving Floating Jump Shot,,In The Paint (Non-RA),Left Side(L),8-16 ft.,9,-50,84,1,0,20220301,TOR,BKN,22100928509,|1627783|1629018|1630173|1630567|201152,0,REG,,,2022,1629018|1630173|1630567,8.0,,,,,,,,BKN,1610612751.0,
Shot Chart Detail,22100928,523,0,Opponent,1610612761,Toronto Raptors,4,8,51,Missed Shot,Driving Floating Jump Shot,,In The Paint (Non-RA),Right Side(R),8-16 ft.,9,69,60,1,0,20220301,TOR,BKN,22100928523,|1627783|1629018|1630201|1630567|201152,0,REG,,,2022,201152,8.0,PF,Helper,0.84,MISS Curry 9' Driving Floating Jump Shot,,,,BKN,1610612751.0,
Shot Chart Detail,22100928,535,0,Opponent,1610612761,Toronto Raptors,4,7,44,Made Shot,Driving Layup Shot,,In The Paint (Non-RA),Center(C),Less Than 8 ft.,5,-29,41,1,1,20220301,TOR,BKN,22100928535,|1627783|1629018|1630201|1630567|201152,0,REG,,,2022,1629018,5.0,SG,Chaser,0.19,Griffin 5' Driving Layup (9 PTS),,,,BKN,1610612751.0,
Shot Chart Detail,22100928,551,0,Opponent,1610612761,Toronto Raptors,4,6,45,Missed Shot,Driving Finger Roll Layup Shot,,In The Paint (Non-RA),Center(C),Less Than 8 ft.,4,33,25,1,0,20220301,TOR,BKN,22100928551,|1627783|1629018|1630201|1630567|201152,0,REG,,,2022,1629018|1627783,3.0,,,,,,,,BKN,1610612751.0,
Shot Chart Detail,22100928,558,0,Opponent,1610612761,Toronto Raptors,4,6,0,Made Shot,Turnaround Fadeaway shot,,In The Paint (Non-RA),Center(C),Less Than 8 ft.,7,-71,22,1,1,20220301,TOR,BKN,22100928558,|1627783|1629018|1630201|1630567|201152,0,REG,,,2022,1630567,3.0,PF,Helper,0.63,Aldridge 7' Turnaround Fadeaway (13 PTS),,,,BKN,1610612751.0,
Shot Chart Detail,22100928,568,0,Opponent,1610612761,Toronto Raptors,4,5,25,Made Shot,Turnaround Jump Shot,,Mid-Range,Right Side Center(RC),16-24 ft.,17,74,160,1,1,20220301,TOR,BKN,22100928568,|1627783|1629018|1630201|1630567|201152,1,REG,,,2022,201152,6.0,PF,Helper,0.84,Aldridge 18' Turnaround Jump Shot (16 PTS) (Mills 2 AST),,,,BKN,1610612751.0,201988.0
Shot Chart Detail,22100928,577,0,Opponent,1610612761,Toronto Raptors,4,4,29,Missed Shot,Turnaround Jump Shot,,In The Paint (Non-RA),Center(C),8-16 ft.,11,18,113,1,0,20220301,TOR,BKN,22100928577,|1627783|1629018|1630201|1630567|201152,0,REG,,,2022,1630201,1.0,PG,Point of Attack,-0.52,MISS Aldridge 11' Turnaround Jump Shot,,,,BKN,1610612751.0,
Shot Chart Detail,22100928,580,0,Opponent,1610612761,Toronto Raptors,4,3,53,Missed Shot,Driving Floating Bank Jump Shot,,In The Paint (Non-RA),Center(C),Less Than 8 ft.,6,-12,65,1,0,20220301,TOR,BKN,22100928580,|1627783|1629018|1630201|1630567|201152,0,REG,,,2022,1627783,-1.0,PF,Helper,0.72,MISS Brown 7' Driving Floating Bank Jump Shot,,,,BKN,1610612751.0,
Shot Chart Detail,22100928,589,0,Opponent,1610612761,Toronto Raptors,4,3,19,Missed Shot,Jump Shot,,Left Corner 3,Left Side(L),24+ ft.,23,-229,25,1,0,20220301,TOR,BKN,22100928589,|1627783|1629018|1630201|1630567|201152,0,REG,,,2022,1627783,-1.0,PF,Helper,0.72,MISS Mills 3PT Jump Shot,,,,BKN,1610612751.0,
Shot Chart Detail,22100928,600,0,Opponent,1610612761,Toronto Raptors,4,2,26,Made Shot,Driving Finger Roll Layup Shot,,In The Paint (Non-RA),Center(C),Less Than 8 ft.,5,51,31,1,1,20220301,TOR,BKN,22100928600,|1629018|1630173|1630201|1630567|201152,0,REG,,,2022,201152,-2.0,PF,Helper,0.84,Curry 6' Driving Finger Roll Layup (15 PTS),,,,BKN,1610612751.0,
Shot Chart Detail,22100928,614,0,Opponent,1610612761,Toronto Raptors,4,1,32,Made Shot,Driving Dunk Shot,,Restricted Area,Center(C),Less Than 8 ft.,0,-4,-5,1,1,20220301,TOR,BKN,22100928614,|1629018|1630173|1630201|1630567|201152,0,REG,,,2022,1630567,-3.0,PF,Helper,0.63,Johnson 1' Driving Dunk (16 PTS),,,,BKN,1610612751.0,
Shot Chart Detail,22100928,618,0,Opponent,1610612761,Toronto Raptors,4,0,53,Missed Shot,Jump Shot,,Left Corner 3,Left Side(L),24+ ft.,23,-230,7,1,0,20220301,TOR,BKN,22100928618,|1629018|1630173|1630201|1630567|201152,0,REG,,,2022,1630567,-3.0,PF,Helper,0.63,MISS Mills 3PT Jump Shot,,,,BKN,1610612751.0,
Shot Chart Detail,22100928,620,0,Opponent,1610612761,Toronto Raptors,4,0,50,Made Shot,Jump Shot,,Above the Break 3,Center(C),24+ ft.,27,-23,279,1,1,20220301,TOR,BKN,22100928620,|1629018|1630173|1630201|1630567|201152,1,REG,,,2022,1630201,0.0,PG,Point of Attack,-0.52,Curry 28' 3PT Jump Shot (18 PTS) (Aldridge 2 AST),,,,BKN,1610612751.0,200746.0
Shot Chart Detail,22100928,631,0,Opponent,1610612761,Toronto Raptors,4,0,26,Missed Shot,Pullup Jump shot,,In The Paint (Non-RA),Center(C),Less Than 8 ft.,7,55,46,1,0,20220301,TOR,BKN,22100928631,|1629018|1630173|1630201|1630567|201152,0,REG,,,2022,1629018,-2.0,SG,Chaser,0.19,Barnes BLOCK (1 BLK),,,,BKN,1610612751.0,
Shot Chart Detail,22100928,635,0,Opponent,1610612761,Toronto Raptors,4,0,24,Missed Shot,Jump Shot,,Mid-Range,Right Side(R),16-24 ft.,18,189,13,1,0,20220301,TOR,BKN,22100928635,|1629018|1630173|1630201|1630567|201152,0,REG,,,2022,1629018,-2.0,SG,Chaser,0.19,MISS Curry 19' Jump Shot,,,,BKN,1610612751.0,
Shot Chart Detail,22100928,641,0,Opponent,1610612761,Toronto Raptors,4,0,12,Made Shot,Cutting Layup Shot,,Restricted Area,Center(C),Less Than 8 ft.,0,-1,4,1,1,20220301,TOR,BKN,22100928641,|1629018|1630173|1630201|1630567|201152,1,REG,,,2022,1630567,-2.0,PF,Helper,0.63,Mills Cutting Layup Shot (8 PTS) (Johnson 3 AST),,,,BKN,1610612751.0,201949.0
Shot Chart Detail,22100928,649,0,Opponent,1610612761,Toronto Raptors,4,0,5,Missed Shot,Step Back Jump shot,,Above the Break 3,Right Side Center(RC),24+ ft.,29,114,274,1,0,20220301,TOR,BKN,22100928649,|1629018|1630173|1630201|1630567|201152,0,REG,,,2022,201152,-4.0,PF,Helper,0.84,MISS Johnson 30' 3PT Step Back Jump Shot,,,,BKN,1610612751.0,
Shot Chart Detail,22100928,651,0,Opponent,1610612761,Toronto Raptors,4,0,0,Made Shot,Floating Jump shot,,Above the Break 3,Center(C),24+ ft.,27,51,273,1,1,20220301,TOR,BKN,22100928651,|1629018|1630173|1630201|1630567|201152,1,REG,,,2022,201152,-1.0,PF,Helper,0.84,Johnson 28' 3PT Floating Jump Shot (19 PTS) (Aldridge 3 AST),,,,BKN,1610612751.0,200746.0
Shot Chart Detail,22100942,9,0,Opponent,1610612761,Toronto Raptors,1,11,22,Missed Shot,Pullup Jump shot,,Mid-Range,Right Side(R),8-16 ft.,15,116,109,1,0,20220303,TOR,DET,221009429,|1627783|1629018|1630201|1630567|203920,0,REG,,,2022,1630201,0.0,PG,Point of Attack,-0.52,MISS Joseph 16' Pullup Jump Shot,,,,DET,1610612765.0,
Shot Chart Detail,22100942,17,0,Opponent,1610612761,Toronto Raptors,1,10,44,Made Shot,Driving Layup Shot,,Restricted Area,Center(C),Less Than 8 ft.,3,31,11,1,1,20220303,TOR,DET,2210094217,|1627783|1629018|1630201|1630567|203920,0,REG,,,2022,1630567,2.0,PF,Helper,0.63,Bey 3' Driving Layup (2 PTS),,,,DET,1610612765.0,
Shot Chart Detail,22100942,23,0,Opponent,1610612761,Toronto Raptors,1,10,18,Made Shot,Driving Floating Bank Jump Shot,,In The Paint (Non-RA),Center(C),Less Than 8 ft.,5,-11,53,1,1,20220303,TOR,DET,2210094223,|1627783|1629018|1630201|1630567|203920,0,REG,,,2022,203920|1630567,3.0,,,,,,,,DET,1610612765.0,
Shot Chart Detail,22100942,27,0,Opponent,1610612761,Toronto Raptors,1,9,48,Made Shot,Pullup Jump shot,,Mid-Range,Right Side Center(RC),16-24 ft.,16,74,153,1,1,20220303,TOR,DET,2210094227,|1627783|1629018|1630201|1630567|203920,0,REG,,,2022,203920|1627783,3.0,,,,,,,,DET,1610612765.0,
Shot Chart Detail,22100942,32,0,Opponent,1610612761,Toronto Raptors,1,9,9,Made Shot,Driving Floating Bank Jump Shot,,In The Paint (Non-RA),Center(C),Less Than 8 ft.,4,-38,25,1,1,20220303,TOR,DET,2210094232,|1627783|1629018|1630201|1630567|203920,0,REG,,,2022,203920,3.0,C,Mobile Big,0.63,Bey 5' Driving Floating Bank Jump Shot (4 PTS),,,,DET,1610612765.0,
Shot Chart Detail,22100942,47,0,Opponent,1610612761,Toronto Raptors,1,7,39,Made Shot,Fadeaway Jump Shot,,Above the Break 3,Right Side Center(RC),24+ ft.,28,132,253,1,1,20220303,TOR,DET,2210094247,|1627783|1629018|1630201|1630567|203920,1,REG,,,2022,1630567,0.0,PF,Helper,0.63,Bey 29' 3PT Fadeaway Jumper (7 PTS) (Grant 1 AST),,,,DET,1610612765.0,203924.0
Shot Chart Detail,22100942,55,0,Opponent,1610612761,Toronto Raptors,1,7,11,Made Shot,Reverse Layup Shot,,Restricted Area,Center(C),Less Than 8 ft.,1,9,8,1,1,20220303,TOR,DET,2210094255,|1627783|1629018|1630201|1630567|203920,1,REG,,,2022,1630201,2.0,PG,Point of Attack,-0.52,Joseph 1' Reverse Layup (2 PTS) (Olynyk 1 AST),,,,DET,1610612765.0,203482.0
Shot Chart Detail,22100942,58,0,Opponent,1610612761,Toronto Raptors,1,6,41,Missed Shot,Jump Shot,,Above the Break 3,Left Side Center(LC),24+ ft.,26,-121,240,1,0,20220303,TOR,DET,2210094258,|1627783|1629018|1630201|1630567|203920,0,REG,,,2022,1627783,0.0,PF,Helper,0.72,MISS Bey 27' 3PT Jump Shot,,,,DET,1610612765.0,
Shot Chart Detail,22100942,63,0,Opponent,1610612761,Toronto Raptors,1,6,28,Missed Shot,Running Jump Shot,,Above the Break 3,Left Side Center(LC),24+ ft.,26,-146,216,1,0,20220303,TOR,DET,2210094263,|1627783|1629018|1630201|1630567|203920,0,REG,,,2022,1630567,0.0,PF,Helper,0.63,MISS Bey 26' 3PT Running Jump Shot,,,,DET,1610612765.0,
Shot Chart Detail,22100942,76,0,Opponent,1610612761,Toronto Raptors,1,5,39,Made Shot,Jump Shot,,Right Corner 3,Right Side(R),24+ ft.,23,239,1,1,1,20220303,TOR,DET,2210094276,|1627783|1629018|1630173|1630201|1630567,1,REG,,,2022,1630567,2.0,PF,Helper,0.63,Cunningham 24' 3PT Jump Shot (5 PTS) (Joseph 1 AST),,,,DET,1610612765.0,202709.0
Shot Chart Detail,22100942,81,0,Opponent,1610612761,Toronto Raptors,1,5,8,Made Shot,Cutting Finger Roll Layup Shot,,Restricted Area,Center(C),Less Than 8 ft.,0,-1,9,1,1,20220303,TOR,DET,2210094281,|1627783|1629018|1630173|1630201|1630567,1,REG,,,2022,1630173,2.0,C,Mobile Big,0.24,Olynyk 1' Cutting Finger Roll Layup Shot (2 PTS) (Cunningham 1 AST),,,,DET,1610612765.0,1630595.0
Shot Chart Detail,22100942,85,0,Opponent,1610612761,Toronto Raptors,1,4,31,Missed Shot,Jump Shot,,Above the Break 3,Left Side Center(LC),24+ ft.,24,-156,195,1,0,20220303,TOR,DET,2210094285,|1627783|1629018|1630173|1630201|1630567,0,REG,,,2022,1630173,2.0,C,Mobile Big,0.24,MISS Joseph 25' 3PT Jump Shot,,,,DET,1610612765.0,
Shot Chart Detail,22100942,91,0,Opponent,1610612761,Toronto Raptors,1,4,18,Made Shot,Driving Bank Hook Shot,,In The Paint (Non-RA),Center(C),Less Than 8 ft.,5,39,40,1,1,20220303,TOR,DET,2210094291,|1627783|1628449|1629018|1630173|1630201,0,REG,,,2022,1628449,4.0,SF,Helper,0.4,Cunningham 6' Driving Bank Hook Shot (7 PTS),,,,DET,1610612765.0,
Shot Chart Detail,22100942,94,0,Opponent,1610612761,Toronto Raptors,1,3,56,Made Shot,Running Layup Shot,,Restricted Area,Center(C),Less Than 8 ft.,2,-5,22,1,1,20220303,TOR,DET,2210094294,|1627783|1628449|1629018|1630173|1630201,1,REG,,,2022,1629018,6.0,SG,Chaser,0.19,Grant 2' Running Layup (4 PTS) (Joseph 2 AST),,,,DET,1610612765.0,202709.0
Shot Chart Detail,22100942,103,0,Opponent,1610612761,Toronto Raptors,1,3,19,Made Shot,Jump Shot,,Right Corner 3,Right Side(R),24+ ft.,23,233,52,1,1,20220303,TOR,DET,22100942103,|1627783|1628449|1629018|1630173|1630201,1,REG,,,2022,1628449,7.0,SF,Helper,0.4,Grant 24' 3PT Jump Shot (7 PTS) (Hayes 1 AST),,,,DET,1610612765.0,1630165.0
Shot Chart Detail,22100942,107,0,Opponent,1610612761,Toronto Raptors,1,2,38,Made Shot,Jump Shot,,Above the Break 3,Right Side Center(RC),24+ ft.,25,170,193,1,1,20220303,TOR,DET,22100942107,|1627783|1628449|1629018|1630173|1630201,1,REG,,,2022,1630201,10.0,PG,Point of Attack,-0.52,Cunningham 26' 3PT Jump Shot (10 PTS) (Grant 2 AST),,,,DET,1610612765.0,203924.0
Shot Chart Detail,22100942,116,0,Opponent,1610612761,Toronto Raptors,1,2,7,Missed Shot,Jump Shot,,Above the Break 3,Right Side Center(RC),24+ ft.,25,201,156,1,0,20220303,TOR,DET,22100942116,|1628449|1629018|1630173|1630201|1630567,0,REG,,,2022,1629018,10.0,SG,Chaser,0.19,MISS Cunningham 25' 3PT Jump Shot,,,,DET,1610612765.0,
Shot Chart Detail,22100942,125,0,Opponent,1610612761,Toronto Raptors,1,1,34,Missed Shot,Pullup Jump shot,,Mid-Range,Left Side Center(LC),16-24 ft.,20,-85,189,1,0,20220303,TOR,DET,22100942125,|1628449|1629018|1630173|1630201|1630567,0,REG,,,2022,1630173,8.0,C,Mobile Big,0.24,MISS Olynyk 21' Pullup Jump Shot,,,,DET,1610612765.0,
Shot Chart Detail,22100942,129,0,Opponent,1610612761,Toronto Raptors,1,1,15,Made Shot,Jump Shot,,Right Corner 3,Right Side(R),24+ ft.,24,233,84,1,1,20220303,TOR,DET,22100942129,|1628449|1629018|1630173|1630201|1630567,1,REG,,,2022,1628449,9.0,SF,Helper,0.4,McGruder 25' 3PT Jump Shot (3 PTS) (Olynyk 2 AST),,,,DET,1610612765.0,203482.0
Shot Chart Detail,22100942,134,0,Opponent,1610612761,Toronto Raptors,1,0,47,Missed Shot,Cutting Layup Shot,,In The Paint (Non-RA),Center(C),Less Than 8 ft.,4,-28,37,1,0,20220303,TOR,DET,22100942134,|1628449|1629018|1630173|1630201|1630567,0,REG,,,2022,1629018,9.0,SG,Chaser,0.19,MISS Cunningham 5' Cutting Layup Shot,,,,DET,1610612765.0,
Shot Chart Detail,22100942,138,0,Opponent,1610612761,Toronto Raptors,1,0,21,Missed Shot,Jump Shot,,Left Corner 3,Left Side(L),24+ ft.,23,-232,0,1,0,20220303,TOR,DET,22100942138,|1628449|1629018|1630173|1630201|1630567,0,REG,,,2022,1630567,9.0,PF,Helper,0.63,MISS McGruder 3PT Jump Shot,,,,DET,1610612765.0,
Shot Chart Detail,22100942,140,0,Opponent,1610612761,Toronto Raptors,1,0,14,Missed Shot,Step Back Jump shot,,Above the Break 3,Left Side Center(LC),24+ ft.,25,-221,131,1,0,20220303,TOR,DET,22100942140,|1628449|1629018|1630173|1630201|1630567,0,REG,,,2022,1628449,9.0,SF,Helper,0.4,MISS Olynyk 26' 3PT Step Back Jump Shot,,,,DET,1610612765.0,
Shot Chart Detail,22100942,153,0,Opponent,1610612761,Toronto Raptors,2,11,47,Made Shot,Jump Shot,,Left Corner 3,Left Side(L),24+ ft.,23,-239,17,1,1,20220303,TOR,DET,22100942153,|1627783|1628449|1630173|1630567|1630625,1,REG,,,2022,1627783,12.0,PF,Helper,0.72,McGruder 24' 3PT Jump Shot (6 PTS) (Livers 1 AST),,,,DET,1610612765.0,1630587.0
Shot Chart Detail,22100942,167,0,Opponent,1610612761,Toronto Raptors,2,11,2,Missed Shot,Jump Shot,,Above the Break 3,Right Side Center(RC),24+ ft.,25,176,185,1,0,20220303,TOR,DET,22100942167,|1627783|1628449|1630173|1630567|1630625,0,REG,,,2022,1630625,10.0,PG,Chaser,0.27,MISS Livers 26' 3PT Jump Shot,,,,DET,1610612765.0,
Shot Chart Detail,22100942,172,0,Opponent,1610612761,Toronto Raptors,2,10,43,Made Shot,Finger Roll Layup Shot,,Restricted Area,Center(C),Less Than 8 ft.,2,-20,15,1,1,20220303,TOR,DET,22100942172,|1627783|1628449|1630173|1630567|1630625,0,REG,,,2022,1627783,12.0,PF,Helper,0.72,Diallo 3' Finger Roll Layup (2 PTS),,,,DET,1610612765.0,
Shot Chart Detail,22100942,176,0,Opponent,1610612761,Toronto Raptors,2,10,1,Missed Shot,Pullup Jump shot,,Mid-Range,Center(C),16-24 ft.,20,9,200,1,0,20220303,TOR,DET,22100942176,|1627783|1628449|1630173|1630567|1630625,0,REG,,,2022,1630173,10.0,C,Mobile Big,0.24,MISS Diallo 20' Pullup Jump Shot,,,,DET,1610612765.0,
Shot Chart Detail,22100942,179,0,Opponent,1610612761,Toronto Raptors,2,9,33,Made Shot,Cutting Layup Shot,,Restricted Area,Center(C),Less Than 8 ft.,1,2,17,1,1,20220303,TOR,DET,22100942179,|1627783|1628449|1630173|1630567|1630625,1,REG,,,2022,1630173,10.0,C,Mobile Big,0.24,Diallo 2' Cutting Layup Shot (4 PTS) (Hayes 2 AST),,,,DET,1610612765.0,1630165.0
Shot Chart Detail,22100942,182,0,Opponent,1610612761,Toronto Raptors,2,8,46,Missed Shot,Driving Reverse Layup Shot,,Restricted Area,Center(C),Less Than 8 ft.,2,12,19,1,0,20220303,TOR,DET,22100942182,|1627783|1628449|1630173|1630567|1630625,0,REG,,,2022,1628449|1630567,8.0,,,,,,,,DET,1610612765.0,
Shot Chart Detail,22100942,191,0,Opponent,1610612761,Toronto Raptors,2,8,18,Missed Shot,Pullup Jump shot,,Mid-Range,Right Side(R),16-24 ft.,18,167,82,1,0,20220303,TOR,DET,22100942191,|1627783|1628449|1630173|1630567|1630625,0,REG,,,2022,1630625,8.0,PG,Chaser,0.27,MISS Hayes 19' Pullup Jump Shot,,,,DET,1610612765.0,
Shot Chart Detail,22100942,193,0,Opponent,1610612761,Toronto Raptors,2,8,8,Made Shot,Jump Shot,,Mid-Range,Center(C),8-16 ft.,15,29,151,1,1,20220303,TOR,DET,22100942193,|1627783|1628449|1630173|1630567|1630625,1,REG,,,2022,1630567,10.0,PF,Helper,0.63,Diallo 15' Jump Shot (6 PTS) (Hayes 3 AST),,,,DET,1610612765.0,1630165.0
Shot Chart Detail,22100942,200,0,Opponent,1610612761,Toronto Raptors,2,7,34,Missed Shot,Reverse Layup Shot,,Restricted Area,Center(C),Less Than 8 ft.,3,32,5,1,0,20220303,TOR,DET,22100942200,|1627783|1628449|1630567|1630625|203920,0,REG,,,2022,1630625|203920,10.0,,,,,,,,DET,1610612765.0,
Shot Chart Detail,22100942,208,0,Opponent,1610612761,Toronto Raptors,2,7,2,Missed Shot,Jump Bank Shot,,Above the Break 3,Left Side Center(LC),24+ ft.,26,-205,166,1,0,20220303,TOR,DET,22100942208,|1627783|1628449|1629018|1630625|203920,0,REG,,,2022,1627783,8.0,PF,Helper,0.72,MISS Livers 26' 3PT Jump Bank Shot,,,,DET,1610612765.0,
Shot Chart Detail,22100942,224,0,Opponent,1610612761,Toronto Raptors,2,6,18,Missed Shot,Jump Shot,,Above the Break 3,Center(C),24+ ft.,26,21,261,1,0,20220303,TOR,DET,22100942224,|1627783|1629004|1629018|1630201|203920,0,REG,,,2022,1630201,6.0,PG,Point of Attack,-0.52,MISS Hayes 26' 3PT Jump Shot,,,,DET,1610612765.0,
Shot Chart Detail,22100942,239,0,Opponent,1610612761,Toronto Raptors,2,5,36,Missed Shot,Driving Bank Hook Shot,,In The Paint (Non-RA),Center(C),Less Than 8 ft.,7,54,59,1,0,20220303,TOR,DET,22100942239,|1627783|1629004|1629018|1630201|203920,0,REG,,,2022,203920,5.0,C,Mobile Big,0.63,MISS Cunningham 8' Driving Bank Hook Shot,,,,DET,1610612765.0,
Shot Chart Detail,22100942,259,0,Opponent,1610612761,Toronto Raptors,2,4,22,Made Shot,Turnaround Jump Shot,,Mid-Range,Left Side Center(LC),16-24 ft.,19,-64,187,1,1,20220303,TOR,DET,22100942259,|1627783|1629004|1629018|1630201|203920,1,REG,,,2022,1627783,3.0,PF,Helper,0.72,Grant 20' Turnaround Jump Shot (9 PTS) (Bey 1 AST),,,,DET,1610612765.0,1630180.0
Shot Chart Detail,22100942,267,0,Opponent,1610612761,Toronto Raptors,2,3,55,Made Shot,Pullup Jump shot,,Mid-Range,Right Side Center(RC),16-24 ft.,20,118,172,1,1,20220303,TOR,DET,22100942267,|1627783|1629018|1630201|1630567|203920,0,REG,,,2022,1630567,2.0,PF,Helper,0.63,Grant 21' Pullup Jump Shot (11 PTS),,,,DET,1610612765.0,
Shot Chart Detail,22100942,281,0,Opponent,1610612761,Toronto Raptors,2,2,44,Made Shot,Jump Shot,,Above the Break 3,Right Side Center(RC),24+ ft.,25,173,193,1,1,20220303,TOR,DET,22100942281,|1627783|1629018|1630201|1630567|203920,1,REG,,,2022,1629018,3.0,SG,Chaser,0.19,Bey 26' 3PT Jump Shot (11 PTS) (Cunningham 2 AST),,,,DET,1610612765.0,1630595.0
Shot Chart Detail,22100942,290,0,Opponent,1610612761,Toronto Raptors,2,2,13,Made Shot,Driving Reverse Layup Shot,,Restricted Area,Center(C),Less Than 8 ft.,1,-10,16,1,1,20220303,TOR,DET,22100942290,|1627783|1629018|1630201|1630567|203920,0,REG,,,2022,1629018|203920|1630567,3.0,,,,,,,,DET,1610612765.0,
Shot Chart Detail,22100942,292,0,Opponent,1610612761,Toronto Raptors,2,1,37,Missed Shot,Jump Shot,,Above the Break 3,Center(C),24+ ft.,26,55,257,1,0,20220303,TOR,DET,22100942292,|1627783|1629018|1630201|1630567|203920,0,REG,,,2022,1630567,1.0,PF,Helper,0.63,MISS Grant 26' 3PT Jump Shot,,,,DET,1610612765.0,
Shot Chart Detail,22100942,298,0,Opponent,1610612761,Toronto Raptors,2,1,6,Missed Shot,Driving Floating Jump Shot,,Restricted Area,Center(C),Less Than 8 ft.,3,-26,21,1,0,20220303,TOR,DET,22100942298,|1627783|1629018|1630201|1630567|203920,0,REG,,,2022,1630567,1.0,PF,Helper,0.63,MISS Bey 3' Driving Floating Jump Shot,,,,DET,1610612765.0,
Shot Chart Detail,22100942,300,0,Opponent,1610612761,Toronto Raptors,2,1,2,Made Shot,Tip Layup Shot,,Restricted Area,Center(C),Less Than 8 ft.,0,0,0,1,1,20220303,TOR,DET,22100942300,|1627783|1629018|1630201|1630567|203920,0,REG,,,2022,1630201|1630567,3.0,,,,,,,,DET,1610612765.0,
Shot Chart Detail,22100942,304,0,Opponent,1610612761,Toronto Raptors,2,0,36,Made Shot,Driving Finger Roll Layup Shot,,Restricted Area,Center(C),Less Than 8 ft.,3,-9,30,1,1,20220303,TOR,DET,22100942304,|1627783|1629018|1630201|1630567|203920,1,REG,,,2022,1630567,5.0,PF,Helper,0.63,Grant 3' Driving Finger Roll Layup (13 PTS) (Bey 2 AST),,,,DET,1610612765.0,1630180.0
Shot Chart Detail,22100942,316,0,Opponent,1610612761,Toronto Raptors,2,0,7,Missed Shot,Pullup Jump shot,,Mid-Range,Left Side(L),8-16 ft.,11,-103,55,1,0,20220303,TOR,DET,22100942316,|1629018|1630173|1630201|1630567|203920,0,REG,,,2022,1630173,4.0,C,Mobile Big,0.24,MISS Grant 12' Pullup Jump Shot,,,,DET,1610612765.0,
Shot Chart Detail,22100942,326,0,Opponent,1610612761,Toronto Raptors,2,0,0,Missed Shot,Jump Shot,,Backcourt,Back Court(BC),Back Court Shot,68,-121,672,1,0,20220303,TOR,DET,22100942326,|1629004|1629018|1630173|1630201|1630567,0,REG,,,2022,,,,,,,,,,DET,1610612765.0,
Shot Chart Detail,22100942,335,0,Opponent,1610612761,Toronto Raptors,3,11,45,Missed Shot,Jump Shot,,Above the Break 3,Right Side Center(RC),24+ ft.,25,92,238,1,0,20220303,TOR,DET,22100942335,|1627783|1629018|1630201|1630567|203920,0,REG,,,2022,1630567,3.0,PF,Helper,0.63,MISS Bey 26' 3PT Jump Shot,,,,DET,1610612765.0,
Shot Chart Detail,22100942,339,0,Opponent,1610612761,Toronto Raptors,3,11,18,Made Shot,Pullup Jump shot,,In The Paint (Non-RA),Center(C),8-16 ft.,12,-36,122,1,1,20220303,TOR,DET,22100942339,|1627783|1629018|1630201|1630567|203920,0,REG,,,2022,1630201|1630567,5.0,,,,,,,,DET,1610612765.0,
Shot Chart Detail,22100942,341,0,Opponent,1610612761,Toronto Raptors,3,10,30,Made Shot,Jump Shot,,Left Corner 3,Left Side(L),24+ ft.,23,-232,-17,1,1,20220303,TOR,DET,22100942341,|1627783|1629018|1630201|1630567|203920,1,REG,,,2022,1629018,6.0,SG,Chaser,0.19,Cunningham 3PT Jump Shot (17 PTS) (Joseph 3 AST),,,,DET,1610612765.0,202709.0
Shot Chart Detail,22100942,345,0,Opponent,1610612761,Toronto Raptors,3,10,10,Made Shot,Running Layup Shot,,Restricted Area,Center(C),Less Than 8 ft.,0,2,2,1,1,20220303,TOR,DET,22100942345,|1627783|1629018|1630201|1630567|203920,1,REG,,,2022,1630201,8.0,PG,Point of Attack,-0.52,Bey Running Layup (13 PTS) (Joseph 4 AST),,,,DET,1610612765.0,202709.0
Shot Chart Detail,22100942,350,0,Opponent,1610612761,Toronto Raptors,3,9,24,Made Shot,Driving Finger Roll Layup Shot,,Restricted Area,Center(C),Less Than 8 ft.,1,12,6,1,1,20220303,TOR,DET,22100942350,|1627783|1629018|1630201|1630567|203920,1,REG,,,2022,1627783,10.0,PF,Helper,0.72,Grant 1' Driving Finger Roll Layup (18 PTS) (Stewart 1 AST),,,,DET,1610612765.0,1630191.0
Shot Chart Detail,22100942,353,0,Opponent,1610612761,Toronto Raptors,3,8,42,Made Shot,Layup Shot,,Restricted Area,Center(C),Less Than 8 ft.,1,12,4,1,1,20220303,TOR,DET,22100942353,|1627783|1629018|1630201|1630567|203920,1,REG,,,2022,203920|1630567,10.0,,,,,,,,DET,1610612765.0,203924.0
Shot Chart Detail,22100942,364,0,Opponent,1610612761,Toronto Raptors,3,7,48,Missed Shot,Jump Shot,,Left Corner 3,Left Side(L),24+ ft.,23,-232,41,1,0,20220303,TOR,DET,22100942364,|1627783|1629018|1630201|1630567|203920,0,REG,,,2022,203920,12.0,C,Mobile Big,0.63,MISS Bey 24' 3PT Jump Shot,,,,DET,1610612765.0,
Shot Chart Detail,22100942,379,0,Opponent,1610612761,Toronto Raptors,3,6,42,Made Shot,Jump Shot,,Left Corner 3,Left Side(L),24+ ft.,23,-230,-8,1,1,20220303,TOR,DET,22100942379,|1627783|1629018|1630201|1630567|203920,1,REG,,,2022,1627783,11.0,PF,Helper,0.72,Cunningham 3PT Jump Shot (20 PTS) (Joseph 5 AST),,,,DET,1610612765.0,202709.0
Shot Chart Detail,22100942,383,0,Opponent,1610612761,Toronto Raptors,3,6,3,Made Shot,Turnaround Bank Hook Shot,,In The Paint (Non-RA),Center(C),Less Than 8 ft.,5,34,46,1,1,20220303,TOR,DET,22100942383,|1627783|1629018|1630201|1630567|203920,1,REG,,,2022,203920|1630567,13.0,,,,,,,,DET,1610612765.0,1630595.0
Shot Chart Detail,22100942,389,0,Opponent,1610612761,Toronto Raptors,3,5,29,Made Shot,Jump Shot,,Right Corner 3,Right Side(R),24+ ft.,23,232,-4,1,1,20220303,TOR,DET,22100942389,|1627783|1629018|1630201|1630567|203920,1,REG,,,2022,1630567,16.0,PF,Helper,0.63,Bey 3PT Jump Shot (16 PTS) (Grant 4 AST),,,,DET,1610612765.0,203924.0
Shot Chart Detail,22100942,404,0,Opponent,1610612761,Toronto Raptors,3,4,36,Missed Shot,Jump Shot,,Right Corner 3,Right Side(R),24+ ft.,23,234,10,1,0,20220303,TOR,DET,22100942404,|1627783|1628449|1629018|1630173|1630201,0,REG,,,2022,1628449,15.0,SF,Helper,0.4,MISS Grant 3PT Jump Shot,,,,DET,1610612765.0,
Shot Chart Detail,22100942,406,0,Opponent,1610612761,Toronto Raptors,3,4,32,Missed Shot,Tip Layup Shot,,Restricted Area,Center(C),Less Than 8 ft.,0,0,0,1,0,20220303,TOR,DET,22100942406,|1627783|1628449|1629018|1630173|1630201,0,REG,,,2022,1630201,15.0,PG,Point of Attack,-0.52,MISS Stewart Tip Layup Shot,,,,DET,1610612765.0,
Shot Chart Detail,22100942,411,0,Opponent,1610612761,Toronto Raptors,3,4,14,Missed Shot,Fadeaway Jump Shot,,Mid-Range,Left Side(L),16-24 ft.,17,-145,105,1,0,20220303,TOR,DET,22100942411,|1627783|1628449|1629018|1630173|1630201,0,REG,,,2022,1630173,15.0,C,Mobile Big,0.24,MISS Cunningham 18' Fadeaway Jumper,,,,DET,1610612765.0,
Shot Chart Detail,22100942,413,0,Opponent,1610612761,Toronto Raptors,3,4,9,Made Shot,Jump Shot,,Right Corner 3,Right Side(R),24+ ft.,23,228,59,1,1,20220303,TOR,DET,22100942413,|1627783|1628449|1629018|1630173|1630201,1,REG,,,2022,1630201,18.0,PG,Point of Attack,-0.52,Grant 24' 3PT Jump Shot (22 PTS) (Joseph 6 AST),,,,DET,1610612765.0,202709.0
Shot Chart Detail,22100942,432,0,Opponent,1610612761,Toronto Raptors,3,3,16,Missed Shot,Jump Shot,,Left Corner 3,Left Side(L),24+ ft.,23,-229,23,1,0,20220303,TOR,DET,22100942432,|1627783|1628449|1629018|1630173|1630625,0,REG,,,2022,1630625,17.0,PG,Chaser,0.27,MISS Bey 3PT Jump Shot,,,,DET,1610612765.0,
Shot Chart Detail,22100942,436,0,Opponent,1610612761,Toronto Raptors,3,2,58,Missed Shot,Jump Shot,,Left Corner 3,Left Side(L),24+ ft.,22,-223,0,1,0,20220303,TOR,DET,22100942436,|1627783|1628449|1629018|1630173|1630625,0,REG,,,2022,1630173,17.0,C,Mobile Big,0.24,MISS Cunningham 3PT Jump Shot,,,,DET,1610612765.0,
Shot Chart Detail,22100942,438,0,Opponent,1610612761,Toronto Raptors,3,2,54,Missed Shot,Cutting Layup Shot,,Restricted Area,Center(C),Less Than 8 ft.,2,16,23,1,0,20220303,TOR,DET,22100942438,|1627783|1628449|1629018|1630173|1630625,0,REG,,,2022,1630625,17.0,PG,Chaser,0.27,Banton BLOCK (1 BLK),,,,DET,1610612765.0,
Shot Chart Detail,22100942,470,0,Opponent,1610612761,Toronto Raptors,3,1,55,Missed Shot,Driving Dunk Shot,,Restricted Area,Center(C),Less Than 8 ft.,0,-6,2,1,0,20220303,TOR,DET,22100942470,|1628449|1629018|1630173|1630567|1630625,0,REG,,,2022,1629018,16.0,SG,Chaser,0.19,Boucher BLOCK (1 BLK),,,,DET,1610612765.0,
Shot Chart Detail,22100942,482,0,Opponent,1610612761,Toronto Raptors,3,0,51,Missed Shot,Jump Shot,,Above the Break 3,Center(C),24+ ft.,26,75,254,1,0,20220303,TOR,DET,22100942482,|1628449|1629018|1630173|1630567|1630625,0,REG,,,2022,1630567,16.0,PF,Helper,0.63,MISS Cunningham 26' 3PT Jump Shot,,,,DET,1610612765.0,
Shot Chart Detail,22100942,490,0,Opponent,1610612761,Toronto Raptors,3,0,31,Missed Shot,Driving Reverse Layup Shot,,Restricted Area,Center(C),Less Than 8 ft.,2,-21,15,1,0,20220303,TOR,DET,22100942490,|1628449|1629018|1630173|1630567|1630625,0,REG,,,2022,1628449|1630173,14.0,,,,,,,,DET,1610612765.0,
Shot Chart Detail,22100942,517,0,Opponent,1610612761,Toronto Raptors,4,11,17,Missed Shot,Jump Shot,,Right Corner 3,Right Side(R),24+ ft.,23,233,-3,1,0,20220303,TOR,DET,22100942517,|1627783|1628449|1630173|1630567|1630625,0,REG,,,2022,1630173,12.0,C,Mobile Big,0.24,MISS McGruder 3PT Jump Shot,,,,DET,1610612765.0,
Shot Chart Detail,22100942,522,0,Opponent,1610612761,Toronto Raptors,4,10,22,Missed Shot,Jump Shot,,Above the Break 3,Right Side Center(RC),24+ ft.,24,175,178,1,0,20220303,TOR,DET,22100942522,|1627783|1628449|1630173|1630567|1630625,0,REG,,,2022,1628449,10.0,SF,Helper,0.4,MISS Hayes 25' 3PT Jump Shot,,,,DET,1610612765.0,
Shot Chart Detail,22100942,542,0,Opponent,1610612761,Toronto Raptors,4,8,58,Missed Shot,Fadeaway Jump Shot,,In The Paint (Non-RA),Center(C),8-16 ft.,8,12,81,1,0,20220303,TOR,DET,22100942542,|1627783|1628449|1630173|1630567|1630625,0,REG,,,2022,1627783,7.0,PF,Helper,0.72,MISS Olynyk 8' Fadeaway Jumper,,,,DET,1610612765.0,
Shot Chart Detail,22100942,544,0,Opponent,1610612761,Toronto Raptors,4,8,51,Made Shot,Pullup Jump shot,,Mid-Range,Right Side Center(RC),16-24 ft.,17,71,164,1,1,20220303,TOR,DET,22100942544,|1627783|1628449|1630173|1630567|1630625,1,REG,,,2022,1628449,9.0,SF,Helper,0.4,Olynyk 18' Pullup Jump Shot (5 PTS) (Bey 3 AST),,,,DET,1610612765.0,1630180.0
Shot Chart Detail,22100942,553,0,Opponent,1610612761,Toronto Raptors,4,8,15,Missed Shot,Step Back Jump shot,,Above the Break 3,Center(C),24+ ft.,26,-37,258,1,0,20220303,TOR,DET,22100942553,|1627783|1628449|1630173|1630567|1630625,0,REG,,,2022,1630567,6.0,PF,Helper,0.63,MISS Joseph 26' 3PT Step Back Jump Shot,,,,DET,1610612765.0,
Shot Chart Detail,22100942,562,0,Opponent,1610612761,Toronto Raptors,4,7,35,Made Shot,Driving Floating Jump Shot,,In The Paint (Non-RA),Center(C),8-16 ft.,8,-1,85,1,1,20220303,TOR,DET,22100942562,|1627783|1628449|1630173|1630567|1630625,0,REG,,,2022,1630625,8.0,PG,Chaser,0.27,Bey 9' Driving Floating Jump Shot (19 PTS),,,,DET,1610612765.0,
Shot Chart Detail,22100942,573,0,Opponent,1610612761,Toronto Raptors,4,6,53,Missed Shot,Jump Shot,,Above the Break 3,Left Side Center(LC),24+ ft.,25,-192,173,1,0,20220303,TOR,DET,22100942573,|1627783|1628449|1629018|1630173|1630567,0,REG,,,2022,1630567,8.0,PF,Helper,0.63,MISS Grant 26' 3PT Jump Shot,,,,DET,1610612765.0,
Shot Chart Detail,22100942,575,0,Opponent,1610612761,Toronto Raptors,4,6,49,Missed Shot,Tip Layup Shot,,Restricted Area,Center(C),Less Than 8 ft.,0,0,0,1,0,20220303,TOR,DET,22100942575,|1627783|1628449|1629018|1630173|1630567,0,REG,,,2022,1630173,8.0,C,Mobile Big,0.24,MISS Stewart Tip Layup Shot,,,,DET,1610612765.0,
Shot Chart Detail,22100942,590,0,Opponent,1610612761,Toronto Raptors,4,5,54,Made Shot,Running Layup Shot,,Restricted Area,Center(C),Less Than 8 ft.,0,7,6,1,1,20220303,TOR,DET,22100942590,|1627783|1628449|1629018|1630173|1630567,1,REG,,,2022,1630173,8.0,C,Mobile Big,0.24,Stewart 1' Running Layup (8 PTS) (Cunningham 4 AST),,,,DET,1610612765.0,1630595.0
Shot Chart Detail,22100942,599,0,Opponent,1610612761,Toronto Raptors,4,5,14,Missed Shot,Jump Shot,,Left Corner 3,Left Side(L),24+ ft.,23,-234,-4,1,0,20220303,TOR,DET,22100942599,|1627783|1628449|1629018|1630173|1630567,0,REG,,,2022,1628449,7.0,SF,Helper,0.4,MISS Cunningham 3PT Jump Shot,,,,DET,1610612765.0,
Shot Chart Detail,22100942,611,0,Opponent,1610612761,Toronto Raptors,4,4,5,Missed Shot,Jump Shot,,Above the Break 3,Right Side Center(RC),24+ ft.,25,222,120,1,0,20220303,TOR,DET,22100942611,|1627783|1628449|1629018|1630173|1630567,0,REG,,,2022,1628449,4.0,SF,Helper,0.4,MISS Bey 25' 3PT Jump Shot,,,,DET,1610612765.0,
Shot Chart Detail,22100942,615,0,Opponent,1610612761,Toronto Raptors,4,3,40,Missed Shot,Jump Shot,,Left Corner 3,Left Side(L),24+ ft.,23,-233,-3,1,0,20220303,TOR,DET,22100942615,|1627783|1628449|1629018|1630173|1630567,0,REG,,,2022,1627783,4.0,PF,Helper,0.72,MISS Bey 3PT Jump Shot,,,,DET,1610612765.0,
Shot Chart Detail,22100942,623,0,Opponent,1610612761,Toronto Raptors,4,3,19,Made Shot,Layup Shot,,Restricted Area,Center(C),Less Than 8 ft.,1,-12,0,1,1,20220303,TOR,DET,22100942623,|1627783|1628449|1629018|1630173|1630567,1,REG,,,2022,1628449|1627783,6.0,,,,,,,,DET,1610612765.0,1630595.0
Shot Chart Detail,22100942,642,0,Opponent,1610612761,Toronto Raptors,4,2,37,Missed Shot,Driving Floating Jump Shot,,In The Paint (Non-RA),Center(C),Less Than 8 ft.,6,-12,60,1,0,20220303,TOR,DET,22100942642,|1627783|1628449|1629018|1630173|1630567,0,REG,,,2022,1628449|1630173,5.0,,,,,,,,DET,1610612765.0,
Shot Chart Detail,22100942,646,0,Opponent,1610612761,Toronto Raptors,4,2,27,Missed Shot,Fadeaway Jump Shot,,In The Paint (Non-RA),Center(C),8-16 ft.,13,-26,130,1,0,20220303,TOR,DET,22100942646,|1627783|1628449|1629018|1630173|1630567,0,REG,,,2022,1628449|1629018|1630567,5.0,,,,,,,,DET,1610612765.0,
Shot Chart Detail,22100942,648,0,Opponent,1610612761,Toronto Raptors,4,2,23,Made Shot,Tip Layup Shot,,Restricted Area,Center(C),Less Than 8 ft.,0,0,0,1,1,20220303,TOR,DET,22100942648,|1627783|1628449|1629018|1630173|1630567,0,REG,,,2022,1628449,7.0,SF,Helper,0.4,Cunningham Tip Layup Shot (22 PTS),,,,DET,1610612765.0,
Shot Chart Detail,22100942,650,0,Opponent,1610612761,Toronto Raptors,4,1,37,Missed Shot,Pullup Jump shot,,Mid-Range,Left Side(L),8-16 ft.,13,-130,-1,1,0,20220303,TOR,DET,22100942650,|1627783|1628449|1629018|1630173|1630567,0,REG,,,2022,1628449|1630173,7.0,,,,,,,,DET,1610612765.0,
Shot Chart Detail,22100942,654,0,Opponent,1610612761,Toronto Raptors,4,1,3,Missed Shot,Step Back Jump shot,,Left Corner 3,Left Side(L),24+ ft.,23,-230,-6,1,0,20220303,TOR,DET,22100942654,|1627783|1628449|1629018|1630173|1630567,0,REG,,,2022,1628449,4.0,SF,Helper,0.4,MISS Bey 3PT Step Back Jump Shot,,,,DET,1610612765.0,
Shot Chart Detail,22100942,658,0,Opponent,1610612761,Toronto Raptors,4,0,40,Missed Shot,Jump Shot,,Above the Break 3,Center(C),24+ ft.,26,-71,259,1,0,20220303,TOR,DET,22100942658,|1627783|1628449|1629018|1630173|1630567,0,REG,,,2022,1629018,2.0,SG,Chaser,0.19,MISS Cunningham 27' 3PT Jump Shot,,,,DET,1610612765.0,
Shot Chart Detail,22100942,666,0,Opponent,1610612761,Toronto Raptors,4,0,14,Made Shot,Driving Finger Roll Layup Shot,,Restricted Area,Center(C),Less Than 8 ft.,2,25,16,1,1,20220303,TOR,DET,22100942666,|1627783|1628449|1629018|1630173|1630567,0,REG,,,2022,1628449|1630567,3.0,,,,,,,,DET,1610612765.0,
Shot Chart Detail,22100458,13,0,Opponent,1610612761,Toronto Raptors,1,10,50,Missed Shot,Turnaround Fadeaway Bank Jump Shot,,In The Paint (Non-RA),Left Side(L),8-16 ft.,8,-71,44,1,0,20220304,TOR,ORL,2210045813,|1627783|1629018|1630201|1630567|203920,0,REG,,,2022,203920|1630567,-2.0,,,,,,,,ORL,1610612753.0,
Shot Chart Detail,22100458,18,0,Opponent,1610612761,Toronto Raptors,1,10,29,Made Shot,Jump Shot,,Above the Break 3,Left Side Center(LC),24+ ft.,25,-191,173,1,1,20220304,TOR,ORL,2210045818,|1627783|1629018|1630201|1630567|203920,1,REG,,,2022,1627783,1.0,PF,Helper,0.72,Okeke 26' 3PT Jump Shot (3 PTS) (Wagner 1 AST),,,,ORL,1610612753.0,1630532.0
Shot Chart Detail,22100458,22,0,Opponent,1610612761,Toronto Raptors,1,10,0,Made Shot,Running Jump Shot,,Above the Break 3,Left Side Center(LC),24+ ft.,29,-194,226,1,1,20220304,TOR,ORL,2210045822,|1627783|1629018|1630201|1630567|203920,1,REG,,,2022,1630567,4.0,PF,Helper,0.63,Wagner 30' 3PT Running Jump Shot (3 PTS) (Suggs 1 AST),,,,ORL,1610612753.0,1630591.0
Shot Chart Detail,22100458,31,0,Opponent,1610612761,Toronto Raptors,1,9,10,Made Shot,Running Layup Shot,,Restricted Area,Center(C),Less Than 8 ft.,0,2,-3,1,1,20220304,TOR,ORL,2210045831,|1627783|1629018|1630201|1630567|203920,1,REG,,,2022,203920,6.0,C,Mobile Big,0.63,Anthony Running Layup (2 PTS) (Suggs 2 AST),,,,ORL,1610612753.0,1630591.0
Shot Chart Detail,22100458,34,0,Opponent,1610612761,Toronto Raptors,1,8,45,Made Shot,Cutting Layup Shot,,In The Paint (Non-RA),Center(C),Less Than 8 ft.,4,36,18,1,1,20220304,TOR,ORL,2210045834,|1627783|1629018|1630201|1630567|203920,1,REG,,,2022,1630201|1630567,6.0,,,,,,,,ORL,1610612753.0,1630175.0
Shot Chart Detail,22100458,38,0,Opponent,1610612761,Toronto Raptors,1,8,3,Missed Shot,Driving Layup Shot,,Restricted Area,Center(C),Less Than 8 ft.,3,-29,8,1,0,20220304,TOR,ORL,2210045838,|1627783|1629018|1630201|1630567|203920,0,REG,,,2022,1627783,6.0,PF,Helper,0.72,MISS Wagner 3' Driving Layup,,,,ORL,1610612753.0,
Shot Chart Detail,22100458,44,0,Opponent,1610612761,Toronto Raptors,1,7,51,Missed Shot,Jump Shot,,Right Corner 3,Right Side(R),24+ ft.,23,232,12,1,0,20220304,TOR,ORL,2210045844,|1627783|1629018|1630201|1630567|203920,0,REG,,,2022,1630201,4.0,PG,Point of Attack,-0.52,MISS Okeke 3PT Jump Shot,,,,ORL,1610612753.0,
Shot Chart Detail,22100458,46,0,Opponent,1610612761,Toronto Raptors,1,7,45,Missed Shot,Jump Shot,,Above the Break 3,Center(C),24+ ft.,27,-38,270,1,0,20220304,TOR,ORL,2210045846,|1627783|1629018|1630201|1630567|203920,0,REG,,,2022,1630567,4.0,PF,Helper,0.63,MISS Suggs 27' 3PT Jump Shot,,,,ORL,1610612753.0,
Shot Chart Detail,22100458,48,0,Opponent,1610612761,Toronto Raptors,1,7,40,Missed Shot,Jump Shot,,Above the Break 3,Left Side Center(LC),24+ ft.,27,-157,231,1,0,20220304,TOR,ORL,2210045848,|1627783|1629018|1630201|1630567|203920,0,REG,,,2022,1629018,4.0,SG,Chaser,0.19,MISS Anthony 28' 3PT Jump Shot,,,,ORL,1610612753.0,
Shot Chart Detail,22100458,52,0,Opponent,1610612761,Toronto Raptors,1,7,17,Made Shot,Driving Finger Roll Layup Shot,,Restricted Area,Center(C),Less Than 8 ft.,3,4,38,1,1,20220304,TOR,ORL,2210045852,|1627783|1629018|1630201|1630567|203920,1,REG,,,2022,203920,3.0,C,Mobile Big,0.63,Wagner 4' Driving Finger Roll Layup (7 PTS) (Okeke 1 AST),,,,ORL,1610612753.0,1629643.0
Shot Chart Detail,22100458,64,0,Opponent,1610612761,Toronto Raptors,1,6,48,Missed Shot,Cutting Layup Shot,,Restricted Area,Center(C),Less Than 8 ft.,3,-20,25,1,0,20220304,TOR,ORL,2210045864,|1627783|1628449|1630173|1630201|1630567,0,REG,,,2022,1628449|1630567,2.0,,,,,,,,ORL,1610612753.0,
Shot Chart Detail,22100458,71,0,Opponent,1610612761,Toronto Raptors,1,6,16,Missed Shot,Cutting Dunk Shot,,In The Paint (Non-RA),Center(C),Less Than 8 ft.,5,44,25,1,0,20220304,TOR,ORL,2210045871,|1627783|1628449|1630173|1630201|1630567,0,REG,,,2022,1628449,-1.0,SF,Helper,0.4,Boucher BLOCK (1 BLK),,,,ORL,1610612753.0,
Shot Chart Detail,22100458,76,0,Opponent,1610612761,Toronto Raptors,1,5,50,Made Shot,Alley Oop Dunk Shot,,Restricted Area,Center(C),Less Than 8 ft.,0,1,2,1,1,20220304,TOR,ORL,2210045876,|1627783|1628449|1630173|1630201|1630567,1,REG,,,2022,1627783|1630567,-2.0,,,,,,,,ORL,1610612753.0,1630532.0
Shot Chart Detail,22100458,91,0,Opponent,1610612761,Toronto Raptors,1,5,0,Missed Shot,Running Pull-Up Jump Shot,,In The Paint (Non-RA),Center(C),8-16 ft.,13,65,120,1,0,20220304,TOR,ORL,2210045891,|1627783|1628449|1629018|1630173|1630201,0,REG,,,2022,1628449,0.0,SF,Helper,0.4,MISS Suggs 14' Running Pull-Up Jump Shot,,,,ORL,1610612753.0,
Shot Chart Detail,22100458,100,0,Opponent,1610612761,Toronto Raptors,1,4,37,Missed Shot,Jump Shot,,Above the Break 3,Left Side Center(LC),24+ ft.,25,-188,173,1,0,20220304,TOR,ORL,22100458100,|1627783|1628449|1629018|1630173|1630201,0,REG,,,2022,1630173,-1.0,C,Mobile Big,0.24,MISS Okeke 26' 3PT Jump Shot,,,,ORL,1610612753.0,
Shot Chart Detail,22100458,105,0,Opponent,1610612761,Toronto Raptors,1,4,7,Made Shot,Alley Oop Dunk Shot,,Restricted Area,Center(C),Less Than 8 ft.,0,0,1,1,1,20220304,TOR,ORL,22100458105,|1627783|1628449|1629018|1630173|1630201,1,REG,,,2022,1627783,1.0,PF,Helper,0.72,Okeke Alley Oop Dunk (5 PTS) (Suggs 3 AST),,,,ORL,1610612753.0,1630591.0
Shot Chart Detail,22100458,109,0,Opponent,1610612761,Toronto Raptors,1,3,45,Missed Shot,Jump Shot,,Above the Break 3,Right Side Center(RC),24+ ft.,24,159,189,1,0,20220304,TOR,ORL,22100458109,|1627783|1628449|1629018|1630173|1630201,0,REG,,,2022,1630201,1.0,PG,Point of Attack,-0.52,MISS Wagner 25' 3PT Jump Shot,,,,ORL,1610612753.0,
Shot Chart Detail,22100458,113,0,Opponent,1610612761,Toronto Raptors,1,3,5,Made Shot,Cutting Layup Shot,,Restricted Area,Center(C),Less Than 8 ft.,3,28,15,1,1,20220304,TOR,ORL,22100458113,|1627783|1628449|1629018|1630173|1630201,1,REG,,,2022,1630201,3.0,PG,Point of Attack,-0.52,Suggs 3' Cutting Layup Shot (6 PTS) (Harris 1 AST),,,,ORL,1610612753.0,203914.0
Shot Chart Detail,22100458,127,0,Opponent,1610612761,Toronto Raptors,1,2,23,Missed Shot,Step Back Jump shot,,Above the Break 3,Center(C),24+ ft.,26,-36,267,1,0,20220304,TOR,ORL,22100458127,|1628449|1629004|1629018|1630173|1630567,0,REG,,,2022,1629004,1.0,SF,Chaser,-0.31,MISS Harris 27' 3PT Step Back Jump Shot,,,,ORL,1610612753.0,
Shot Chart Detail,22100458,131,0,Opponent,1610612761,Toronto Raptors,1,2,1,Missed Shot,Jump Shot,,Above the Break 3,Left Side Center(LC),24+ ft.,26,-158,217,1,0,20220304,TOR,ORL,22100458131,|1628449|1629004|1629018|1630173|1630567,0,REG,,,2022,1630567,1.0,PF,Helper,0.63,MISS Anthony 27' 3PT Jump Shot,,,,ORL,1610612753.0,
Shot Chart Detail,22100458,135,0,Opponent,1610612761,Toronto Raptors,1,1,35,Made Shot,Driving Layup Shot,,In The Paint (Non-RA),Center(C),Less Than 8 ft.,4,43,23,1,1,20220304,TOR,ORL,22100458135,|1628449|1629004|1629018|1630173|1630567,0,REG,,,2022,1630567,3.0,PF,Helper,0.63,Hampton 5' Driving Layup (2 PTS),,,,ORL,1610612753.0,
Shot Chart Detail,22100458,138,0,Opponent,1610612761,Toronto Raptors,1,1,14,Made Shot,Jump Shot,,Right Corner 3,Right Side(R),24+ ft.,22,228,27,1,1,20220304,TOR,ORL,22100458138,|1628449|1629004|1629018|1630173|1630567,1,REG,,,2022,1628449,6.0,SF,Helper,0.4,Hampton 3PT Jump Shot (5 PTS) (Anthony 2 AST),,,,ORL,1610612753.0,1630175.0
Shot Chart Detail,22100458,142,0,Opponent,1610612761,Toronto Raptors,1,0,33,Missed Shot,Driving Finger Roll Layup Shot,,In The Paint (Non-RA),Center(C),Less Than 8 ft.,6,49,47,1,0,20220304,TOR,ORL,22100458142,|1628449|1629004|1629018|1630173|1630567,0,REG,,,2022,1630173|1630567,4.0,,,,,,,,ORL,1610612753.0,
Shot Chart Detail,22100458,147,0,Opponent,1610612761,Toronto Raptors,1,0,1,Missed Shot,Step Back Jump shot,,Above the Break 3,Center(C),24+ ft.,26,16,264,1,0,20220304,TOR,ORL,22100458147,|1628449|1629004|1629018|1630173|1630567,0,REG,,,2022,1628449,4.0,SF,Helper,0.4,MISS Hampton 26' 3PT Step Back Jump Shot,,,,ORL,1610612753.0,
Shot Chart Detail,22100458,160,0,Opponent,1610612761,Toronto Raptors,2,11,45,Missed Shot,Jump Shot,,Above the Break 3,Left Side Center(LC),24+ ft.,26,-141,227,1,0,20220304,TOR,ORL,22100458160,|1627783|1629004|1630567|201152|203920,0,REG,,,2022,1629004,4.0,SF,Chaser,-0.31,MISS Harris 27' 3PT Jump Shot,,,,ORL,1610612753.0,
Shot Chart Detail,22100458,164,0,Opponent,1610612761,Toronto Raptors,2,11,19,Missed Shot,Jump Shot,,Above the Break 3,Left Side Center(LC),24+ ft.,27,-172,218,1,0,20220304,TOR,ORL,22100458164,|1627783|1629004|1630567|201152|203920,0,REG,,,2022,1630567,2.0,PF,Helper,0.63,MISS Hampton 28' 3PT Jump Shot,,,,ORL,1610612753.0,
Shot Chart Detail,22100458,169,0,Opponent,1610612761,Toronto Raptors,2,10,55,Missed Shot,Running Pull-Up Jump Shot,,Above the Break 3,Left Side Center(LC),24+ ft.,25,-179,186,1,0,20220304,TOR,ORL,22100458169,|1627783|1629004|1630567|201152|203920,0,REG,,,2022,1630567,2.0,PF,Helper,0.63,MISS Anthony 26' 3PT Running Pull-Up Jump Shot,,,,ORL,1610612753.0,
Shot Chart Detail,22100458,173,0,Opponent,1610612761,Toronto Raptors,2,10,32,Missed Shot,Driving Hook Shot,,In The Paint (Non-RA),Center(C),Less Than 8 ft.,5,4,54,1,0,20220304,TOR,ORL,22100458173,|1627783|1629004|1630567|201152|203920,0,REG,,,2022,203920,0.0,C,Mobile Big,0.63,MISS Hampton 5' Driving Hook Shot,,,,ORL,1610612753.0,
Shot Chart Detail,22100458,177,0,Opponent,1610612761,Toronto Raptors,2,10,12,Missed Shot,Pullup Jump shot,,Mid-Range,Right Side Center(RC),16-24 ft.,20,87,181,1,0,20220304,TOR,ORL,22100458177,|1627783|1629004|1630567|201152|203920,0,REG,,,2022,1627783,0.0,PF,Helper,0.72,MISS Harris 20' Pullup Jump Shot,,,,ORL,1610612753.0,
Shot Chart Detail,22100458,181,0,Opponent,1610612761,Toronto Raptors,2,9,41,Missed Shot,Turnaround Hook Shot,,In The Paint (Non-RA),Center(C),Less Than 8 ft.,7,-53,57,1,0,20220304,TOR,ORL,22100458181,|1627783|1629004|1630567|201152|203920,0,REG,,,2022,203920,0.0,C,Mobile Big,0.63,MISS Lopez 8' Turnaround Hook Shot,,,,ORL,1610612753.0,
Shot Chart Detail,22100458,185,0,Opponent,1610612761,Toronto Raptors,2,9,15,Made Shot,Driving Finger Roll Layup Shot,,In The Paint (Non-RA),Center(C),Less Than 8 ft.,5,38,42,1,1,20220304,TOR,ORL,22100458185,|1627783|1629004|1630567|201152|203920,0,REG,,,2022,1630567,2.0,PF,Helper,0.63,Anthony 6' Driving Finger Roll Layup (4 PTS),,,,ORL,1610612753.0,
Shot Chart Detail,22100458,196,0,Opponent,1610612761,Toronto Raptors,2,8,45,Made Shot,Driving Floating Jump Shot,,In The Paint (Non-RA),Center(C),Less Than 8 ft.,7,47,58,1,1,20220304,TOR,ORL,22100458196,|1627783|1629004|1630201|201152|203920,0,REG,,,2022,203920,4.0,C,Mobile Big,0.63,Schofield 7' Driving Floating Jump Shot (2 PTS),,,,ORL,1610612753.0,
Shot Chart Detail,22100458,200,0,Opponent,1610612761,Toronto Raptors,2,8,24,Missed Shot,Jump Shot,,Above the Break 3,Left Side Center(LC),24+ ft.,26,-185,191,1,0,20220304,TOR,ORL,22100458200,|1627783|1629004|1630201|201152|203920,0,REG,,,2022,201152,4.0,PF,Helper,0.84,MISS Schofield 27' 3PT Jump Shot,,,,ORL,1610612753.0,
Shot Chart Detail,22100458,204,0,Opponent,1610612761,Toronto Raptors,2,8,5,Missed Shot,Jump Shot,,Above the Break 3,Left Side Center(LC),24+ ft.,26,-200,181,1,0,20220304,TOR,ORL,22100458204,|1627783|1629004|1630201|201152|203920,0,REG,,,2022,201152,4.0,PF,Helper,0.84,MISS Schofield 27' 3PT Jump Shot,,,,ORL,1610612753.0,
Shot Chart Detail,22100458,211,0,Opponent,1610612761,Toronto Raptors,2,7,37,Missed Shot,Turnaround Jump Shot,,In The Paint (Non-RA),Center(C),8-16 ft.,8,-6,88,1,0,20220304,TOR,ORL,22100458211,|1627783|1629018|1630173|1630201|201152,0,REG,,,2022,1630201,4.0,PG,Point of Attack,-0.52,MISS Hampton 9' Turnaround Jump Shot,,,,ORL,1610612753.0,
Shot Chart Detail,22100458,218,0,Opponent,1610612761,Toronto Raptors,2,6,29,Missed Shot,Step Back Jump shot,,Above the Break 3,Left Side Center(LC),24+ ft.,26,-165,212,1,0,20220304,TOR,ORL,22100458218,|1627783|1629018|1630173|1630201|201152,0,REG,,,2022,1630201,2.0,PG,Point of Attack,-0.52,MISS Harris 27' 3PT Step Back Jump Shot,,,,ORL,1610612753.0,
Shot Chart Detail,22100458,222,0,Opponent,1610612761,Toronto Raptors,2,6,11,Made Shot,Layup Shot,,Restricted Area,Center(C),Less Than 8 ft.,0,6,4,1,1,20220304,TOR,ORL,22100458222,|1627783|1629018|1630173|1630201|201152,1,REG,,,2022,1630201|201152,4.0,,,,,,,,ORL,1610612753.0,203914.0
Shot Chart Detail,22100458,235,0,Opponent,1610612761,Toronto Raptors,2,5,38,Missed Shot,Driving Layup Shot,,In The Paint (Non-RA),Center(C),Less Than 8 ft.,6,-43,49,1,0,20220304,TOR,ORL,22100458235,|1629018|1630173|1630201|1630567|201152,0,REG,,,2022,1630173,4.0,C,Mobile Big,0.24,Achiuwa BLOCK (2 BLK),,,,ORL,1610612753.0,
Shot Chart Detail,22100458,242,0,Opponent,1610612761,Toronto Raptors,2,5,8,Made Shot,Jump Shot,,Above the Break 3,Center(C),24+ ft.,27,-21,275,1,1,20220304,TOR,ORL,22100458242,|1629018|1630173|1630201|1630567|201152,1,REG,,,2022,1629018,7.0,SG,Chaser,0.19,Harris 28' 3PT Jump Shot (3 PTS) (Suggs 4 AST),,,,ORL,1610612753.0,1630591.0
Shot Chart Detail,22100458,248,0,Opponent,1610612761,Toronto Raptors,2,4,21,Made Shot,Jump Shot,,Above the Break 3,Left Side Center(LC),24+ ft.,26,-194,181,1,1,20220304,TOR,ORL,22100458248,|1629018|1630173|1630201|1630567|201152,1,REG,,,2022,201152,7.0,PF,Helper,0.84,Suggs 27' 3PT Jump Shot (9 PTS) (Harris 3 AST),,,,ORL,1610612753.0,203914.0
Shot Chart Detail,22100458,255,0,Opponent,1610612761,Toronto Raptors,2,3,59,Missed Shot,Jump Shot,,Right Corner 3,Right Side(R),24+ ft.,23,230,17,1,0,20220304,TOR,ORL,22100458255,|1628449|1629018|1630173|1630201|1630567,0,REG,,,2022,1630201,7.0,PG,Point of Attack,-0.52,MISS Bamba 3PT Jump Shot,,,,ORL,1610612753.0,
Shot Chart Detail,22100458,269,0,Opponent,1610612761,Toronto Raptors,2,3,26,Made Shot,Layup Shot,,Restricted Area,Center(C),Less Than 8 ft.,1,9,8,1,1,20220304,TOR,ORL,22100458269,|1627783|1628449|1630173|1630201|1630567,1,REG,,,2022,1630567,9.0,PF,Helper,0.63,Bamba 1' Layup (4 PTS) (Suggs 5 AST),,,,ORL,1610612753.0,1630591.0
Shot Chart Detail,22100458,286,0,Opponent,1610612761,Toronto Raptors,2,2,19,Missed Shot,Turnaround Hook Shot,,Mid-Range,Right Side(R),8-16 ft.,11,112,22,1,0,20220304,TOR,ORL,22100458286,|1627783|1628449|1630173|1630201|1630567,0,REG,,,2022,1630567,8.0,PF,Helper,0.63,MISS Bamba 11' Turnaround Hook Shot,,,,ORL,1610612753.0,
Shot Chart Detail,22100458,291,0,Opponent,1610612761,Toronto Raptors,2,1,50,Missed Shot,Step Back Jump shot,,Above the Break 3,Left Side Center(LC),24+ ft.,26,-212,160,1,0,20220304,TOR,ORL,22100458291,|1627783|1628449|1630173|1630201|1630567,0,REG,,,2022,1630201,8.0,PG,Point of Attack,-0.52,MISS Suggs 27' 3PT Step Back Jump Shot,,,,ORL,1610612753.0,
Shot Chart Detail,22100458,293,0,Opponent,1610612761,Toronto Raptors,2,1,44,Made Shot,Jump Shot,,Above the Break 3,Left Side Center(LC),24+ ft.,30,-96,289,1,1,20220304,TOR,ORL,22100458293,|1627783|1628449|1630173|1630201|1630567,1,REG,,,2022,1630173,11.0,C,Mobile Big,0.24,Anthony 30' 3PT Jump Shot (8 PTS) (Wagner 3 AST),,,,ORL,1610612753.0,1630532.0
Shot Chart Detail,22100458,297,0,Opponent,1610612761,Toronto Raptors,2,1,0,Missed Shot,Jump Shot,,Above the Break 3,Left Side Center(LC),24+ ft.,28,-130,257,1,0,20220304,TOR,ORL,22100458297,|1627783|1628449|1630173|1630201|1630567,0,REG,,,2022,1630567,11.0,PF,Helper,0.63,MISS Suggs 29' 3PT Jump Shot,,,,ORL,1610612753.0,
Shot Chart Detail,22100458,308,0,Opponent,1610612761,Toronto Raptors,2,0,4,Made Shot,Cutting Layup Shot,,Restricted Area,Center(C),Less Than 8 ft.,1,13,4,1,1,20220304,TOR,ORL,22100458308,|1627783|1628449|1630173|1630201|1630567,1,REG,,,2022,1630201,10.0,PG,Point of Attack,-0.52,Anthony 1' Cutting Layup Shot (10 PTS) (Suggs 6 AST),,,,ORL,1610612753.0,1630591.0
Shot Chart Detail,22100458,315,0,Opponent,1610612761,Toronto Raptors,2,0,0,Missed Shot,Alley Oop Layup shot,,Restricted Area,Center(C),Less Than 8 ft.,2,25,11,1,0,20220304,TOR,ORL,22100458315,|1627783|1628449|1630173|1630201|1630567,0,REG,,,2022,1630567,9.0,PF,Helper,0.63,Barnes BLOCK (1 BLK),,,,ORL,1610612753.0,
Shot Chart Detail,22100458,322,0,Opponent,1610612761,Toronto Raptors,3,11,43,Missed Shot,Driving Hook Shot,,In The Paint (Non-RA),Center(C),Less Than 8 ft.,7,-28,67,1,0,20220304,TOR,ORL,22100458322,|1627783|1628449|1629018|1630201|1630567,0,REG,,,2022,1630201|1630567,9.0,,,,,,,,ORL,1610612753.0,
Shot Chart Detail,22100458,326,0,Opponent,1610612761,Toronto Raptors,3,11,9,Made Shot,Reverse Layup Shot,,Restricted Area,Center(C),Less Than 8 ft.,2,15,25,1,1,20220304,TOR,ORL,22100458326,|1627783|1628449|1629018|1630201|1630567,1,REG,,,2022,1630567,11.0,PF,Helper,0.63,Wagner 3' Reverse Layup (9 PTS) (Anthony 3 AST),,,,ORL,1610612753.0,1630175.0
Shot Chart Detail,22100458,335,0,Opponent,1610612761,Toronto Raptors,3,10,5,Missed Shot,Jump Shot,,Above the Break 3,Right Side Center(RC),24+ ft.,26,208,156,1,0,20220304,TOR,ORL,22100458335,|1627783|1628449|1629018|1630201|1630567,0,REG,,,2022,1630567,11.0,PF,Helper,0.63,MISS Okeke 26' 3PT Jump Shot,,,,ORL,1610612753.0,
Shot Chart Detail,22100458,343,0,Opponent,1610612761,Toronto Raptors,3,9,29,Missed Shot,Turnaround Jump Shot,,Mid-Range,Center(C),8-16 ft.,15,16,153,1,0,20220304,TOR,ORL,22100458343,|1627783|1628449|1629018|1630201|1630567,0,REG,,,2022,1627783,9.0,PF,Helper,0.72,MISS Okeke 15' Turnaround Jump Shot,,,,ORL,1610612753.0,
Shot Chart Detail,22100458,345,0,Opponent,1610612761,Toronto Raptors,3,9,23,Missed Shot,Jump Shot,,Left Corner 3,Left Side(L),24+ ft.,23,-229,38,1,0,20220304,TOR,ORL,22100458345,|1627783|1628449|1629018|1630201|1630567,0,REG,,,2022,1630201,9.0,PG,Point of Attack,-0.52,MISS Suggs 3PT Jump Shot,,,,ORL,1610612753.0,
Shot Chart Detail,22100458,354,0,Opponent,1610612761,Toronto Raptors,3,8,53,Missed Shot,Turnaround Hook Shot,,In The Paint (Non-RA),Center(C),Less Than 8 ft.,5,-28,51,1,0,20220304,TOR,ORL,22100458354,|1627783|1628449|1629018|1630201|1630567,0,REG,,,2022,1630567,9.0,PF,Helper,0.63,MISS Okeke 6' Turnaround Hook Shot,,,,ORL,1610612753.0,
Shot Chart Detail,22100458,358,0,Opponent,1610612761,Toronto Raptors,3,8,36,Missed Shot,Jump Shot,,Above the Break 3,Left Side Center(LC),24+ ft.,25,-181,182,1,0,20220304,TOR,ORL,22100458358,|1627783|1628449|1629018|1630201|1630567,0,REG,,,2022,1628449|1630567,9.0,,,,,,,,ORL,1610612753.0,
Shot Chart Detail,22100458,360,0,Opponent,1610612761,Toronto Raptors,3,8,29,Missed Shot,Layup Shot,,Restricted Area,Center(C),Less Than 8 ft.,2,-15,22,1,0,20220304,TOR,ORL,22100458360,|1627783|1628449|1629018|1630201|1630567,0,REG,,,2022,1627783,9.0,PF,Helper,0.72,MISS Schofield 3' Layup,,,,ORL,1610612753.0,
Shot Chart Detail,22100458,362,0,Opponent,1610612761,Toronto Raptors,3,8,23,Made Shot,Cutting Layup Shot,,In The Paint (Non-RA),Center(C),Less Than 8 ft.,4,40,-2,1,1,20220304,TOR,ORL,22100458362,|1627783|1628449|1629018|1630201|1630567,1,REG,,,2022,1628449,11.0,SF,Helper,0.4,Suggs 4' Cutting Layup Shot (11 PTS) (Anthony 4 AST),,,,ORL,1610612753.0,1630175.0
Shot Chart Detail,22100458,374,0,Opponent,1610612761,Toronto Raptors,3,7,45,Missed Shot,Driving Layup Shot,,In The Paint (Non-RA),Center(C),Less Than 8 ft.,5,-6,52,1,0,20220304,TOR,ORL,22100458374,|1627783|1629004|1630173|1630201|201152,0,REG,,,2022,1630173|201152,11.0,,,,,,,,ORL,1610612753.0,
Shot Chart Detail,22100458,382,0,Opponent,1610612761,Toronto Raptors,3,7,6,Missed Shot,Fadeaway Jump Shot,,In The Paint (Non-RA),Center(C),8-16 ft.,12,59,114,1,0,20220304,TOR,ORL,22100458382,|1627783|1629004|1630173|1630201|201152,0,REG,,,2022,201152,11.0,PF,Helper,0.84,MISS Okeke 13' Fadeaway Jumper,,,,ORL,1610612753.0,
Shot Chart Detail,22100458,396,0,Opponent,1610612761,Toronto Raptors,3,6,14,Missed Shot,Fadeaway Jump Shot,,In The Paint (Non-RA),Center(C),8-16 ft.,11,25,117,1,0,20220304,TOR,ORL,22100458396,|1627783|1629004|1630173|1630201|201152,0,REG,,,2022,1630201,8.0,PG,Point of Attack,-0.52,MISS Anthony 12' Fadeaway Jumper,,,,ORL,1610612753.0,
Shot Chart Detail,22100458,398,0,Opponent,1610612761,Toronto Raptors,3,6,8,Made Shot,Turnaround Fadeaway shot,,Mid-Range,Right Side(R),16-24 ft.,16,151,56,1,1,20220304,TOR,ORL,22100458398,|1627783|1629004|1630173|1630201|201152,0,REG,,,2022,1630173|201152,10.0,,,,,,,,ORL,1610612753.0,
Shot Chart Detail,22100458,401,0,Opponent,1610612761,Toronto Raptors,3,5,47,Missed Shot,Running Layup Shot,,In The Paint (Non-RA),Center(C),Less Than 8 ft.,7,66,43,1,0,20220304,TOR,ORL,22100458401,|1627783|1629004|1630173|1630201|201152,0,REG,,,2022,1627783,10.0,PF,Helper,0.72,MISS Suggs 8' Running Layup,,,,ORL,1610612753.0,
Shot Chart Detail,22100458,408,0,Opponent,1610612761,Toronto Raptors,3,5,14,Missed Shot,Driving Floating Jump Shot,,In The Paint (Non-RA),Center(C),Less Than 8 ft.,7,50,55,1,0,20220304,TOR,ORL,22100458408,|1627783|1629004|1630173|1630201|201152,0,REG,,,2022,1630173,10.0,C,Mobile Big,0.24,MISS Suggs 7' Driving Floating Jump Shot,,,,ORL,1610612753.0,
Shot Chart Detail,22100458,418,0,Opponent,1610612761,Toronto Raptors,3,4,44,Missed Shot,Driving Layup Shot,,Restricted Area,Center(C),Less Than 8 ft.,2,-6,26,1,0,20220304,TOR,ORL,22100458418,|1627783|1629004|1630173|1630201|201152,0,REG,,,2022,201152,12.0,PF,Helper,0.84,Young BLOCK (1 BLK),,,,ORL,1610612753.0,
Shot Chart Detail,22100458,428,0,Opponent,1610612761,Toronto Raptors,3,4,16,Missed Shot,Driving Finger Roll Layup Shot,,In The Paint (Non-RA),Right Side(R),8-16 ft.,8,62,51,1,0,20220304,TOR,ORL,22100458428,|1627783|1629004|1630173|1630201|201152,0,REG,,,2022,1630173,14.0,C,Mobile Big,0.24,MISS Wagner 8' Driving Finger Roll Layup,,,,ORL,1610612753.0,
Shot Chart Detail,22100458,432,0,Opponent,1610612761,Toronto Raptors,3,3,51,Missed Shot,Turnaround Bank Hook Shot,,In The Paint (Non-RA),Center(C),Less Than 8 ft.,6,45,50,1,0,20220304,TOR,ORL,22100458432,|1627783|1629004|1630173|1630201|201152,0,REG,,,2022,1630173,12.0,C,Mobile Big,0.24,MISS Lopez 7' Turnaround Bank Hook Shot,,,,ORL,1610612753.0,
Shot Chart Detail,22100458,441,0,Opponent,1610612761,Toronto Raptors,3,3,34,Missed Shot,Step Back Jump shot,,Above the Break 3,Right Side Center(RC),24+ ft.,26,173,201,1,0,20220304,TOR,ORL,22100458441,|1627783|1629004|1630173|1630567|201152,0,REG,,,2022,1627783,10.0,PF,Helper,0.72,MISS Wagner 27' 3PT Step Back Jump Shot,,,,ORL,1610612753.0,
Shot Chart Detail,22100458,453,0,Opponent,1610612761,Toronto Raptors,3,2,46,Made Shot,Step Back Jump shot,,Above the Break 3,Left Side Center(LC),24+ ft.,24,-218,122,1,1,20220304,TOR,ORL,22100458453,|1627783|1629004|1630173|1630567|201152,0,REG,,,2022,201152,10.0,PF,Helper,0.84,Okeke 25' 3PT Step Back Jump Shot (10 PTS),,,,ORL,1610612753.0,
Shot Chart Detail,22100458,456,0,Opponent,1610612761,Toronto Raptors,3,2,18,Made Shot,Running Jump Shot,,Left Corner 3,Left Side(L),24+ ft.,22,-228,11,1,1,20220304,TOR,ORL,22100458456,|1627783|1629004|1630173|1630567|201152,1,REG,,,2022,,,,,,,,,,ORL,1610612753.0,1630591.0
Shot Chart Detail,22100458,470,0,Opponent,1610612761,Toronto Raptors,3,1,14,Missed Shot,Running Layup Shot,,Restricted Area,Center(C),Less Than 8 ft.,2,-7,26,1,0,20220304,TOR,ORL,22100458470,|1629004|1629018|1630173|1630567|201152,0,REG,,,2022,1630567,11.0,PF,Helper,0.63,MISS Hampton 3' Running Layup,,,,ORL,1610612753.0,
Shot Chart Detail,22100458,472,0,Opponent,1610612761,Toronto Raptors,3,1,11,Made Shot,Tip Layup Shot,,Restricted Area,Center(C),Less Than 8 ft.,0,0,0,1,1,20220304,TOR,ORL,22100458472,|1629004|1629018|1630173|1630567|201152,0,REG,,,2022,1629018,13.0,SG,Chaser,0.19,Brazdeikis Tip Layup Shot (2 PTS),,,,ORL,1610612753.0,
Shot Chart Detail,22100458,487,0,Opponent,1610612761,Toronto Raptors,3,0,15,Missed Shot,Driving Finger Roll Layup Shot,,Restricted Area,Center(C),Less Than 8 ft.,0,-2,9,1,0,20220304,TOR,ORL,22100458487,|1629004|1629018|1630173|1630201|1630567,0,REG,,,2022,1630173,10.0,C,Mobile Big,0.24,MISS Suggs 1' Driving Finger Roll Layup,,,,ORL,1610612753.0,
Shot Chart Detail,22100458,489,0,Opponent,1610612761,Toronto Raptors,3,0,14,Made Shot,Tip Layup Shot,,Restricted Area,Center(C),Less Than 8 ft.,0,0,0,1,1,20220304,TOR,ORL,22100458489,|1629004|1629018|1630173|1630201|1630567,0,REG,,,2022,1630567,12.0,PF,Helper,0.63,Lopez Tip Layup Shot (4 PTS),,,,ORL,1610612753.0,
Shot Chart Detail,22100458,504,0,Opponent,1610612761,Toronto Raptors,4,11,24,Made Shot,Driving Layup Shot,,Restricted Area,Center(C),Less Than 8 ft.,1,15,10,1,1,20220304,TOR,ORL,22100458504,|1627783|1629018|1629139|1630201|1630567,0,REG,,,2022,1629139,14.0,SF,Helper,0.1,Brazdeikis 2' Driving Layup (4 PTS),,,,ORL,1610612753.0,
Shot Chart Detail,22100458,508,0,Opponent,1610612761,Toronto Raptors,4,10,53,Made Shot,Driving Bank Hook Shot,,In The Paint (Non-RA),Center(C),Less Than 8 ft.,4,-32,30,1,1,20220304,TOR,ORL,22100458508,|1627783|1629018|1629139|1630201|1630567,0,REG,,,2022,1630201|1630567,14.0,,,,,,,,ORL,1610612753.0,
Shot Chart Detail,22100458,518,0,Opponent,1610612761,Toronto Raptors,4,10,18,Made Shot,Running Jump Shot,,In The Paint (Non-RA),Center(C),Less Than 8 ft.,7,29,64,1,1,20220304,TOR,ORL,22100458518,|1627783|1629018|1629139|1630201|1630567,1,REG,,,2022,1627783,14.0,PF,Helper,0.72,Hampton 7' Running Jump Shot (7 PTS) (Anthony 5 AST),,,,ORL,1610612753.0,1630175.0
Shot Chart Detail,22100458,524,0,Opponent,1610612761,Toronto Raptors,4,9,41,Missed Shot,Jump Shot,,Left Corner 3,Left Side(L),24+ ft.,22,-229,10,1,0,20220304,TOR,ORL,22100458524,|1627783|1629018|1629139|1630201|1630567,0,REG,,,2022,1629018,13.0,SG,Chaser,0.19,MISS Harris 3PT Jump Shot,,,,ORL,1610612753.0,
Shot Chart Detail,22100458,530,0,Opponent,1610612761,Toronto Raptors,4,9,14,Missed Shot,Driving Finger Roll Layup Shot,,Restricted Area,Center(C),Less Than 8 ft.,2,22,5,1,0,20220304,TOR,ORL,22100458530,|1627783|1629018|1629139|1630201|1630567,0,REG,,,2022,1627783|1630567,10.0,,,,,,,,ORL,1610612753.0,
Shot Chart Detail,22100458,549,0,Opponent,1610612761,Toronto Raptors,4,8,26,Missed Shot,Driving Floating Jump Shot,,In The Paint (Non-RA),Right Side(R),8-16 ft.,8,49,74,1,0,20220304,TOR,ORL,22100458549,|1627783|1629018|1629139|1630201|1630567,0,REG,,,2022,1629018|1630567,10.0,,,,,,,,ORL,1610612753.0,
Shot Chart Detail,22100458,551,0,Opponent,1610612761,Toronto Raptors,4,8,22,Made Shot,Jump Shot,,Above the Break 3,Center(C),24+ ft.,26,-53,258,1,1,20220304,TOR,ORL,22100458551,|1627783|1629018|1629139|1630201|1630567,1,REG,,,2022,1629018,13.0,SG,Chaser,0.19,Hampton 26' 3PT Jump Shot (11 PTS) (Bamba 1 AST),,,,ORL,1610612753.0,1628964.0
Shot Chart Detail,22100458,554,0,Opponent,1610612761,Toronto Raptors,4,7,45,Missed Shot,Jump Shot,,Right Corner 3,Right Side(R),24+ ft.,24,238,48,1,0,20220304,TOR,ORL,22100458554,|1627783|1629018|1629139|1630201|1630567,0,REG,,,2022,1629139,11.0,SF,Helper,0.1,MISS Hampton 24' 3PT Jump Shot,,,,ORL,1610612753.0,
Shot Chart Detail,22100458,557,0,Opponent,1610612761,Toronto Raptors,4,7,18,Made Shot,Jump Shot,,Left Corner 3,Left Side(L),24+ ft.,23,-239,14,1,1,20220304,TOR,ORL,22100458557,|1627783|1629018|1629139|1630201|1630567,1,REG,,,2022,1627783,12.0,PF,Helper,0.72,Harris 24' 3PT Jump Shot (11 PTS) (Wagner 4 AST),,,,ORL,1610612753.0,1630532.0
Shot Chart Detail,22100458,561,0,Opponent,1610612761,Toronto Raptors,4,6,42,Missed Shot,Jump Shot,,Left Corner 3,Left Side(L),24+ ft.,22,-229,6,1,0,20220304,TOR,ORL,22100458561,|1627783|1629018|1629139|1630201|1630567,0,REG,,,2022,,,,,,,,,,ORL,1610612753.0,
Shot Chart Detail,22100458,570,0,Opponent,1610612761,Toronto Raptors,4,6,12,Made Shot,Driving Finger Roll Layup Shot,,Restricted Area,Center(C),Less Than 8 ft.,3,27,25,1,1,20220304,TOR,ORL,22100458570,|1627783|1629018|1629139|1630201|1630567,0,REG,,,2022,1630567,14.0,PF,Helper,0.63,Wagner 4' Driving Finger Roll Layup (11 PTS),,,,ORL,1610612753.0,
Shot Chart Detail,22100458,572,0,Opponent,1610612761,Toronto Raptors,4,5,39,Made Shot,Jump Shot,,Above the Break 3,Center(C),24+ ft.,26,42,257,1,1,20220304,TOR,ORL,22100458572,|1627783|1629018|1629139|1630201|1630567,1,REG,,,2022,1630201,14.0,PG,Point of Attack,-0.52,Bamba 26' 3PT Jump Shot (8 PTS) (Hampton 1 AST),,,,ORL,1610612753.0,1630181.0
Shot Chart Detail,22100458,580,0,Opponent,1610612761,Toronto Raptors,4,5,17,Missed Shot,Jump Shot,,Right Corner 3,Right Side(R),24+ ft.,23,238,11,1,0,20220304,TOR,ORL,22100458580,|1627783|1628449|1629139|1630201|1630567,0,REG,,,2022,1627783,12.0,PF,Helper,0.72,MISS Bamba 24' 3PT Jump Shot,,,,ORL,1610612753.0,
Shot Chart Detail,22100458,583,0,Opponent,1610612761,Toronto Raptors,4,4,56,Made Shot,Driving Floating Bank Jump Shot,,Mid-Range,Left Side(L),8-16 ft.,11,-109,29,1,1,20220304,TOR,ORL,22100458583,|1627783|1628449|1629139|1630201|1630567,0,REG,,,2022,1629139,14.0,SF,Helper,0.1,Suggs 11' Driving Floating Bank Jump Shot (15 PTS),,,,ORL,1610612753.0,
Shot Chart Detail,22100458,586,0,Opponent,1610612761,Toronto Raptors,4,4,26,Missed Shot,Driving Layup Shot,,In The Paint (Non-RA),Center(C),Less Than 8 ft.,4,-9,41,1,0,20220304,TOR,ORL,22100458586,|1627783|1628449|1629139|1630201|1630567,0,REG,,,2022,1628449|1630201,12.0,,,,,,,,ORL,1610612753.0,
Shot Chart Detail,22100458,596,0,Opponent,1610612761,Toronto Raptors,4,3,57,Missed Shot,Pullup Jump shot,,Mid-Range,Center(C),8-16 ft.,15,26,157,1,0,20220304,TOR,ORL,22100458596,|1627783|1628449|1629139|1630201|1630567,0,REG,,,2022,1630567,10.0,PF,Helper,0.63,MISS Suggs 16' Pullup Jump Shot,,,,ORL,1610612753.0,
Shot Chart Detail,22100458,600,0,Opponent,1610612761,Toronto Raptors,4,3,20,Missed Shot,Driving Layup Shot,,In The Paint (Non-RA),Center(C),Less Than 8 ft.,4,-4,41,1,0,20220304,TOR,ORL,22100458600,|1627783|1628449|1629139|1630201|1630567,0,REG,,,2022,1630201,10.0,PG,Point of Attack,-0.52,Flynn BLOCK (1 BLK),,,,ORL,1610612753.0,
Shot Chart Detail,22100458,614,0,Opponent,1610612761,Toronto Raptors,4,2,39,Made Shot,Alley Oop Dunk Shot,,Restricted Area,Center(C),Less Than 8 ft.,0,7,3,1,1,20220304,TOR,ORL,22100458614,|1627783|1628449|1629139|1630201|1630567,1,REG,,,2022,1630567,9.0,PF,Helper,0.63,Bamba 1' Alley Oop Dunk (12 PTS) (Wagner 5 AST),,,,ORL,1610612753.0,1630532.0
Shot Chart Detail,22100458,619,0,Opponent,1610612761,Toronto Raptors,4,2,11,Missed Shot,Cutting Layup Shot,,Restricted Area,Center(C),Less Than 8 ft.,2,16,14,1,0,20220304,TOR,ORL,22100458619,|1627783|1628449|1629139|1630201|1630567,0,REG,,,2022,1628449|1630567,9.0,,,,,,,,ORL,1610612753.0,
Shot Chart Detail,22100458,623,0,Opponent,1610612761,Toronto Raptors,4,2,7,Made Shot,Dunk Shot,,Restricted Area,Center(C),Less Than 8 ft.,1,6,19,1,1,20220304,TOR,ORL,22100458623,|1627783|1628449|1629139|1630201|1630567,1,REG,,,2022,,,,,,,,,,ORL,1610612753.0,1629643.0
Shot Chart Detail,22100458,634,0,Opponent,1610612761,Toronto Raptors,4,1,21,Made Shot,Pullup Jump shot,,Mid-Range,Left Side Center(LC),16-24 ft.,17,-113,131,1,1,20220304,TOR,ORL,22100458634,|1627783|1628449|1629139|1630201|1630567,0,REG,,,2022,1630201,13.0,PG,Point of Attack,-0.52,Anthony 17' Pullup Jump Shot (15 PTS),,,,ORL,1610612753.0,
Shot Chart Detail,22100458,653,0,Opponent,1610612761,Toronto Raptors,4,0,13,Missed Shot,Fadeaway Jump Shot,,Above the Break 3,Center(C),24+ ft.,29,7,299,1,0,20220304,TOR,ORL,22100458653,|1629004|1629067|1629139|1630551|1630625,0,REG,,,2022,1630625,9.0,PG,Chaser,0.27,MISS Anthony 30' 3PT Fadeaway Jumper,,,,ORL,1610612753.0,
Shot Chart Detail,22100962,16,0,Opponent,1610612761,Toronto Raptors,1,11,5,Made Shot,Jump Shot,,Right Corner 3,Right Side(R),24+ ft.,24,239,-22,1,1,20220306,CLE,TOR,2210096216,|1627783|1628449|1629018|1630567|203920,1,REG,,,2022,1627783,3.0,PF,Helper,0.72,Markkanen 24' 3PT Jump Shot (3 PTS) (Garland 1 AST),,,,CLE,1610612739.0,1629636.0
Shot Chart Detail,22100962,22,0,Opponent,1610612761,Toronto Raptors,1,10,21,Made Shot,Cutting Dunk Shot,,Restricted Area,Center(C),Less Than 8 ft.,1,4,15,1,1,20220306,CLE,TOR,2210096222,|1627783|1628449|1629018|1630567|203920,1,REG,,,2022,1629018,2.0,SG,Chaser,0.19,Allen 2' Cutting Dunk Shot (2 PTS) (Garland 2 AST),,,,CLE,1610612739.0,1629636.0
Shot Chart Detail,22100962,31,0,Opponent,1610612761,Toronto Raptors,1,9,49,Missed Shot,Jump Shot,,Right Corner 3,Right Side(R),24+ ft.,23,234,49,1,0,20220306,CLE,TOR,2210096231,|1627783|1628449|1629018|1630567|203920,0,REG,,,2022,1630567,1.0,PF,Helper,0.63,MISS Okoro 24' 3PT Jump Shot,,,,CLE,1610612739.0,
Shot Chart Detail,22100962,36,0,Opponent,1610612761,Toronto Raptors,1,9,20,Made Shot,Cutting Dunk Shot,,Restricted Area,Center(C),Less Than 8 ft.,0,-1,6,1,1,20220306,CLE,TOR,2210096236,|1627783|1628449|1629018|1630567|203920,1,REG,,,2022,203920,1.0,C,Mobile Big,0.63,Allen 1' Cutting Dunk Shot (4 PTS) (Garland 3 AST),,,,CLE,1610612739.0,1629636.0
Shot Chart Detail,22100962,42,0,Opponent,1610612761,Toronto Raptors,1,8,30,Made Shot,Driving Floating Jump Shot,,Restricted Area,Center(C),Less Than 8 ft.,3,14,30,1,1,20220306,CLE,TOR,2210096242,|1627783|1628449|1629018|1630567|203920,0,REG,,,2022,1627783,-1.0,PF,Helper,0.72,Markkanen 3' Driving Floating Jump Shot (5 PTS),,,,CLE,1610612739.0,
Shot Chart Detail,22100962,46,0,Opponent,1610612761,Toronto Raptors,1,7,47,Made Shot,Driving Finger Roll Layup Shot,,Restricted Area,Center(C),Less Than 8 ft.,1,1,11,1,1,20220306,CLE,TOR,2210096246,|1627783|1628449|1629018|1630567|203920,0,REG,,,2022,1630567,-1.0,PF,Helper,0.63,Garland 1' Driving Finger Roll Layup (2 PTS),,,,CLE,1610612739.0,
Shot Chart Detail,22100962,51,0,Opponent,1610612761,Toronto Raptors,1,7,17,Missed Shot,Driving Hook Shot,,In The Paint (Non-RA),Center(C),Less Than 8 ft.,4,15,38,1,0,20220306,CLE,TOR,2210096251,|1627783|1628449|1629018|1630567|203920,0,REG,,,2022,1628449,-1.0,SF,Helper,0.4,MISS Mobley 4' Driving Hook Shot,,,,CLE,1610612739.0,
Shot Chart Detail,22100962,53,0,Opponent,1610612761,Toronto Raptors,1,7,12,Missed Shot,Jump Shot,,Above the Break 3,Center(C),24+ ft.,30,22,305,1,0,20220306,CLE,TOR,2210096253,|1627783|1628449|1629018|1630567|203920,0,REG,,,2022,1627783,-1.0,PF,Helper,0.72,MISS Markkanen 31' 3PT Jump Shot,,,,CLE,1610612739.0,
Shot Chart Detail,22100962,55,0,Opponent,1610612761,Toronto Raptors,1,7,9,Made Shot,Putback Layup Shot,,Restricted Area,Center(C),Less Than 8 ft.,0,0,6,1,1,20220306,CLE,TOR,2210096255,|1627783|1628449|1629018|1630567|203920,0,REG,,,2022,1628449|1630567,1.0,,,,,,,,CLE,1610612739.0,
Shot Chart Detail,22100962,64,0,Opponent,1610612761,Toronto Raptors,1,6,39,Made Shot,Cutting Dunk Shot,,Restricted Area,Center(C),Less Than 8 ft.,0,5,2,1,1,20220306,CLE,TOR,2210096264,|1627783|1628449|1629018|1630567|203920,1,REG,,,2022,1627783,3.0,PF,Helper,0.72,Allen 1' Cutting Dunk Shot (6 PTS) (Garland 4 AST),,,,CLE,1610612739.0,1629636.0
Shot Chart Detail,22100962,71,0,Opponent,1610612761,Toronto Raptors,1,5,56,Missed Shot,Jump Shot,,Above the Break 3,Left Side Center(LC),24+ ft.,29,-108,274,1,0,20220306,CLE,TOR,2210096271,|1627783|1628449|1629018|1630567|203920,0,REG,,,2022,203920,0.0,C,Mobile Big,0.63,MISS Garland 29' 3PT Jump Shot,,,,CLE,1610612739.0,
Shot Chart Detail,22100962,74,0,Opponent,1610612761,Toronto Raptors,1,5,27,Made Shot,Cutting Dunk Shot,,Restricted Area,Center(C),Less Than 8 ft.,0,-4,7,1,1,20220306,CLE,TOR,2210096274,|1627783|1628449|1629018|1630567|203920,1,REG,,,2022,1629018|1630567,0.0,,,,,,,,CLE,1610612739.0,1630596.0
Shot Chart Detail,22100962,78,0,Opponent,1610612761,Toronto Raptors,1,5,5,Missed Shot,Jump Shot,,Left Corner 3,Left Side(L),24+ ft.,23,-230,23,1,0,20220306,CLE,TOR,2210096278,|1627783|1628449|1629018|1630567|203920,0,REG,,,2022,1630567,0.0,PF,Helper,0.63,MISS Okoro 3PT Jump Shot,,,,CLE,1610612739.0,
Shot Chart Detail,22100962,80,0,Opponent,1610612761,Toronto Raptors,1,5,0,Missed Shot,Jump Shot,,Above the Break 3,Center(C),24+ ft.,27,16,273,1,0,20220306,CLE,TOR,2210096280,|1627783|1628449|1629018|1630567|203920,0,REG,,,2022,1629018,0.0,SG,Chaser,0.19,MISS Markkanen 27' 3PT Jump Shot,,,,CLE,1610612739.0,
Shot Chart Detail,22100962,85,0,Opponent,1610612761,Toronto Raptors,1,4,45,Missed Shot,Running Layup Shot,,Restricted Area,Center(C),Less Than 8 ft.,0,6,-1,1,0,20220306,CLE,TOR,2210096285,|1627783|1628449|1629018|1630567|203920,0,REG,,,2022,1627783,0.0,PF,Helper,0.72,MISS Okoro 1' Running Layup,,,,CLE,1610612739.0,
Shot Chart Detail,22100962,114,0,Opponent,1610612761,Toronto Raptors,1,3,34,Made Shot,Step Back Jump shot,,Above the Break 3,Center(C),24+ ft.,26,-40,259,1,1,20220306,CLE,TOR,22100962114,|1627783|1628449|1630173|1630625|201152,1,REG,,,2022,201152,1.0,PF,Helper,0.84,Love 26' 3PT Step Back Jump Shot (3 PTS) (Garland 5 AST),,,,CLE,1610612739.0,1629636.0
Shot Chart Detail,22100962,118,0,Opponent,1610612761,Toronto Raptors,1,3,5,Made Shot,Layup Shot,,Restricted Area,Center(C),Less Than 8 ft.,1,2,10,1,1,20220306,CLE,TOR,22100962118,|1627783|1628449|1630173|1630625|201152,1,REG,,,2022,1627783,3.0,PF,Helper,0.72,Markkanen 1' Layup (9 PTS) (Garland 6 AST),,,,CLE,1610612739.0,1629636.0
Shot Chart Detail,22100962,125,0,Opponent,1610612761,Toronto Raptors,1,2,45,Missed Shot,Jump Shot,,Above the Break 3,Right Side Center(RC),24+ ft.,25,210,144,1,0,20220306,CLE,TOR,22100962125,|1627783|1628449|1630173|1630625|201152,0,REG,,,2022,201152,4.0,PF,Helper,0.84,MISS Osman 25' 3PT Jump Shot,,,,CLE,1610612739.0,
Shot Chart Detail,22100962,128,0,Opponent,1610612761,Toronto Raptors,1,2,8,Missed Shot,Driving Hook Shot,,In The Paint (Non-RA),Center(C),Less Than 8 ft.,5,5,50,1,0,20220306,CLE,TOR,22100962128,|1627783|1628449|1630173|1630625|201152,0,REG,,,2022,1630173,2.0,C,Mobile Big,0.24,MISS Allen 5' Driving Hook Shot,,,,CLE,1610612739.0,
Shot Chart Detail,22100962,145,0,Opponent,1610612761,Toronto Raptors,1,1,33,Made Shot,Pullup Jump shot,,Mid-Range,Right Side Center(RC),16-24 ft.,19,119,153,1,1,20220306,CLE,TOR,22100962145,|1629139|1630173|1630567|1630625|201152,0,REG,,,2022,201152,2.0,PF,Helper,0.84,Osman 19' Pullup Jump Shot (2 PTS),,,,CLE,1610612739.0,
Shot Chart Detail,22100962,148,0,Opponent,1610612761,Toronto Raptors,1,1,6,Made Shot,Jump Shot,,Above the Break 3,Right Side Center(RC),24+ ft.,26,137,225,1,1,20220306,CLE,TOR,22100962148,|1629139|1630173|1630567|1630625|201152,1,REG,,,2022,1630173,5.0,C,Mobile Big,0.24,Love 26' 3PT Jump Shot (6 PTS) (Goodwin 1 AST),,,,CLE,1610612739.0,1629164.0
Shot Chart Detail,22100962,152,0,Opponent,1610612761,Toronto Raptors,1,0,40,Missed Shot,Turnaround Jump Shot,,Mid-Range,Center(C),16-24 ft.,17,23,174,1,0,20220306,CLE,TOR,22100962152,|1629139|1630173|1630567|1630625|201152,0,REG,,,2022,201152,3.0,PF,Helper,0.84,MISS Love 18' Turnaround Jump Shot,,,,CLE,1610612739.0,
Shot Chart Detail,22100962,178,0,Opponent,1610612761,Toronto Raptors,2,11,24,Missed Shot,Jump Shot,,Right Corner 3,Right Side(R),24+ ft.,23,229,44,1,0,20220306,CLE,TOR,22100962178,|1629139|1630173|1630567|1630625|201152,0,REG,,,2022,1630173,0.0,C,Mobile Big,0.24,MISS Goodwin 3PT Jump Shot,,,,CLE,1610612739.0,
Shot Chart Detail,22100962,180,0,Opponent,1610612761,Toronto Raptors,2,11,18,Missed Shot,Jump Shot,,Left Corner 3,Left Side(L),24+ ft.,23,-233,4,1,0,20220306,CLE,TOR,22100962180,|1629139|1630173|1630567|1630625|201152,0,REG,,,2022,1629139,0.0,SF,Helper,0.1,MISS Love 3PT Jump Shot,,,,CLE,1610612739.0,
Shot Chart Detail,22100962,182,0,Opponent,1610612761,Toronto Raptors,2,11,12,Made Shot,Jump Shot,,Above the Break 3,Center(C),24+ ft.,29,-33,293,1,1,20220306,CLE,TOR,22100962182,|1629139|1630173|1630567|1630625|201152,1,REG,,,2022,201152,3.0,PF,Helper,0.84,Osman 29' 3PT Jump Shot (5 PTS) (Goodwin 2 AST),,,,CLE,1610612739.0,1629164.0
Shot Chart Detail,22100962,186,0,Opponent,1610612761,Toronto Raptors,2,10,52,Made Shot,Jump Shot,,Above the Break 3,Left Side Center(LC),24+ ft.,27,-230,143,1,1,20220306,CLE,TOR,22100962186,|1629139|1630173|1630567|1630625|201152,1,REG,,,2022,1630625,6.0,PG,Chaser,0.27,Osman 27' 3PT Jump Shot (8 PTS) (Love 1 AST),,,,CLE,1610612739.0,201567.0
Shot Chart Detail,22100962,190,0,Opponent,1610612761,Toronto Raptors,2,10,13,Missed Shot,Driving Floating Jump Shot,,Restricted Area,Center(C),Less Than 8 ft.,3,22,21,1,0,20220306,CLE,TOR,22100962190,|1629139|1630173|1630567|1630625|201152,0,REG,,,2022,1630567,6.0,PF,Helper,0.63,MISS Osman 3' Driving Floating Jump Shot,,,,CLE,1610612739.0,
Shot Chart Detail,22100962,195,0,Opponent,1610612761,Toronto Raptors,2,9,54,Missed Shot,Turnaround Fadeaway shot,,In The Paint (Non-RA),Center(C),Less Than 8 ft.,7,12,78,1,0,20220306,CLE,TOR,22100962195,|1629139|1630173|1630567|1630625|201152,0,REG,,,2022,1630625|1630173|1630567,6.0,,,,,,,,CLE,1610612739.0,
Shot Chart Detail,22100962,207,0,Opponent,1610612761,Toronto Raptors,2,9,23,Made Shot,Running Layup Shot,,Restricted Area,Center(C),Less Than 8 ft.,0,4,5,1,1,20220306,CLE,TOR,22100962207,|1627783|1629018|1630173|1630567|201152,1,REG,,,2022,1630567,8.0,PF,Helper,0.63,Love 1' Running Layup (8 PTS) (Goodwin 3 AST),,,,CLE,1610612739.0,1629164.0
Shot Chart Detail,22100962,212,0,Opponent,1610612761,Toronto Raptors,2,8,53,Missed Shot,Jump Shot,,Above the Break 3,Left Side Center(LC),24+ ft.,27,-152,226,1,0,20220306,CLE,TOR,22100962212,|1627783|1629018|1630173|1630567|201152,0,REG,,,2022,1630567,6.0,PF,Helper,0.63,MISS Osman 27' 3PT Jump Shot,,,,CLE,1610612739.0,
Shot Chart Detail,22100962,214,0,Opponent,1610612761,Toronto Raptors,2,8,46,Made Shot,Putback Dunk Shot,,Restricted Area,Center(C),Less Than 8 ft.,0,0,0,1,1,20220306,CLE,TOR,22100962214,|1627783|1629018|1630173|1630567|201152,0,REG,,,2022,1630173,8.0,C,Mobile Big,0.24,Mobley Putback Dunk (4 PTS),,,,CLE,1610612739.0,
Shot Chart Detail,22100962,224,0,Opponent,1610612761,Toronto Raptors,2,8,32,Missed Shot,Running Finger Roll Layup Shot,,Restricted Area,Center(C),Less Than 8 ft.,2,16,25,1,0,20220306,CLE,TOR,22100962224,|1627783|1628449|1629018|1630567|203920,0,REG,,,2022,1629018,8.0,SG,Chaser,0.19,MISS Osman 3' Running Finger Roll Layup,,,,CLE,1610612739.0,
Shot Chart Detail,22100962,227,0,Opponent,1610612761,Toronto Raptors,2,8,24,Made Shot,Jump Shot,,Right Corner 3,Right Side(R),24+ ft.,23,237,2,1,1,20220306,CLE,TOR,22100962227,|1627783|1628449|1629018|1630567|203920,1,REG,,,2022,1627783,11.0,PF,Helper,0.72,Osman 24' 3PT Jump Shot (11 PTS) (Mobley 2 AST),,,,CLE,1610612739.0,1630596.0
Shot Chart Detail,22100962,233,0,Opponent,1610612761,Toronto Raptors,2,7,51,Made Shot,Jump Shot,,Above the Break 3,Left Side Center(LC),24+ ft.,28,-147,239,1,1,20220306,CLE,TOR,22100962233,|1627783|1628449|1629018|1630567|203920,1,REG,,,2022,1627783|1630567,12.0,,,,,,,,CLE,1610612739.0,1626224.0
Shot Chart Detail,22100962,237,0,Opponent,1610612761,Toronto Raptors,2,7,13,Missed Shot,Driving Layup Shot,,In The Paint (Non-RA),Center(C),Less Than 8 ft.,5,27,44,1,0,20220306,CLE,TOR,22100962237,|1627783|1628449|1629018|1630567|203920,0,REG,,,2022,1628449,12.0,SF,Helper,0.4,MISS Mobley 5' Driving Layup,,,,CLE,1610612739.0,
Shot Chart Detail,22100962,242,0,Opponent,1610612761,Toronto Raptors,2,6,57,Made Shot,Running Dunk Shot,,Restricted Area,Center(C),Less Than 8 ft.,0,-1,4,1,1,20220306,CLE,TOR,22100962242,|1627783|1628449|1629018|1630567|203920,0,REG,,,2022,,,,,,,,,,CLE,1610612739.0,
Shot Chart Detail,22100962,252,0,Opponent,1610612761,Toronto Raptors,2,5,42,Missed Shot,Jump Shot,,Mid-Range,Right Side(R),16-24 ft.,20,208,3,1,0,20220306,CLE,TOR,22100962252,|1627783|1628449|1629018|1630567|203920,0,REG,,,2022,203920,12.0,C,Mobile Big,0.63,MISS Love 21' Jump Shot,,,,CLE,1610612739.0,
Shot Chart Detail,22100962,262,0,Opponent,1610612761,Toronto Raptors,2,5,20,Missed Shot,Jump Shot,,Left Corner 3,Left Side(L),24+ ft.,23,-237,-1,1,0,20220306,CLE,TOR,22100962262,|1627783|1628449|1629018|1630567|203920,0,REG,,,2022,1628449,10.0,SF,Helper,0.4,MISS Garland 24' 3PT Jump Shot,,,,CLE,1610612739.0,
Shot Chart Detail,22100962,272,0,Opponent,1610612761,Toronto Raptors,2,5,3,Missed Shot,Jump Shot,,Above the Break 3,Right Side Center(RC),24+ ft.,26,192,178,1,0,20220306,CLE,TOR,22100962272,|1627783|1628449|1629018|1630173|1630567,0,REG,,,2022,1629018,8.0,SG,Chaser,0.19,MISS Osman 26' 3PT Jump Shot,,,,CLE,1610612739.0,
Shot Chart Detail,22100962,277,0,Opponent,1610612761,Toronto Raptors,2,4,49,Made Shot,Running Layup Shot,,Restricted Area,Center(C),Less Than 8 ft.,1,-4,10,1,1,20220306,CLE,TOR,22100962277,|1627783|1628449|1629018|1630173|1630567,1,REG,,,2022,1629018,10.0,SG,Chaser,0.19,Osman 1' Running Layup (13 PTS) (Garland 7 AST),,,,CLE,1610612739.0,1629636.0
Shot Chart Detail,22100962,291,0,Opponent,1610612761,Toronto Raptors,2,3,46,Made Shot,Running Layup Shot,,Restricted Area,Center(C),Less Than 8 ft.,0,2,2,1,1,20220306,CLE,TOR,22100962291,|1627783|1628449|1629018|1630173|1630567,1,REG,,,2022,,,,,,,,,,CLE,1610612739.0,1626224.0
Shot Chart Detail,22100962,295,0,Opponent,1610612761,Toronto Raptors,2,3,18,Missed Shot,Driving Layup Shot,,Restricted Area,Center(C),Less Than 8 ft.,3,26,18,1,0,20220306,CLE,TOR,22100962295,|1627783|1628449|1629018|1630173|1630567,0,REG,,,2022,1627783,10.0,PF,Helper,0.72,MISS Okoro 3' Driving Layup,,,,CLE,1610612739.0,
Shot Chart Detail,22100962,304,0,Opponent,1610612761,Toronto Raptors,2,3,0,Made Shot,Jump Shot,,Above the Break 3,Center(C),24+ ft.,26,25,268,1,1,20220306,CLE,TOR,22100962304,|1627783|1628449|1629018|1630173|1630567,1,REG,,,2022,1630567,12.0,PF,Helper,0.63,Markkanen 27' 3PT Jump Shot (16 PTS) (Okoro 1 AST),,,,CLE,1610612739.0,1630171.0
Shot Chart Detail,22100962,307,0,Opponent,1610612761,Toronto Raptors,2,2,7,Missed Shot,Driving Layup Shot,,Restricted Area,Center(C),Less Than 8 ft.,3,6,36,1,0,20220306,CLE,TOR,22100962307,|1627783|1628449|1629018|1630173|1630567,0,REG,,,2022,1627783,10.0,PF,Helper,0.72,MISS Wade 4' Driving Layup,,,,CLE,1610612739.0,
Shot Chart Detail,22100962,309,0,Opponent,1610612761,Toronto Raptors,2,2,3,Made Shot,Putback Layup Shot,,Restricted Area,Center(C),Less Than 8 ft.,1,-6,11,1,1,20220306,CLE,TOR,22100962309,|1627783|1628449|1629018|1630173|1630567,0,REG,,,2022,1630567,12.0,PF,Helper,0.63,Davis 1' Putback Layup (2 PTS),,,,CLE,1610612739.0,
Shot Chart Detail,22100962,314,0,Opponent,1610612761,Toronto Raptors,2,1,19,Missed Shot,Jump Shot,,Right Corner 3,Right Side(R),24+ ft.,23,237,12,1,0,20220306,CLE,TOR,22100962314,|1627783|1628449|1629018|1630173|1630567,0,REG,,,2022,1628449|1627783,12.0,,,,,,,,CLE,1610612739.0,
Shot Chart Detail,22100962,328,0,Opponent,1610612761,Toronto Raptors,2,0,44,Made Shot,Driving Hook Shot,,In The Paint (Non-RA),Center(C),Less Than 8 ft.,4,-16,46,1,1,20220306,CLE,TOR,22100962328,|1627783|1628449|1629018|1630173|1630567,1,REG,,,2022,1627783,14.0,PF,Helper,0.72,Markkanen 5' Driving Hook Shot (18 PTS) (Garland 8 AST),,,,CLE,1610612739.0,1629636.0
Shot Chart Detail,22100962,341,0,Opponent,1610612761,Toronto Raptors,2,0,19,Missed Shot,Layup Shot,,Restricted Area,Center(C),Less Than 8 ft.,1,10,5,1,0,20220306,CLE,TOR,22100962341,|1627783|1628449|1629018|1630567|201152,0,REG,,,2022,201152,13.0,PF,Helper,0.84,MISS Garland 1' Layup,,,,CLE,1610612739.0,
Shot Chart Detail,22100962,360,0,Opponent,1610612761,Toronto Raptors,3,11,9,Made Shot,Driving Floating Jump Shot,,Restricted Area,Center(C),Less Than 8 ft.,1,15,4,1,1,20220306,CLE,TOR,22100962360,|1627783|1628449|1629018|1630567|203920,1,REG,,,2022,1628449|203920,13.0,,,,,,,,CLE,1610612739.0,1630596.0
Shot Chart Detail,22100962,363,0,Opponent,1610612761,Toronto Raptors,3,10,42,Missed Shot,Jump Shot,,Above the Break 3,Left Side Center(LC),24+ ft.,24,-110,220,1,0,20220306,CLE,TOR,22100962363,|1627783|1628449|1629018|1630567|203920,0,REG,,,2022,1627783,11.0,PF,Helper,0.72,MISS Markkanen 25' 3PT Jump Shot,,,,CLE,1610612739.0,
Shot Chart Detail,22100962,374,0,Opponent,1610612761,Toronto Raptors,3,9,46,Missed Shot,Jump Shot,,Right Corner 3,Right Side(R),24+ ft.,23,235,8,1,0,20220306,CLE,TOR,22100962374,|1627783|1628449|1629018|1630567|203920,0,REG,,,2022,1628449,9.0,SF,Helper,0.4,MISS Okoro 24' 3PT Jump Shot,,,,CLE,1610612739.0,
Shot Chart Detail,22100962,390,0,Opponent,1610612761,Toronto Raptors,3,8,27,Missed Shot,Jump Shot,,Above the Break 3,Left Side Center(LC),24+ ft.,27,-158,221,1,0,20220306,CLE,TOR,22100962390,|1627783|1628449|1629018|1630567|203920,0,REG,,,2022,1629018,2.0,SG,Chaser,0.19,MISS Markkanen 27' 3PT Jump Shot,,,,CLE,1610612739.0,
Shot Chart Detail,22100962,394,0,Opponent,1610612761,Toronto Raptors,3,8,1,Missed Shot,Driving Floating Jump Shot,,In The Paint (Non-RA),Center(C),Less Than 8 ft.,4,-33,23,1,0,20220306,CLE,TOR,22100962394,|1627783|1628449|1629018|1630567|203920,0,REG,,,2022,1628449,2.0,SF,Helper,0.4,MISS Garland 4' Driving Floating Jump Shot,,,,CLE,1610612739.0,
Shot Chart Detail,22100962,402,0,Opponent,1610612761,Toronto Raptors,3,7,36,Missed Shot,Step Back Jump shot,,Above the Break 3,Left Side Center(LC),24+ ft.,24,-105,222,1,0,20220306,CLE,TOR,22100962402,|1627783|1628449|1629018|1630567|203920,0,REG,,,2022,203920,2.0,C,Mobile Big,0.63,MISS Osman 25' 3PT Step Back Jump Shot,,,,CLE,1610612739.0,
Shot Chart Detail,22100962,414,0,Opponent,1610612761,Toronto Raptors,3,7,2,Missed Shot,Jump Shot,,Left Corner 3,Left Side(L),24+ ft.,22,-225,14,1,0,20220306,CLE,TOR,22100962414,|1627783|1628449|1629018|1630567|203920,0,REG,,,2022,1627783,3.0,PF,Helper,0.72,MISS Markkanen 3PT Jump Shot,,,,CLE,1610612739.0,
Shot Chart Detail,22100962,418,0,Opponent,1610612761,Toronto Raptors,3,6,35,Missed Shot,Pullup Jump shot,,In The Paint (Non-RA),Center(C),8-16 ft.,12,56,115,1,0,20220306,CLE,TOR,22100962418,|1627783|1628449|1629018|1630567|203920,0,REG,,,2022,1627783,1.0,PF,Helper,0.72,MISS Mobley 13' Pullup Jump Shot,,,,CLE,1610612739.0,
Shot Chart Detail,22100962,424,0,Opponent,1610612761,Toronto Raptors,3,6,11,Missed Shot,Jump Shot,,Above the Break 3,Right Side Center(RC),24+ ft.,24,125,214,1,0,20220306,CLE,TOR,22100962424,|1627783|1628449|1629018|1630567|203920,0,REG,,,2022,1627783,1.0,PF,Helper,0.72,MISS Osman 25' 3PT Jump Shot,,,,CLE,1610612739.0,
Shot Chart Detail,22100962,441,0,Opponent,1610612761,Toronto Raptors,3,5,23,Made Shot,Driving Finger Roll Layup Shot,,Restricted Area,Center(C),Less Than 8 ft.,1,0,16,1,1,20220306,CLE,TOR,22100962441,|1627783|1629018|1630173|1630567|201152,0,REG,,,2022,1629018|1627783,4.0,,,,,,,,CLE,1610612739.0,
Shot Chart Detail,22100962,454,0,Opponent,1610612761,Toronto Raptors,3,3,58,Made Shot,Running Alley Oop Dunk Shot,,Restricted Area,Center(C),Less Than 8 ft.,0,1,-4,1,1,20220306,CLE,TOR,22100962454,|1627783|1629018|1630173|1630567|201152,1,REG,,,2022,1630567,5.0,PF,Helper,0.63,Mobley Running Alley Oop Dunk Shot (9 PTS) (Garland 9 AST),,,,CLE,1610612739.0,1629636.0
Shot Chart Detail,22100962,458,0,Opponent,1610612761,Toronto Raptors,3,3,32,Missed Shot,Jump Shot,,Above the Break 3,Left Side Center(LC),24+ ft.,24,-110,219,1,0,20220306,CLE,TOR,22100962458,|1627783|1629018|1630173|1630567|201152,0,REG,,,2022,1629018,5.0,SG,Chaser,0.19,MISS Garland 25' 3PT Jump Shot,,,,CLE,1610612739.0,
Shot Chart Detail,22100962,469,0,Opponent,1610612761,Toronto Raptors,3,3,21,Made Shot,Step Back Jump shot,,Above the Break 3,Right Side Center(RC),24+ ft.,31,184,252,1,1,20220306,CLE,TOR,22100962469,|1627783|1628449|1629004|1630173|201152,0,REG,,,2022,1630173,8.0,C,Mobile Big,0.24,Garland 31' 3PT Step Back Jump Shot (11 PTS),,,,CLE,1610612739.0,
Shot Chart Detail,22100962,486,0,Opponent,1610612761,Toronto Raptors,3,1,35,Missed Shot,Jump Shot,,Above the Break 3,Left Side Center(LC),24+ ft.,25,-167,192,1,0,20220306,CLE,TOR,22100962486,|1628449|1629004|1630173|1630625|201152,0,REG,,,2022,1628449,10.0,SF,Helper,0.4,MISS Garland 25' 3PT Jump Shot,,,,CLE,1610612739.0,
Shot Chart Detail,22100962,499,0,Opponent,1610612761,Toronto Raptors,3,1,6,Missed Shot,Driving Layup Shot,,Restricted Area,Center(C),Less Than 8 ft.,1,6,8,1,0,20220306,CLE,TOR,22100962499,|1628449|1629004|1630173|1630625|201152,0,REG,,,2022,1630625,11.0,PG,Chaser,0.27,MISS Goodwin 1' Driving Layup,,,,CLE,1610612739.0,
Shot Chart Detail,22100962,505,0,Opponent,1610612761,Toronto Raptors,3,0,10,Missed Shot,Jump Shot,,Above the Break 3,Center(C),24+ ft.,25,-4,252,1,0,20220306,CLE,TOR,22100962505,|1628449|1629004|1630173|1630625|201152,0,REG,,,2022,1628449,11.0,SF,Helper,0.4,MISS Markkanen 25' 3PT Jump Shot,,,,CLE,1610612739.0,
Shot Chart Detail,22100962,514,0,Opponent,1610612761,Toronto Raptors,3,0,5,Missed Shot,Driving Layup Shot,,Restricted Area,Center(C),Less Than 8 ft.,1,-4,17,1,0,20220306,CLE,TOR,22100962514,|1628449|1629018|1630173|1630625|201152,0,REG,,,2022,1628449,11.0,SF,Helper,0.4,MISS Markkanen 2' Driving Layup,,,,CLE,1610612739.0,
Shot Chart Detail,22100962,520,0,Opponent,1610612761,Toronto Raptors,3,0,52,Missed Shot,Jump Shot,,Above the Break 3,Left Side Center(LC),24+ ft.,25,-130,214,1,0,20220306,CLE,TOR,22100962520,|1628449|1629004|1630173|1630625|201152,0,REG,,,2022,1630173,11.0,C,Mobile Big,0.24,MISS Markkanen 25' 3PT Jump Shot,,,,CLE,1610612739.0,
Shot Chart Detail,22100962,534,0,Opponent,1610612761,Toronto Raptors,4,11,39,Missed Shot,Driving Floating Bank Jump Shot,,Restricted Area,Center(C),Less Than 8 ft.,3,5,34,1,0,20220306,CLE,TOR,22100962534,|1627783|1629018|1629717|1630173|1630567,0,REG,,,2022,1630173,11.0,C,Mobile Big,0.24,MISS Mobley 3' Driving Floating Bank Jump Shot,,,,CLE,1610612739.0,
Shot Chart Detail,22100962,536,0,Opponent,1610612761,Toronto Raptors,4,11,31,Made Shot,Tip Dunk Shot,,Restricted Area,Center(C),Less Than 8 ft.,0,0,0,1,1,20220306,CLE,TOR,22100962536,|1627783|1629018|1629717|1630173|1630567,0,REG,,,2022,1630173,13.0,C,Mobile Big,0.24,Mobley Tip Dunk Shot (11 PTS),,,,CLE,1610612739.0,
Shot Chart Detail,22100962,543,0,Opponent,1610612761,Toronto Raptors,4,10,56,Made Shot,Turnaround Hook Shot,,Restricted Area,Center(C),Less Than 8 ft.,3,9,37,1,1,20220306,CLE,TOR,22100962543,|1627783|1629018|1629717|1630173|1630567,0,REG,,,2022,1627783,13.0,PF,Helper,0.72,Mobley 4' Turnaround Hook Shot (13 PTS),,,,CLE,1610612739.0,
Shot Chart Detail,22100962,546,0,Opponent,1610612761,Toronto Raptors,4,10,28,Made Shot,Jump Shot,,Above the Break 3,Left Side Center(LC),24+ ft.,28,-119,260,1,1,20220306,CLE,TOR,22100962546,|1627783|1629018|1629717|1630173|1630567,1,REG,,,2022,1627783,16.0,PF,Helper,0.72,Love 29' 3PT Jump Shot (11 PTS) (Goodwin 4 AST),,,,CLE,1610612739.0,1629164.0
Shot Chart Detail,22100962,552,0,Opponent,1610612761,Toronto Raptors,4,9,44,Made Shot,Running Layup Shot,,Restricted Area,Center(C),Less Than 8 ft.,0,7,1,1,1,20220306,CLE,TOR,22100962552,|1627783|1629018|1629717|1630173|1630567,1,REG,,,2022,1629018,18.0,SG,Chaser,0.19,Osman 1' Running Layup (17 PTS) (Goodwin 5 AST),,,,CLE,1610612739.0,1629164.0
Shot Chart Detail,22100962,561,0,Opponent,1610612761,Toronto Raptors,4,9,10,Missed Shot,Jump Shot,,In The Paint (Non-RA),Center(C),8-16 ft.,8,36,73,1,0,20220306,CLE,TOR,22100962561,|1627783|1629018|1629717|1630567|203920,0,REG,,,2022,203920,17.0,C,Mobile Big,0.63,MISS Mobley 8' Jump Shot,,,,CLE,1610612739.0,
Shot Chart Detail,22100962,565,0,Opponent,1610612761,Toronto Raptors,4,8,38,Made Shot,Driving Dunk Shot,,Restricted Area,Center(C),Less Than 8 ft.,0,6,-1,1,1,20220306,CLE,TOR,22100962565,|1627783|1629018|1629717|1630567|203920,0,REG,,,2022,203920|1630567,16.0,,,,,,,,CLE,1610612739.0,
Shot Chart Detail,22100962,585,0,Opponent,1610612761,Toronto Raptors,4,7,12,Made Shot,Cutting Dunk Shot,,Restricted Area,Center(C),Less Than 8 ft.,0,-6,-4,1,1,20220306,CLE,TOR,22100962585,|1627783|1628449|1629018|1630567|203920,1,REG,,,2022,203920,16.0,C,Mobile Big,0.63,Mobley 1' Cutting Dunk Shot (15 PTS) (Osman 3 AST),,,,CLE,1610612739.0,1626224.0
Shot Chart Detail,22100962,594,0,Opponent,1610612761,Toronto Raptors,4,6,49,Missed Shot,Jump Shot,,Left Corner 3,Left Side(L),24+ ft.,23,-232,-11,1,0,20220306,CLE,TOR,22100962594,|1627783|1628449|1629018|1630567|203920,0,REG,,,2022,203920,13.0,C,Mobile Big,0.63,MISS Love 3PT Jump Shot,,,,CLE,1610612739.0,
Shot Chart Detail,22100962,597,0,Opponent,1610612761,Toronto Raptors,4,6,11,Missed Shot,Pullup Jump shot,,In The Paint (Non-RA),Center(C),8-16 ft.,9,28,94,1,0,20220306,CLE,TOR,22100962597,|1627783|1628449|1629018|1630567|203920,0,REG,,,2022,203920,11.0,C,Mobile Big,0.63,MISS Osman 10' Pullup Jump Shot,,,,CLE,1610612739.0,
Shot Chart Detail,22100962,605,0,Opponent,1610612761,Toronto Raptors,4,5,53,Made Shot,Jump Shot,,Above the Break 3,Center(C),24+ ft.,24,-6,245,1,1,20220306,CLE,TOR,22100962605,|1627783|1628449|1629018|1630567|203920,0,REG,,,2022,203920,14.0,C,Mobile Big,0.63,Mobley 25' 3PT Jump Shot (18 PTS),,,,CLE,1610612739.0,
Shot Chart Detail,22100962,608,0,Opponent,1610612761,Toronto Raptors,4,5,11,Made Shot,Driving Layup Shot,,Restricted Area,Center(C),Less Than 8 ft.,0,1,-1,1,1,20220306,CLE,TOR,22100962608,|1627783|1628449|1629018|1630567|203920,1,REG,,,2022,1628449|203920,13.0,,,,,,,,CLE,1610612739.0,1630596.0
Shot Chart Detail,22100962,614,0,Opponent,1610612761,Toronto Raptors,4,4,36,Missed Shot,Driving Reverse Layup Shot,,Restricted Area,Center(C),Less Than 8 ft.,2,10,24,1,0,20220306,CLE,TOR,22100962614,|1627783|1628449|1629018|1630567|203920,0,REG,,,2022,1627783,11.0,PF,Helper,0.72,MISS Okoro 3' Driving Reverse Layup,,,,CLE,1610612739.0,
Shot Chart Detail,22100962,617,0,Opponent,1610612761,Toronto Raptors,4,4,32,Made Shot,Driving Layup Shot,,Restricted Area,Center(C),Less Than 8 ft.,0,5,5,1,1,20220306,CLE,TOR,22100962617,|1627783|1628449|1629018|1630567|203920,0,REG,,,2022,1627783,13.0,PF,Helper,0.72,Okoro 1' Driving Layup (2 PTS),,,,CLE,1610612739.0,
Shot Chart Detail,22100962,641,0,Opponent,1610612761,Toronto Raptors,4,2,49,Missed Shot,Jump Shot,,Right Corner 3,Right Side(R),24+ ft.,23,235,30,1,0,20220306,CLE,TOR,22100962641,|1627783|1628449|1629018|1630567|203920,0,REG,,,2022,1627783,10.0,PF,Helper,0.72,MISS Osman 24' 3PT Jump Shot,,,,CLE,1610612739.0,
Shot Chart Detail,22100962,650,0,Opponent,1610612761,Toronto Raptors,4,2,15,Missed Shot,Driving Layup Shot,,Restricted Area,Center(C),Less Than 8 ft.,1,-15,4,1,0,20220306,CLE,TOR,22100962650,|1627783|1628449|1629018|1630567|203920,0,REG,,,2022,1629018|1630567,8.0,,,,,,,,CLE,1610612739.0,
Shot Chart Detail,22100962,652,0,Opponent,1610612761,Toronto Raptors,4,2,13,Made Shot,Tip Layup Shot,,Restricted Area,Center(C),Less Than 8 ft.,0,0,0,1,1,20220306,CLE,TOR,22100962652,|1627783|1628449|1629018|1630567|203920,0,REG,,,2022,1629018,10.0,SG,Chaser,0.19,Garland Tip Layup Shot (15 PTS),,,,CLE,1610612739.0,
Shot Chart Detail,22100962,655,0,Opponent,1610612761,Toronto Raptors,4,1,41,Made Shot,Hook Bank Shot,,Mid-Range,Right Side(R),8-16 ft.,8,81,24,1,1,20220306,CLE,TOR,22100962655,|1627783|1628449|1629018|1630567|203920,1,REG,,,2022,203920|1630567,10.0,,,,,,,,CLE,1610612739.0,1629636.0
Shot Chart Detail,22100962,673,0,Opponent,1610612761,Toronto Raptors,4,0,33,Missed Shot,Jump Shot,,Above the Break 3,Left Side Center(LC),24+ ft.,23,-222,90,1,0,20220306,CLE,TOR,22100962673,|1627783|1628449|1629018|1630567|203920,0,REG,,,2022,1628449,7.0,SF,Helper,0.4,MISS Markkanen 24' 3PT Jump Shot,,,,CLE,1610612739.0,
Shot Chart Detail,22100989,7,0,Opponent,1610612761,Toronto Raptors,1,11,46,Made Shot,Driving Finger Roll Layup Shot,,Restricted Area,Center(C),Less Than 8 ft.,2,-23,7,1,1,20220309,SAS,TOR,221009897,|1627783|1627832|1629018|1630567|203920,0,REG,,,2022,1627832,2.0,PG,Point of Attack,0.9,Murray 2' Driving Finger Roll Layup (2 PTS),,,,SAS,1610612759.0,
Shot Chart Detail,22100989,10,0,Opponent,1610612761,Toronto Raptors,1,11,17,Missed Shot,Jump Shot,,Above the Break 3,Left Side Center(LC),24+ ft.,27,-176,205,1,0,20220309,SAS,TOR,2210098910,|1627783|1627832|1629018|1630567|203920,0,REG,,,2022,1630567,2.0,PF,Helper,0.63,MISS Johnson 27' 3PT Jump Shot,,,,SAS,1610612759.0,
Shot Chart Detail,22100989,14,0,Opponent,1610612761,Toronto Raptors,1,10,54,Missed Shot,Jump Shot,,Above the Break 3,Left Side Center(LC),24+ ft.,27,-158,225,1,0,20220309,SAS,TOR,2210098914,|1627783|1627832|1629018|1630567|203920,0,REG,,,2022,1627832,2.0,PG,Point of Attack,0.9,MISS McDermott 27' 3PT Jump Shot,,,,SAS,1610612759.0,
Shot Chart Detail,22100989,20,0,Opponent,1610612761,Toronto Raptors,1,10,36,Missed Shot,Jump Shot,,Above the Break 3,Right Side Center(RC),24+ ft.,25,207,154,1,0,20220309,SAS,TOR,2210098920,|1627783|1627832|1629018|1630567|203920,0,REG,,,2022,1627783,0.0,PF,Helper,0.72,MISS Vassell 26' 3PT Jump Shot,,,,SAS,1610612759.0,
Shot Chart Detail,22100989,26,0,Opponent,1610612761,Toronto Raptors,1,10,9,Missed Shot,Pullup Jump shot,,Mid-Range,Right Side Center(RC),16-24 ft.,16,109,125,1,0,20220309,SAS,TOR,2210098926,|1627783|1627832|1629018|1630567|203920,0,REG,,,2022,1627783,-2.0,PF,Helper,0.72,MISS Vassell 17' Pullup Jump Shot,,,,SAS,1610612759.0,
Shot Chart Detail,22100989,30,0,Opponent,1610612761,Toronto Raptors,1,9,45,Made Shot,Pullup Jump shot,,Mid-Range,Center(C),16-24 ft.,18,-25,180,1,1,20220309,SAS,TOR,2210098930,|1627783|1627832|1629018|1630567|203920,1,REG,,,2022,1627783,-2.0,PF,Helper,0.72,Vassell 18' Pullup Jump Shot (2 PTS) (Murray 1 AST),,,,SAS,1610612759.0,1627749.0
Shot Chart Detail,22100989,43,0,Opponent,1610612761,Toronto Raptors,1,8,7,Missed Shot,Jump Shot,,Left Corner 3,Left Side(L),24+ ft.,23,-238,6,1,0,20220309,SAS,TOR,2210098943,|1627783|1627832|1629018|1630567|203920,0,REG,,,2022,1629018,-6.0,SG,Chaser,0.19,MISS McDermott 24' 3PT Jump Shot,,,,SAS,1610612759.0,
Shot Chart Detail,22100989,47,0,Opponent,1610612761,Toronto Raptors,1,7,59,Missed Shot,Jump Shot,,Above the Break 3,Right Side Center(RC),24+ ft.,26,121,239,1,0,20220309,SAS,TOR,2210098947,|1627783|1627832|1629018|1630567|203920,0,REG,,,2022,1630567,-6.0,PF,Helper,0.63,MISS Johnson 27' 3PT Jump Shot,,,,SAS,1610612759.0,
Shot Chart Detail,22100989,51,0,Opponent,1610612761,Toronto Raptors,1,7,29,Missed Shot,Driving Layup Shot,,In The Paint (Non-RA),Center(C),Less Than 8 ft.,4,-9,41,1,0,20220309,SAS,TOR,2210098951,|1627783|1627832|1629018|1630567|203920,0,REG,,,2022,1627832|1630567,-6.0,,,,,,,,SAS,1610612759.0,
Shot Chart Detail,22100989,53,0,Opponent,1610612761,Toronto Raptors,1,7,26,Made Shot,Putback Layup Shot,,Restricted Area,Center(C),Less Than 8 ft.,0,0,0,1,1,20220309,SAS,TOR,2210098953,|1627783|1627832|1629018|1630567|203920,0,REG,,,2022,1627832|203920,-4.0,,,,,,,,SAS,1610612759.0,
Shot Chart Detail,22100989,56,0,Opponent,1610612761,Toronto Raptors,1,7,0,Missed Shot,Running Jump Shot,,Above the Break 3,Right Side Center(RC),24+ ft.,26,142,228,1,0,20220309,SAS,TOR,2210098956,|1627783|1627832|1629018|1630567|203920,0,REG,,,2022,203920,-4.0,C,Mobile Big,0.63,MISS McDermott 27' 3PT Running Jump Shot,,,,SAS,1610612759.0,
Shot Chart Detail,22100989,60,0,Opponent,1610612761,Toronto Raptors,1,6,39,Made Shot,Running Finger Roll Layup Shot,,Restricted Area,Center(C),Less Than 8 ft.,3,-33,12,1,1,20220309,SAS,TOR,2210098960,|1627783|1627832|1629018|1630567|203920,1,REG,,,2022,1630567,-2.0,PF,Helper,0.63,McDermott 4' Running Finger Roll Layup (2 PTS) (Murray 2 AST),,,,SAS,1610612759.0,1627749.0
Shot Chart Detail,22100989,64,0,Opponent,1610612761,Toronto Raptors,1,6,0,Made Shot,Floating Jump shot,,In The Paint (Non-RA),Center(C),8-16 ft.,9,7,94,1,1,20220309,SAS,TOR,2210098964,|1627783|1627832|1629018|1630567|203920,1,REG,,,2022,203920,-2.0,C,Mobile Big,0.63,Poeltl 9' Floating Jump Shot (4 PTS) (Murray 3 AST),,,,SAS,1610612759.0,1627749.0
Shot Chart Detail,22100989,73,0,Opponent,1610612761,Toronto Raptors,1,5,26,Missed Shot,Driving Floating Jump Shot,,Mid-Range,Right Side(R),8-16 ft.,11,116,11,1,0,20220309,SAS,TOR,2210098973,|1627783|1627832|1629018|1630567|203920,0,REG,,,2022,1627832,-2.0,PG,Point of Attack,0.9,MISS Jones 12' Driving Floating Jump Shot,,,,SAS,1610612759.0,
Shot Chart Detail,22100989,94,0,Opponent,1610612761,Toronto Raptors,1,4,8,Made Shot,Jump Shot,,Above the Break 3,Right Side Center(RC),24+ ft.,26,195,174,1,1,20220309,SAS,TOR,2210098994,|1627783|1627832|1628449|1629018|1630173,1,REG,,,2022,1627783,-4.0,PF,Helper,0.72,Johnson 26' 3PT Jump Shot (3 PTS) (Richardson 1 AST),,,,SAS,1610612759.0,1626196.0
Shot Chart Detail,22100989,107,0,Opponent,1610612761,Toronto Raptors,1,3,32,Made Shot,Driving Floating Jump Shot,,In The Paint (Non-RA),Center(C),8-16 ft.,9,0,90,1,1,20220309,SAS,TOR,22100989107,|1627783|1628449|1629018|1630173|1630625,0,REG,,,2022,1630173,-5.0,C,Mobile Big,0.24,Johnson 9' Driving Floating Jump Shot (5 PTS),,,,SAS,1610612759.0,
Shot Chart Detail,22100989,116,0,Opponent,1610612761,Toronto Raptors,1,2,39,Missed Shot,Pullup Jump shot,,Mid-Range,Center(C),16-24 ft.,18,45,184,1,0,20220309,SAS,TOR,22100989116,|1627783|1628449|1629018|1630173|1630625,0,REG,,,2022,1630173,-7.0,C,Mobile Big,0.24,MISS Murray 19' Pullup Jump Shot,,,,SAS,1610612759.0,
Shot Chart Detail,22100989,122,0,Opponent,1610612761,Toronto Raptors,1,2,13,Made Shot,Running Finger Roll Layup Shot,,Restricted Area,Center(C),Less Than 8 ft.,2,-18,20,1,1,20220309,SAS,TOR,22100989122,|1627783|1628449|1629018|1630173|1630625,1,REG,,,2022,1629018,-5.0,SG,Chaser,0.19,Walker IV 3' Running Finger Roll Layup (3 PTS) (Murray 4 AST),,,,SAS,1610612759.0,1627749.0
Shot Chart Detail,22100989,137,0,Opponent,1610612761,Toronto Raptors,1,1,11,Made Shot,Driving Finger Roll Layup Shot,,Restricted Area,Center(C),Less Than 8 ft.,3,-28,11,1,1,20220309,SAS,TOR,22100989137,|1627783|1628449|1629018|1630173|1630625,0,REG,,,2022,1627783,-6.0,PF,Helper,0.72,Murray 3' Driving Finger Roll Layup (6 PTS),,,,SAS,1610612759.0,
Shot Chart Detail,22100989,143,0,Opponent,1610612761,Toronto Raptors,1,0,47,Made Shot,Turnaround Jump Shot,,Mid-Range,Center(C),16-24 ft.,18,-1,186,1,1,20220309,SAS,TOR,22100989143,|1627783|1628449|1629018|1630625|201152,0,REG,,,2022,1629018|1627783,-4.0,,,,,,,,SAS,1610612759.0,
Shot Chart Detail,22100989,146,0,Opponent,1610612761,Toronto Raptors,1,0,11,Made Shot,Jump Shot,,Above the Break 3,Right Side Center(RC),24+ ft.,26,148,220,1,1,20220309,SAS,TOR,22100989146,|1627783|1628449|1629018|1630625|201152,1,REG,,,2022,1630625,-3.0,PG,Chaser,0.27,Walker IV 27' 3PT Jump Shot (6 PTS) (Murray 5 AST),,,,SAS,1610612759.0,1627749.0
Shot Chart Detail,22100989,151,0,Opponent,1610612761,Toronto Raptors,1,0,0,Missed Shot,Pullup Jump shot,,Backcourt,Back Court(BC),Back Court Shot,54,-127,531,1,0,20220309,SAS,TOR,22100989151,|1627783|1628449|1629018|1630625|201152,0,REG,,,2022,,,,,,,,,,SAS,1610612759.0,
Shot Chart Detail,22100989,162,0,Opponent,1610612761,Toronto Raptors,2,11,36,Made Shot,Jump Shot,,Right Corner 3,Right Side(R),24+ ft.,24,233,70,1,1,20220309,SAS,TOR,22100989162,|1627832|1628449|1630567|1630625|201152,1,REG,,,2022,1627832,-4.0,PG,Point of Attack,0.9,Walker IV 24' 3PT Jump Shot (9 PTS) (Murray 6 AST),,,,SAS,1610612759.0,1627749.0
Shot Chart Detail,22100989,171,0,Opponent,1610612761,Toronto Raptors,2,10,47,Missed Shot,Running Pull-Up Jump Shot,,Above the Break 3,Right Side Center(RC),24+ ft.,26,157,217,1,0,20220309,SAS,TOR,22100989171,|1627832|1628449|1630567|1630625|201152,0,REG,,,2022,1627832,-4.0,PG,Point of Attack,0.9,MISS Walker IV 27' 3PT Running Pull-Up Jump Shot,,,,SAS,1610612759.0,
Shot Chart Detail,22100989,174,0,Opponent,1610612761,Toronto Raptors,2,10,19,Missed Shot,Jump Shot,,Above the Break 3,Right Side Center(RC),24+ ft.,26,132,227,1,0,20220309,SAS,TOR,22100989174,|1627832|1628449|1630567|1630625|201152,0,REG,,,2022,1627832,-7.0,PG,Point of Attack,0.9,MISS Walker IV 26' 3PT Jump Shot,,,,SAS,1610612759.0,
Shot Chart Detail,22100989,178,0,Opponent,1610612761,Toronto Raptors,2,10,1,Made Shot,Pullup Jump shot,,Above the Break 3,Left Side Center(LC),24+ ft.,26,-174,200,1,1,20220309,SAS,TOR,22100989178,|1627832|1628449|1630567|1630625|201152,1,REG,,,2022,1630567,-4.0,PF,Helper,0.63,Richardson 27' 3PT Pullup Jump Shot (3 PTS) (Murray 7 AST),,,,SAS,1610612759.0,1627749.0
Shot Chart Detail,22100989,181,0,Opponent,1610612761,Toronto Raptors,2,9,26,Missed Shot,Jump Shot,,Above the Break 3,Center(C),24+ ft.,26,-50,259,1,0,20220309,SAS,TOR,22100989181,|1627832|1628449|1630567|1630625|201152,0,REG,,,2022,1627832,-6.0,PG,Point of Attack,0.9,MISS McDermott 26' 3PT Jump Shot,,,,SAS,1610612759.0,
Shot Chart Detail,22100989,199,0,Opponent,1610612761,Toronto Raptors,2,8,42,Made Shot,Pullup Jump shot,,Above the Break 3,Center(C),24+ ft.,25,2,258,1,1,20220309,SAS,TOR,22100989199,|1627832|1628449|1629717|1630567|201152,0,REG,,,2022,201152,-5.0,PF,Helper,0.84,Murray 26' 3PT Pullup Jump Shot (11 PTS),,,,SAS,1610612759.0,
Shot Chart Detail,22100989,207,0,Opponent,1610612761,Toronto Raptors,2,8,11,Made Shot,Step Back Jump shot,,Above the Break 3,Right Side Center(RC),24+ ft.,25,213,149,1,1,20220309,SAS,TOR,22100989207,|1627832|1628449|1629717|1630567|201152,1,REG,,,2022,1629717,-2.0,SG-PG,Low Activity,-0.97,McDermott 26' 3PT Step Back Jump Shot (7 PTS) (Murray 8 AST),,,,SAS,1610612759.0,1627749.0
Shot Chart Detail,22100989,214,0,Opponent,1610612761,Toronto Raptors,2,7,45,Missed Shot,Jump Shot,,Above the Break 3,Right Side Center(RC),24+ ft.,26,163,207,1,0,20220309,SAS,TOR,22100989214,|1627832|1629717|1630567|201152|203920,0,REG,,,2022,201152,-2.0,PF,Helper,0.84,MISS Johnson 26' 3PT Jump Shot,,,,SAS,1610612759.0,
Shot Chart Detail,22100989,221,0,Opponent,1610612761,Toronto Raptors,2,7,21,Made Shot,Pullup Jump shot,,Mid-Range,Left Side Center(LC),16-24 ft.,17,-75,158,1,1,20220309,SAS,TOR,22100989221,|1627832|1629717|1630567|201152|203920,0,REG,,,2022,1627832|203920,0.0,,,,,,,,SAS,1610612759.0,
Shot Chart Detail,22100989,233,0,Opponent,1610612761,Toronto Raptors,2,6,7,Made Shot,Driving Floating Jump Shot,,In The Paint (Non-RA),Center(C),Less Than 8 ft.,5,-15,54,1,1,20220309,SAS,TOR,22100989233,|1627783|1627832|1629018|1630567|203920,1,REG,,,2022,1627832,-2.0,PG,Point of Attack,0.9,Johnson 6' Driving Floating Jump Shot (9 PTS) (Murray 9 AST),,,,SAS,1610612759.0,1627749.0
Shot Chart Detail,22100989,238,0,Opponent,1610612761,Toronto Raptors,2,5,22,Made Shot,Pullup Jump shot,,Mid-Range,Right Side(R),8-16 ft.,13,116,68,1,1,20220309,SAS,TOR,22100989238,|1627783|1627832|1629018|1630567|203920,0,REG,,,2022,1627832,-3.0,PG,Point of Attack,0.9,Murray 13' Pullup Jump Shot (15 PTS),,,,SAS,1610612759.0,
Shot Chart Detail,22100989,248,0,Opponent,1610612761,Toronto Raptors,2,4,42,Missed Shot,Jump Shot,,Left Corner 3,Left Side(L),24+ ft.,23,-238,29,1,0,20220309,SAS,TOR,22100989248,|1627783|1629018|1630567|1630625|203920,0,REG,,,2022,1630567,-3.0,PF,Helper,0.63,MISS Vassell 24' 3PT Jump Shot,,,,SAS,1610612759.0,
Shot Chart Detail,22100989,252,0,Opponent,1610612761,Toronto Raptors,2,4,16,Missed Shot,Driving Floating Jump Shot,,In The Paint (Non-RA),Center(C),8-16 ft.,8,2,84,1,0,20220309,SAS,TOR,22100989252,|1627783|1629018|1630567|1630625|203920,0,REG,,,2022,1629018,-3.0,SG,Chaser,0.19,MISS Murray 8' Driving Floating Jump Shot,,,,SAS,1610612759.0,
Shot Chart Detail,22100989,260,0,Opponent,1610612761,Toronto Raptors,2,3,49,Made Shot,Pullup Jump shot,,Mid-Range,Right Side(R),16-24 ft.,18,154,111,1,1,20220309,SAS,TOR,22100989260,|1627783|1629018|1630567|1630625|203920,1,REG,,,2022,1630625,-1.0,PG,Chaser,0.27,Walker IV 19' Pullup Jump Shot (11 PTS) (Vassell 1 AST),,,,SAS,1610612759.0,1630170.0
Shot Chart Detail,22100989,280,0,Opponent,1610612761,Toronto Raptors,2,2,23,Made Shot,Driving Finger Roll Layup Shot,,Restricted Area,Center(C),Less Than 8 ft.,2,21,4,1,1,20220309,SAS,TOR,22100989280,|1627783|1627832|1628449|1629018|201152,1,REG,,,2022,1629018,3.0,SG,Chaser,0.19,Johnson 2' Driving Finger Roll Layup (13 PTS) (Jones 1 AST),,,,SAS,1610612759.0,1630200.0
Shot Chart Detail,22100989,289,0,Opponent,1610612761,Toronto Raptors,2,1,45,Made Shot,Pullup Jump shot,,In The Paint (Non-RA),Left Side(L),8-16 ft.,11,-65,90,1,1,20220309,SAS,TOR,22100989289,|1627783|1627832|1628449|1629018|201152,1,REG,,,2022,201152,4.0,PF,Helper,0.84,Jones 11' Pullup Jump Shot (2 PTS) (Poeltl 1 AST),,,,SAS,1610612759.0,1627751.0
Shot Chart Detail,22100989,305,0,Opponent,1610612761,Toronto Raptors,2,0,34,Missed Shot,Pullup Jump shot,,Above the Break 3,Center(C),24+ ft.,26,-13,265,1,0,20220309,SAS,TOR,22100989305,|1627783|1627832|1628449|1629018|201152,0,REG,,,2022,1629018,2.0,SG,Chaser,0.19,MISS Murray 27' 3PT Pullup Jump Shot,,,,SAS,1610612759.0,
Shot Chart Detail,22100989,307,0,Opponent,1610612761,Toronto Raptors,2,0,31,Made Shot,Putback Layup Shot,,Restricted Area,Center(C),Less Than 8 ft.,0,0,0,1,1,20220309,SAS,TOR,22100989307,|1627783|1627832|1628449|1629018|201152,0,REG,,,2022,1628449|201152,4.0,,,,,,,,SAS,1610612759.0,
Shot Chart Detail,22100989,309,0,Opponent,1610612761,Toronto Raptors,2,0,2,Made Shot,Cutting Layup Shot,,Restricted Area,Center(C),Less Than 8 ft.,2,-22,13,1,1,20220309,SAS,TOR,22100989309,|1627783|1627832|1628449|1629018|201152,1,REG,,,2022,1628449,3.0,SF,Helper,0.4,Johnson 3' Cutting Layup Shot (15 PTS) (Murray 10 AST),,,,SAS,1610612759.0,1627749.0
Shot Chart Detail,22100989,325,0,Opponent,1610612761,Toronto Raptors,3,11,37,Missed Shot,Jump Shot,,Above the Break 3,Right Side Center(RC),24+ ft.,25,109,234,1,0,20220309,SAS,TOR,22100989325,|1627783|1627832|1629018|1630567|203920,0,REG,,,2022,1627783,3.0,PF,Helper,0.72,MISS Johnson 26' 3PT Jump Shot,,,,SAS,1610612759.0,
Shot Chart Detail,22100989,328,0,Opponent,1610612761,Toronto Raptors,3,11,12,Missed Shot,Floating Jump shot,,In The Paint (Non-RA),Center(C),8-16 ft.,10,39,94,1,0,20220309,SAS,TOR,22100989328,|1627783|1627832|1629018|1630567|203920,0,REG,,,2022,203920,1.0,C,Mobile Big,0.63,MISS Poeltl 10' Floating Jump Shot,,,,SAS,1610612759.0,
Shot Chart Detail,22100989,333,0,Opponent,1610612761,Toronto Raptors,3,10,37,Missed Shot,Pullup Jump shot,,Mid-Range,Right Side(R),8-16 ft.,13,103,80,1,0,20220309,SAS,TOR,22100989333,|1627783|1627832|1629018|1630567|203920,0,REG,,,2022,1630567,1.0,PF,Helper,0.63,MISS Murray 13' Pullup Jump Shot,,,,SAS,1610612759.0,
Shot Chart Detail,22100989,336,0,Opponent,1610612761,Toronto Raptors,3,10,11,Made Shot,Jump Shot,,Right Corner 3,Right Side(R),24+ ft.,23,234,5,1,1,20220309,SAS,TOR,22100989336,|1627783|1627832|1629018|1630567|203920,1,REG,,,2022,1630567,2.0,PF,Helper,0.63,Vassell 3PT Jump Shot (5 PTS) (Murray 11 AST),,,,SAS,1610612759.0,1627749.0
Shot Chart Detail,22100989,343,0,Opponent,1610612761,Toronto Raptors,3,9,46,Made Shot,Layup Shot,,Restricted Area,Center(C),Less Than 8 ft.,1,-12,10,1,1,20220309,SAS,TOR,22100989343,|1627783|1627832|1629018|1630567|203920,1,REG,,,2022,1630567,4.0,PF,Helper,0.63,Poeltl 2' Layup (8 PTS) (Murray 12 AST),,,,SAS,1610612759.0,1627749.0
Shot Chart Detail,22100989,350,0,Opponent,1610612761,Toronto Raptors,3,9,19,Made Shot,Driving Finger Roll Layup Shot,,Restricted Area,Center(C),Less Than 8 ft.,1,-15,1,1,1,20220309,SAS,TOR,22100989350,|1627783|1627832|1629018|1630567|203920,0,REG,,,2022,203920,7.0,C,Mobile Big,0.63,Murray 2' Driving Finger Roll Layup (17 PTS),,,,SAS,1610612759.0,
Shot Chart Detail,22100989,355,0,Opponent,1610612761,Toronto Raptors,3,8,39,Missed Shot,Jump Shot,,Left Corner 3,Left Side(L),24+ ft.,23,-235,-8,1,0,20220309,SAS,TOR,22100989355,|1627783|1627832|1629018|1630567|203920,0,REG,,,2022,1629018,7.0,SG,Chaser,0.19,MISS Vassell 24' 3PT Jump Shot,,,,SAS,1610612759.0,
Shot Chart Detail,22100989,360,0,Opponent,1610612761,Toronto Raptors,3,8,2,Missed Shot,Pullup Jump shot,,Mid-Range,Center(C),16-24 ft.,18,-26,184,1,0,20220309,SAS,TOR,22100989360,|1627783|1627832|1629018|1630567|203920,0,REG,,,2022,1627832,4.0,PG,Point of Attack,0.9,MISS Vassell 19' Pullup Jump Shot,,,,SAS,1610612759.0,
Shot Chart Detail,22100989,371,0,Opponent,1610612761,Toronto Raptors,3,7,17,Missed Shot,Jump Shot,,Above the Break 3,Left Side Center(LC),24+ ft.,25,-162,194,1,0,20220309,SAS,TOR,22100989371,|1627783|1627832|1629018|1630567|203920,0,REG,,,2022,1630567,0.0,PF,Helper,0.63,MISS Johnson 25' 3PT Jump Shot,,,,SAS,1610612759.0,
Shot Chart Detail,22100989,384,0,Opponent,1610612761,Toronto Raptors,3,6,48,Made Shot,Driving Layup Shot,,Restricted Area,Center(C),Less Than 8 ft.,2,17,16,1,1,20220309,SAS,TOR,22100989384,|1627783|1627832|1629018|1630173|1630567,1,REG,,,2022,1627832|1630567,0.0,,,,,,,,SAS,1610612759.0,1630200.0
Shot Chart Detail,22100989,389,0,Opponent,1610612761,Toronto Raptors,3,6,19,Missed Shot,Driving Reverse Layup Shot,,Restricted Area,Center(C),Less Than 8 ft.,2,27,11,1,0,20220309,SAS,TOR,22100989389,|1627783|1627832|1629018|1630173|1630567,0,REG,,,2022,1629018,0.0,SG,Chaser,0.19,MISS Jones 3' Driving Reverse Layup,,,,SAS,1610612759.0,
Shot Chart Detail,22100989,395,0,Opponent,1610612761,Toronto Raptors,3,5,52,Made Shot,Driving Finger Roll Layup Shot,,In The Paint (Non-RA),Center(C),Less Than 8 ft.,4,-6,42,1,1,20220309,SAS,TOR,22100989395,|1627783|1627832|1629018|1630173|1630567,1,REG,,,2022,1630173|1630567,0.0,,,,,,,,SAS,1610612759.0,1626196.0
Shot Chart Detail,22100989,401,0,Opponent,1610612761,Toronto Raptors,3,4,50,Made Shot,Pullup Jump shot,,Mid-Range,Left Side(L),8-16 ft.,14,-108,103,1,1,20220309,SAS,TOR,22100989401,|1627783|1627832|1629018|1630173|1630567,1,REG,,,2022,1630173,0.0,C,Mobile Big,0.24,Jones 15' Pullup Jump Shot (4 PTS) (Johnson 1 AST),,,,SAS,1610612759.0,1629640.0
Shot Chart Detail,22100989,405,0,Opponent,1610612761,Toronto Raptors,3,4,5,Missed Shot,Jump Shot,,Left Corner 3,Left Side(L),24+ ft.,23,-233,-5,1,0,20220309,SAS,TOR,22100989405,|1627783|1627832|1629018|1630173|1630567,0,REG,,,2022,1630567,-3.0,PF,Helper,0.63,MISS Jones 3PT Jump Shot,,,,SAS,1610612759.0,
Shot Chart Detail,22100989,416,0,Opponent,1610612761,Toronto Raptors,3,3,26,Missed Shot,Jump Shot,,Mid-Range,Right Side(R),16-24 ft.,19,196,21,1,0,20220309,SAS,TOR,22100989416,|1627783|1629018|1630173|1630625|201152,0,REG,,,2022,1630173,-6.0,C,Mobile Big,0.24,MISS Richardson 20' Jump Shot,,,,SAS,1610612759.0,
Shot Chart Detail,22100989,420,0,Opponent,1610612761,Toronto Raptors,3,2,58,Made Shot,Cutting Finger Roll Layup Shot,,Restricted Area,Center(C),Less Than 8 ft.,2,26,0,1,1,20220309,SAS,TOR,22100989420,|1627783|1629018|1630173|1630625|201152,1,REG,,,2022,1629018|1630173,-4.0,,,,,,,,SAS,1610612759.0,1629022.0
Shot Chart Detail,22100989,426,0,Opponent,1610612761,Toronto Raptors,3,2,25,Missed Shot,Pullup Jump shot,,Mid-Range,Right Side Center(RC),16-24 ft.,17,81,156,1,0,20220309,SAS,TOR,22100989426,|1627783|1629018|1630173|1630625|201152,0,REG,,,2022,1630173,-6.0,C,Mobile Big,0.24,MISS Walker IV 18' Pullup Jump Shot,,,,SAS,1610612759.0,
Shot Chart Detail,22100989,431,0,Opponent,1610612761,Toronto Raptors,3,2,11,Made Shot,Cutting Dunk Shot,,Restricted Area,Center(C),Less Than 8 ft.,0,-7,6,1,1,20220309,SAS,TOR,22100989431,|1627783|1629018|1630173|1630625|201152,1,REG,,,2022,1629018|201152,-4.0,,,,,,,,SAS,1610612759.0,1629022.0
Shot Chart Detail,22100989,440,0,Opponent,1610612761,Toronto Raptors,3,1,27,Missed Shot,Driving Layup Shot,,Restricted Area,Center(C),Less Than 8 ft.,2,18,14,1,0,20220309,SAS,TOR,22100989440,|1627783|1629018|1630173|1630625|201152,0,REG,,,2022,1627783,-8.0,PF,Helper,0.72,MISS Walker IV 2' Driving Layup,,,,SAS,1610612759.0,
Shot Chart Detail,22100989,447,0,Opponent,1610612761,Toronto Raptors,3,0,46,Made Shot,Jump Shot,,Above the Break 3,Center(C),24+ ft.,25,-77,243,1,1,20220309,SAS,TOR,22100989447,|1627783|1629018|1630173|1630625|201152,1,REG,,,2022,201152,-7.0,PF,Helper,0.84,Johnson 25' 3PT Jump Shot (24 PTS) (Jones 3 AST),,,,SAS,1610612759.0,1630200.0
Shot Chart Detail,22100989,465,0,Opponent,1610612761,Toronto Raptors,3,0,0,Missed Shot,Pullup Jump shot,,Backcourt,Back Court(BC),Back Court Shot,53,119,526,1,0,20220309,SAS,TOR,22100989465,|1627783|1629018|1630173|1630625|201152,0,REG,,,2022,,,,,,,,,,SAS,1610612759.0,
Shot Chart Detail,22100989,484,0,Opponent,1610612761,Toronto Raptors,4,11,41,Missed Shot,Pullup Jump shot,,Mid-Range,Right Side(R),8-16 ft.,14,134,66,1,0,20220309,SAS,TOR,22100989484,|1627832|1630173|1630567|1630625|201152,0,REG,,,2022,1630625|1630567,-7.0,,,,,,,,SAS,1610612759.0,
Shot Chart Detail,22100989,489,0,Opponent,1610612761,Toronto Raptors,4,11,0,Missed Shot,Jump Shot,,Above the Break 3,Center(C),24+ ft.,25,-17,257,1,0,20220309,SAS,TOR,22100989489,|1627832|1630173|1630567|1630625|201152,0,REG,,,2022,1630173,-7.0,C,Mobile Big,0.24,MISS McDermott 26' 3PT Jump Shot,,,,SAS,1610612759.0,
Shot Chart Detail,22100989,495,0,Opponent,1610612761,Toronto Raptors,4,10,37,Missed Shot,Pullup Jump shot,,In The Paint (Non-RA),Center(C),8-16 ft.,10,31,100,1,0,20220309,SAS,TOR,22100989495,|1627832|1630173|1630567|1630625|201152,0,REG,,,2022,1630567,-7.0,PF,Helper,0.63,MISS Murray 10' Pullup Jump Shot,,,,SAS,1610612759.0,
Shot Chart Detail,22100989,498,0,Opponent,1610612761,Toronto Raptors,4,10,24,Missed Shot,Jump Shot,,Above the Break 3,Left Side Center(LC),24+ ft.,26,-87,248,1,0,20220309,SAS,TOR,22100989498,|1627832|1630173|1630567|1630625|201152,0,REG,,,2022,201152,-7.0,PF,Helper,0.84,MISS Walker IV 26' 3PT Jump Shot,,,,SAS,1610612759.0,
Shot Chart Detail,22100989,502,0,Opponent,1610612761,Toronto Raptors,4,9,50,Made Shot,Floating Jump shot,,In The Paint (Non-RA),Center(C),Less Than 8 ft.,6,-5,69,1,1,20220309,SAS,TOR,22100989502,|1627832|1630173|1630567|1630625|201152,0,REG,,,2022,1630567|201152,-5.0,,,,,,,,SAS,1610612759.0,
Shot Chart Detail,22100989,505,0,Opponent,1610612761,Toronto Raptors,4,9,14,Missed Shot,Driving Finger Roll Layup Shot,,Restricted Area,Center(C),Less Than 8 ft.,1,9,13,1,0,20220309,SAS,TOR,22100989505,|1627832|1630173|1630567|1630625|201152,0,REG,,,2022,1630625,-7.0,PG,Chaser,0.27,MISS Murray 2' Driving Finger Roll Layup,,,,SAS,1610612759.0,
Shot Chart Detail,22100989,524,0,Opponent,1610612761,Toronto Raptors,4,7,52,Missed Shot,Jump Shot,,Above the Break 3,Left Side Center(LC),24+ ft.,25,-97,240,1,0,20220309,SAS,TOR,22100989524,|1627832|1630173|1630567|1630625|201152,0,REG,,,2022,,,,,,,,,,SAS,1610612759.0,
Shot Chart Detail,22100989,526,0,Opponent,1610612761,Toronto Raptors,4,7,51,Missed Shot,Tip Layup Shot,,Restricted Area,Center(C),Less Than 8 ft.,0,0,0,1,0,20220309,SAS,TOR,22100989526,|1627832|1630173|1630567|1630625|201152,0,REG,,,2022,1630567,-14.0,PF,Helper,0.63,MISS Poeltl Tip Layup Shot,,,,SAS,1610612759.0,
Shot Chart Detail,22100989,528,0,Opponent,1610612761,Toronto Raptors,4,7,50,Missed Shot,Tip Layup Shot,,Restricted Area,Center(C),Less Than 8 ft.,0,0,0,1,0,20220309,SAS,TOR,22100989528,|1627832|1630173|1630567|1630625|201152,0,REG,,,2022,1630173|1630567|201152,-14.0,,,,,,,,SAS,1610612759.0,
Shot Chart Detail,22100989,545,0,Opponent,1610612761,Toronto Raptors,4,6,55,Made Shot,Jump Shot,,Above the Break 3,Left Side Center(LC),24+ ft.,25,-124,227,1,1,20220309,SAS,TOR,22100989545,|1627783|1630173|1630567|1630625|201152,1,REG,,,2022,1627783,-12.0,PF,Helper,0.72,Johnson 26' 3PT Jump Shot (27 PTS) (Jones 4 AST),,,,SAS,1610612759.0,1630200.0
Shot Chart Detail,22100989,551,0,Opponent,1610612761,Toronto Raptors,4,6,15,Missed Shot,Pullup Jump shot,,Mid-Range,Left Side(L),8-16 ft.,13,-123,59,1,0,20220309,SAS,TOR,22100989551,|1627783|1630173|1630567|1630625|201152,0,REG,,,2022,1630567,-12.0,PF,Helper,0.63,MISS Murray 14' Pullup Jump Shot,,,,SAS,1610612759.0,
Shot Chart Detail,22100989,561,0,Opponent,1610612761,Toronto Raptors,4,5,35,Missed Shot,Driving Floating Jump Shot,,In The Paint (Non-RA),Center(C),Less Than 8 ft.,6,-39,53,1,0,20220309,SAS,TOR,22100989561,|1627783|1627832|1630173|1630567|201152,0,REG,,,2022,1630173,-12.0,C,Mobile Big,0.24,MISS Johnson 7' Driving Floating Jump Shot,,,,SAS,1610612759.0,
Shot Chart Detail,22100989,563,0,Opponent,1610612761,Toronto Raptors,4,5,31,Missed Shot,Tip Layup Shot,,Restricted Area,Center(C),Less Than 8 ft.,0,0,0,1,0,20220309,SAS,TOR,22100989563,|1627783|1627832|1630173|1630567|201152,0,REG,,,2022,1630173|201152,-12.0,,,,,,,,SAS,1610612759.0,
Shot Chart Detail,22100989,573,0,Opponent,1610612761,Toronto Raptors,4,4,58,Made Shot,Hook Shot,,In The Paint (Non-RA),Center(C),Less Than 8 ft.,6,1,66,1,1,20220309,SAS,TOR,22100989573,|1627783|1627832|1629018|1630173|1630567,0,REG,,,2022,1630173,-12.0,C,Mobile Big,0.24,Poeltl 7' Hook Shot (11 PTS),,,,SAS,1610612759.0,
Shot Chart Detail,22100989,575,0,Opponent,1610612761,Toronto Raptors,4,4,28,Missed Shot,Jump Shot,,Above the Break 3,Left Side Center(LC),24+ ft.,25,-151,209,1,0,20220309,SAS,TOR,22100989575,|1627783|1627832|1629018|1630173|1630567,0,REG,,,2022,1627783,-14.0,PF,Helper,0.72,MISS Johnson 26' 3PT Jump Shot,,,,SAS,1610612759.0,
Shot Chart Detail,22100989,580,0,Opponent,1610612761,Toronto Raptors,4,4,4,Made Shot,Pullup Jump shot,,In The Paint (Non-RA),Center(C),8-16 ft.,13,34,132,1,1,20220309,SAS,TOR,22100989580,|1627783|1627832|1629018|1630173|1630567,0,REG,,,2022,1627832,-12.0,PG,Point of Attack,0.9,Murray 14' Pullup Jump Shot (25 PTS),,,,SAS,1610612759.0,
Shot Chart Detail,22100989,587,0,Opponent,1610612761,Toronto Raptors,4,3,26,Missed Shot,Pullup Jump shot,,Above the Break 3,Left Side Center(LC),24+ ft.,25,-109,231,1,0,20220309,SAS,TOR,22100989587,|1627783|1627832|1629018|1630173|1630567,0,REG,,,2022,1630173,-14.0,C,Mobile Big,0.24,MISS Murray 26' 3PT Pullup Jump Shot,,,,SAS,1610612759.0,
Shot Chart Detail,22100989,593,0,Opponent,1610612761,Toronto Raptors,4,3,5,Made Shot,Alley Oop Layup shot,,Restricted Area,Center(C),Less Than 8 ft.,2,1,22,1,1,20220309,SAS,TOR,22100989593,|1627783|1627832|1629018|1630173|1630567,1,REG,,,2022,1627783,-14.0,PF,Helper,0.72,Walker IV 2' Alley Oop Layup (13 PTS) (Poeltl 2 AST),,,,SAS,1610612759.0,1627751.0
Shot Chart Detail,22100989,609,0,Opponent,1610612761,Toronto Raptors,4,2,17,Missed Shot,Driving Reverse Layup Shot,,Restricted Area,Center(C),Less Than 8 ft.,2,22,5,1,0,20220309,SAS,TOR,22100989609,|1627783|1627832|1629018|1630173|1630567,0,REG,,,2022,1630173,-17.0,C,Mobile Big,0.24,MISS Jones 2' Driving Reverse Layup,,,,SAS,1610612759.0,
Shot Chart Detail,22100989,619,0,Opponent,1610612761,Toronto Raptors,4,1,51,Missed Shot,Running Layup Shot,,In The Paint (Non-RA),Center(C),8-16 ft.,8,1,80,1,0,20220309,SAS,TOR,22100989619,|1627783|1629018|1630173|1630567|1630625,0,REG,,,2022,1630625,-15.0,PG,Chaser,0.27,MISS Jones 8' Running Layup,,,,SAS,1610612759.0,
Shot Chart Detail,22100989,634,0,Opponent,1610612761,Toronto Raptors,4,1,29,Made Shot,Driving Layup Shot,,Restricted Area,Center(C),Less Than 8 ft.,1,15,8,1,1,20220309,SAS,TOR,22100989634,|1629004|1629067|1629139|1629717|1630625,0,REG,,,2022,1629067,-13.0,SF,Helper,-0.22,Vassell 2' Driving Layup (7 PTS),,,,SAS,1610612759.0,
Shot Chart Detail,22100989,651,0,Opponent,1610612761,Toronto Raptors,4,0,14,Missed Shot,Pullup Jump shot,,Mid-Range,Right Side(R),8-16 ft.,13,127,35,1,0,20220309,SAS,TOR,22100989651,|1629004|1629067|1629139|1629717|1630625,0,REG,,,2022,1629717,-15.0,SG-PG,Low Activity,-0.97,MISS Wieskamp 13' Pullup Jump Shot,,,,SAS,1610612759.0,
Shot Chart Detail,22101003,7,0,Opponent,1610612761,Toronto Raptors,1,11,45,Missed Shot,Driving Layup Shot,,Restricted Area,Center(C),Less Than 8 ft.,1,9,13,1,0,20220311,PHX,TOR,221010037,|1627783|1627832|1629018|1630567|203920,0,REG,,,2022,203920,0.0,C,Mobile Big,0.63,MISS Payne 2' Driving Layup,,,,PHX,1610612756.0,
Shot Chart Detail,22101003,11,0,Opponent,1610612761,Toronto Raptors,1,11,15,Missed Shot,Pullup Jump shot,,Mid-Range,Center(C),8-16 ft.,14,51,139,1,0,20220311,PHX,TOR,2210100311,|1627783|1627832|1629018|1630567|203920,0,REG,,,2022,1630567,-2.0,PF,Helper,0.63,MISS Bridges 15' Pullup Jump Shot,,,,PHX,1610612756.0,
Shot Chart Detail,22101003,15,0,Opponent,1610612761,Toronto Raptors,1,10,54,Missed Shot,Jump Shot,,Left Corner 3,Left Side(L),24+ ft.,23,-235,13,1,0,20220311,PHX,TOR,2210100315,|1627783|1627832|1629018|1630567|203920,0,REG,,,2022,1627783,-2.0,PF,Helper,0.72,MISS Crowder 24' 3PT Jump Shot,,,,PHX,1610612756.0,
Shot Chart Detail,22101003,19,0,Opponent,1610612761,Toronto Raptors,1,10,31,Made Shot,Jump Bank Shot,,Mid-Range,Left Side(L),8-16 ft.,12,-104,69,1,1,20220311,PHX,TOR,2210100319,|1627783|1627832|1629018|1630567|203920,1,REG,,,2022,1627783,-2.0,PF,Helper,0.72,Crowder 12' Jump Bank Shot (2 PTS) (Booker 1 AST),,,,PHX,1610612756.0,1626164.0
Shot Chart Detail,22101003,26,0,Opponent,1610612761,Toronto Raptors,1,9,51,Made Shot,Turnaround Jump Shot,,Mid-Range,Right Side(R),8-16 ft.,11,92,70,1,1,20220311,PHX,TOR,2210100326,|1627783|1627832|1629018|1630567|203920,1,REG,,,2022,203920,1.0,C,Mobile Big,0.63,Crowder 12' Turnaround Jump Shot (5 PTS) (Payne 1 AST),,,,PHX,1610612756.0,1626166.0
Shot Chart Detail,22101003,30,0,Opponent,1610612761,Toronto Raptors,1,9,28,Made Shot,Running Dunk Shot,,Restricted Area,Center(C),Less Than 8 ft.,1,0,13,1,1,20220311,PHX,TOR,2210100330,|1627783|1627832|1629018|1630567|203920,1,REG,,,2022,1629018,3.0,SG,Chaser,0.19,Bridges 1' Running Dunk (2 PTS) (Payne 2 AST),,,,PHX,1610612756.0,1626166.0
Shot Chart Detail,22101003,34,0,Opponent,1610612761,Toronto Raptors,1,8,57,Missed Shot,Running Jump Shot,,Above the Break 3,Right Side Center(RC),24+ ft.,26,135,232,1,0,20220311,PHX,TOR,2210100334,|1627783|1627832|1629018|1630567|203920,0,REG,,,2022,,,,,,,,,,PHX,1610612756.0,
Shot Chart Detail,22101003,38,0,Opponent,1610612761,Toronto Raptors,1,8,46,Missed Shot,Running Layup Shot,,Restricted Area,Center(C),Less Than 8 ft.,2,1,22,1,0,20220311,PHX,TOR,2210100338,|1627783|1627832|1629018|1630567|203920,0,REG,,,2022,1627832,3.0,PG,Point of Attack,0.9,MISS Payne 2' Running Layup,,,,PHX,1610612756.0,
Shot Chart Detail,22101003,52,0,Opponent,1610612761,Toronto Raptors,1,8,13,Made Shot,Floating Jump shot,,In The Paint (Non-RA),Center(C),8-16 ft.,8,-1,88,1,1,20220311,PHX,TOR,2210100352,|1627783|1627832|1629018|1630567|203920,1,REG,,,2022,203920,3.0,C,Mobile Big,0.63,Ayton 9' Floating Jump Shot (2 PTS) (Booker 2 AST),,,,PHX,1610612756.0,1626164.0
Shot Chart Detail,22101003,56,0,Opponent,1610612761,Toronto Raptors,1,7,47,Missed Shot,Jump Shot,,Right Corner 3,Right Side(R),24+ ft.,23,233,4,1,0,20220311,PHX,TOR,2210100356,|1627783|1627832|1629018|1630567|203920,0,REG,,,2022,203920,3.0,C,Mobile Big,0.63,MISS Bridges 3PT Jump Shot,,,,PHX,1610612756.0,
Shot Chart Detail,22101003,60,0,Opponent,1610612761,Toronto Raptors,1,7,19,Made Shot,Jump Shot,,Mid-Range,Right Side(R),8-16 ft.,10,88,48,1,1,20220311,PHX,TOR,2210100360,|1627783|1627832|1629018|1630567|203920,0,REG,,,2022,203920,3.0,C,Mobile Big,0.63,Ayton 10' Jump Shot (4 PTS),,,,PHX,1610612756.0,
Shot Chart Detail,22101003,66,0,Opponent,1610612761,Toronto Raptors,1,6,49,Made Shot,Driving Floating Jump Shot,,In The Paint (Non-RA),Center(C),Less Than 8 ft.,7,-13,74,1,1,20220311,PHX,TOR,2210100366,|1627783|1627832|1629018|1630567|203920,0,REG,,,2022,203920|1627783,5.0,,,,,,,,PHX,1610612756.0,
Shot Chart Detail,22101003,72,0,Opponent,1610612761,Toronto Raptors,1,6,2,Made Shot,Jump Shot,,Above the Break 3,Left Side Center(LC),24+ ft.,25,-125,227,1,1,20220311,PHX,TOR,2210100372,|1627783|1627832|1629018|1630567|203920,1,REG,,,2022,1630567,5.0,PF,Helper,0.63,Payne 26' 3PT Jump Shot (3 PTS) (Ayton 1 AST),,,,PHX,1610612756.0,1629028.0
Shot Chart Detail,22101003,76,0,Opponent,1610612761,Toronto Raptors,1,5,32,Made Shot,Pullup Jump shot,,Mid-Range,Right Side Center(RC),16-24 ft.,16,105,125,1,1,20220311,PHX,TOR,2210100376,|1627783|1627832|1629018|1630567|203920,0,REG,,,2022,203920,5.0,C,Mobile Big,0.63,Booker 16' Pullup Jump Shot (2 PTS),,,,PHX,1610612756.0,
Shot Chart Detail,22101003,84,0,Opponent,1610612761,Toronto Raptors,1,5,3,Missed Shot,Turnaround Fadeaway shot,,Mid-Range,Left Side(L),8-16 ft.,12,-123,-6,1,0,20220311,PHX,TOR,2210100384,|1627783|1627832|1629018|1630173|1630567,0,REG,,,2022,1630173,4.0,C,Mobile Big,0.24,MISS Ayton 12' Turnaround Fadeaway Shot,,,,PHX,1610612756.0,
Shot Chart Detail,22101003,90,0,Opponent,1610612761,Toronto Raptors,1,4,44,Missed Shot,Driving Floating Jump Shot,,In The Paint (Non-RA),Right Side(R),8-16 ft.,13,75,115,1,0,20220311,PHX,TOR,2210100390,|1627783|1627832|1629018|1630173|1630567,0,REG,,,2022,1627783|1630173,4.0,,,,,,,,PHX,1610612756.0,
Shot Chart Detail,22101003,94,0,Opponent,1610612761,Toronto Raptors,1,4,17,Missed Shot,Jump Shot,,Above the Break 3,Left Side Center(LC),24+ ft.,25,-232,95,1,0,20220311,PHX,TOR,2210100394,|1627783|1627832|1629018|1630173|1630567,0,REG,,,2022,1627832,4.0,PG,Point of Attack,0.9,MISS Bridges 25' 3PT Jump Shot,,,,PHX,1610612756.0,
Shot Chart Detail,22101003,110,0,Opponent,1610612761,Toronto Raptors,1,3,41,Missed Shot,Jump Shot,,Above the Break 3,Right Side Center(RC),24+ ft.,26,184,184,1,0,20220311,PHX,TOR,22101003110,|1627783|1628449|1629018|1630173|1630625,0,REG,,,2022,1628449,2.0,SF,Helper,0.4,MISS Holiday 26' 3PT Jump Shot,,,,PHX,1610612756.0,
Shot Chart Detail,22101003,116,0,Opponent,1610612761,Toronto Raptors,1,3,14,Missed Shot,Pullup Jump shot,,Above the Break 3,Left Side Center(LC),24+ ft.,25,-178,179,1,0,20220311,PHX,TOR,22101003116,|1627783|1628449|1629018|1630173|1630625,0,REG,,,2022,1628449|1627783,0.0,,,,,,,,PHX,1610612756.0,
Shot Chart Detail,22101003,119,0,Opponent,1610612761,Toronto Raptors,1,2,57,Missed Shot,Jump Shot,,Right Corner 3,Right Side(R),24+ ft.,22,228,15,1,0,20220311,PHX,TOR,22101003119,|1627783|1628449|1629018|1630173|1630625,0,REG,,,2022,1630173,-2.0,C,Mobile Big,0.24,MISS Shamet 3PT Jump Shot,,,,PHX,1610612756.0,
Shot Chart Detail,22101003,123,0,Opponent,1610612761,Toronto Raptors,1,2,41,Missed Shot,Jump Shot,,In The Paint (Non-RA),Center(C),8-16 ft.,9,-33,91,1,0,20220311,PHX,TOR,22101003123,|1627783|1628449|1629018|1630173|1630625,0,REG,,,2022,1628449,-2.0,SF,Helper,0.4,MISS McGee 10' Jump Shot,,,,PHX,1610612756.0,
Shot Chart Detail,22101003,135,0,Opponent,1610612761,Toronto Raptors,1,2,3,Made Shot,Driving Layup Shot,,Restricted Area,Center(C),Less Than 8 ft.,2,1,29,1,1,20220311,PHX,TOR,22101003135,|1627783|1628449|1629018|1630173|1630625,1,REG,,,2022,1630625,-3.0,PG,Chaser,0.27,Holiday 3' Driving Layup (2 PTS) (Craig 1 AST),,,,PHX,1610612756.0,1628470.0
Shot Chart Detail,22101003,141,0,Opponent,1610612761,Toronto Raptors,1,1,31,Made Shot,Pullup Jump shot,,Mid-Range,Left Side(L),8-16 ft.,14,-147,28,1,1,20220311,PHX,TOR,22101003141,|1627783|1628449|1629018|1630173|1630625,0,REG,,,2022,1627783,-3.0,PF,Helper,0.72,Booker 15' Pullup Jump Shot (4 PTS),,,,PHX,1610612756.0,
Shot Chart Detail,22101003,144,0,Opponent,1610612761,Toronto Raptors,1,1,8,Missed Shot,Running Jump Shot,,Left Corner 3,Left Side(L),24+ ft.,23,-222,74,1,0,20220311,PHX,TOR,22101003144,|1627783|1628449|1629018|1630173|1630625,0,REG,,,2022,1628449,-3.0,SF,Helper,0.4,MISS Shamet 3PT Running Jump Shot,,,,PHX,1610612756.0,
Shot Chart Detail,22101003,148,0,Opponent,1610612761,Toronto Raptors,1,0,40,Made Shot,Step Back Jump shot,,Mid-Range,Left Side(L),8-16 ft.,15,-91,130,1,1,20220311,PHX,TOR,22101003148,|1627783|1628449|1629018|1630173|1630625,0,REG,,,2022,1629018,-1.0,SG,Chaser,0.19,Booker 16' Step Back Jump Shot (6 PTS),,,,PHX,1610612756.0,
Shot Chart Detail,22101003,155,0,Opponent,1610612761,Toronto Raptors,1,0,0,Missed Shot,Pullup Jump shot,,Backcourt,Back Court(BC),Back Court Shot,48,138,466,1,0,20220311,PHX,TOR,22101003155,|1627783|1628449|1629018|1630173|1630625,0,REG,,,2022,,,,,,,,,,PHX,1610612756.0,
Shot Chart Detail,22101003,169,0,Opponent,1610612761,Toronto Raptors,2,11,36,Missed Shot,Running Pull-Up Jump Shot,,Above the Break 3,Left Side Center(LC),24+ ft.,25,-157,207,1,0,20220311,PHX,TOR,22101003169,|1627832|1628449|1630173|1630567|201152,0,REG,,,2022,,,,,,,,,,PHX,1610612756.0,
Shot Chart Detail,22101003,173,0,Opponent,1610612761,Toronto Raptors,2,11,5,Made Shot,Jump Shot,,Above the Break 3,Right Side Center(RC),24+ ft.,25,138,217,1,1,20220311,PHX,TOR,22101003173,|1627832|1628449|1630173|1630567|201152,1,REG,,,2022,201152,-3.0,PF,Helper,0.84,Payne 26' 3PT Jump Shot (6 PTS) (Holiday 1 AST),,,,PHX,1610612756.0,1628988.0
Shot Chart Detail,22101003,182,0,Opponent,1610612761,Toronto Raptors,2,10,25,Missed Shot,Dunk Shot,,Restricted Area,Center(C),Less Than 8 ft.,0,-2,2,1,0,20220311,PHX,TOR,22101003182,|1627832|1628449|1630173|1630567|201152,0,REG,,,2022,1630173,-3.0,C,Mobile Big,0.24,MISS McGee Dunk,,,,PHX,1610612756.0,
Shot Chart Detail,22101003,189,0,Opponent,1610612761,Toronto Raptors,2,10,0,Made Shot,Running Jump Shot,,Restricted Area,Center(C),Less Than 8 ft.,1,-5,13,1,1,20220311,PHX,TOR,22101003189,|1627832|1628449|1630173|1630567|201152,1,REG,,,2022,1630173,-4.0,C,Mobile Big,0.24,Payne 1' Running Jump Shot (8 PTS) (McGee 1 AST),,,,PHX,1610612756.0,201580.0
Shot Chart Detail,22101003,203,0,Opponent,1610612761,Toronto Raptors,2,9,17,Made Shot,Jump Shot,,Above the Break 3,Right Side Center(RC),24+ ft.,28,93,267,1,1,20220311,PHX,TOR,22101003203,|1627832|1628449|1630173|1630567|201152,1,REG,,,2022,1627832,-1.0,PG,Point of Attack,0.9,Payne 28' 3PT Jump Shot (11 PTS) (Craig 2 AST),,,,PHX,1610612756.0,1628470.0
Shot Chart Detail,22101003,217,0,Opponent,1610612761,Toronto Raptors,2,8,6,Missed Shot,Jump Shot,,Right Corner 3,Right Side(R),24+ ft.,23,230,39,1,0,20220311,PHX,TOR,22101003217,|1627832|1628449|1630173|1630567|201152,0,REG,,,2022,1630173,-1.0,C,Mobile Big,0.24,MISS Craig 3PT Jump Shot,,,,PHX,1610612756.0,
Shot Chart Detail,22101003,221,0,Opponent,1610612761,Toronto Raptors,2,7,47,Made Shot,Running Reverse Layup Shot,,Restricted Area,Center(C),Less Than 8 ft.,2,-25,0,1,1,20220311,PHX,TOR,22101003221,|1627832|1628449|1630173|1630567|201152,1,REG,,,2022,1630567|201152,1.0,,,,,,,,PHX,1610612756.0,1628470.0
Shot Chart Detail,22101003,225,0,Opponent,1610612761,Toronto Raptors,2,7,27,Missed Shot,Jump Shot,,Above the Break 3,Right Side Center(RC),24+ ft.,28,145,246,1,0,20220311,PHX,TOR,22101003225,|1627832|1628449|1630173|1630567|201152,0,REG,,,2022,,,,,,,,,,PHX,1610612756.0,
Shot Chart Detail,22101003,232,0,Opponent,1610612761,Toronto Raptors,2,7,4,Missed Shot,Jump Shot,,Above the Break 3,Left Side Center(LC),24+ ft.,25,-188,165,1,0,20220311,PHX,TOR,22101003232,|1627832|1629018|1630173|1630567|201152,0,REG,,,2022,201152,1.0,PF,Helper,0.84,MISS Payne 25' 3PT Jump Shot,,,,PHX,1610612756.0,
Shot Chart Detail,22101003,245,0,Opponent,1610612761,Toronto Raptors,2,6,25,Made Shot,Step Back Jump shot,,Mid-Range,Right Side(R),8-16 ft.,14,99,101,1,1,20220311,PHX,TOR,22101003245,|1627783|1627832|1629018|201152|203920,1,REG,,,2022,1627832,0.0,PG,Point of Attack,0.9,Payne 14' Step Back Jump Shot (15 PTS) (Craig 4 AST),,,,PHX,1610612756.0,1628470.0
Shot Chart Detail,22101003,255,0,Opponent,1610612761,Toronto Raptors,2,5,36,Made Shot,Alley Oop Dunk Shot,,Restricted Area,Center(C),Less Than 8 ft.,0,-5,-5,1,1,20220311,PHX,TOR,22101003255,|1627783|1627832|1629018|201152|203920,1,REG,,,2022,203920|201152,0.0,,,,,,,,PHX,1610612756.0,1626164.0
Shot Chart Detail,22101003,268,0,Opponent,1610612761,Toronto Raptors,2,4,42,Made Shot,Running Jump Shot,,Right Corner 3,Right Side(R),24+ ft.,23,229,22,1,1,20220311,PHX,TOR,22101003268,|1627783|1627832|1629018|201152|203920,1,REG,,,2022,1627832,1.0,PG,Point of Attack,0.9,Bridges 3PT Running Jump Shot (5 PTS) (Booker 4 AST),,,,PHX,1610612756.0,1626164.0
Shot Chart Detail,22101003,272,0,Opponent,1610612761,Toronto Raptors,2,4,16,Missed Shot,Step Back Jump shot,,Mid-Range,Right Side(R),8-16 ft.,10,103,17,1,0,20220311,PHX,TOR,22101003272,|1627783|1627832|1629018|201152|203920,0,REG,,,2022,203920|1627783,-2.0,,,,,,,,PHX,1610612756.0,
Shot Chart Detail,22101003,280,0,Opponent,1610612761,Toronto Raptors,2,3,27,Made Shot,Pullup Jump shot,,In The Paint (Non-RA),Center(C),8-16 ft.,12,-1,128,1,1,20220311,PHX,TOR,22101003280,|1627783|1627832|1629018|201152|203920,1,REG,,,2022,203920|1627783,-2.0,,,,,,,,PHX,1610612756.0,1629028.0
Shot Chart Detail,22101003,290,0,Opponent,1610612761,Toronto Raptors,2,2,54,Made Shot,Driving Floating Jump Shot,,In The Paint (Non-RA),Center(C),8-16 ft.,8,-44,78,1,1,20220311,PHX,TOR,22101003290,|1627783|1629018|1630567|201152|203920,0,REG,,,2022,203920,-3.0,C,Mobile Big,0.63,Bridges 9' Driving Floating Jump Shot (9 PTS),,,,PHX,1610612756.0,
Shot Chart Detail,22101003,293,0,Opponent,1610612761,Toronto Raptors,2,2,16,Missed Shot,Jump Shot,,Above the Break 3,Center(C),24+ ft.,25,-56,247,1,0,20220311,PHX,TOR,22101003293,|1627783|1629018|1630567|201152|203920,0,REG,,,2022,203920,-6.0,C,Mobile Big,0.63,MISS Ayton 25' 3PT Jump Shot,,,,PHX,1610612756.0,
Shot Chart Detail,22101003,298,0,Opponent,1610612761,Toronto Raptors,2,1,34,Made Shot,Jump Shot,,Right Corner 3,Right Side(R),24+ ft.,23,229,26,1,1,20220311,PHX,TOR,22101003298,|1627783|1629018|1630567|201152|203920,1,REG,,,2022,1630567,-3.0,PF,Helper,0.63,Crowder 3PT Jump Shot (8 PTS) (Booker 5 AST),,,,PHX,1610612756.0,1626164.0
Shot Chart Detail,22101003,304,0,Opponent,1610612761,Toronto Raptors,2,0,48,Missed Shot,Step Back Jump shot,,Mid-Range,Right Side Center(RC),16-24 ft.,19,118,151,1,0,20220311,PHX,TOR,22101003304,|1627783|1629018|1630567|201152|203920,0,REG,,,2022,1630567,-6.0,PF,Helper,0.63,MISS Booker 19' Step Back Jump Shot,,,,PHX,1610612756.0,
Shot Chart Detail,22101003,308,0,Opponent,1610612761,Toronto Raptors,2,0,36,Made Shot,Running Layup Shot,,Restricted Area,Center(C),Less Than 8 ft.,0,5,1,1,1,20220311,PHX,TOR,22101003308,|1627783|1629018|1630567|201152|203920,1,REG,,,2022,1629018,-4.0,SG,Chaser,0.19,Ayton 1' Running Layup (10 PTS) (Crowder 1 AST),,,,PHX,1610612756.0,203109.0
Shot Chart Detail,22101003,313,0,Opponent,1610612761,Toronto Raptors,2,0,0,Made Shot,Hook Shot,,Restricted Area,Center(C),Less Than 8 ft.,2,-22,0,1,1,20220311,PHX,TOR,22101003313,|1627783|1629018|1630567|201152|203920,1,REG,,,2022,1630567,-4.0,PF,Helper,0.63,Ayton 2' Hook Shot (12 PTS) (Payne 3 AST),,,,PHX,1610612756.0,1626166.0
Shot Chart Detail,22101003,323,0,Opponent,1610612761,Toronto Raptors,3,11,25,Made Shot,Pullup Jump shot,,Mid-Range,Center(C),8-16 ft.,15,-60,147,1,1,20220311,PHX,TOR,22101003323,|1627783|1627832|1629018|1630567|203920,1,REG,,,2022,1629018,-2.0,SG,Chaser,0.19,Booker 16' Pullup Jump Shot (8 PTS) (Crowder 2 AST),,,,PHX,1610612756.0,203109.0
Shot Chart Detail,22101003,328,0,Opponent,1610612761,Toronto Raptors,3,11,3,Missed Shot,Driving Floating Jump Shot,,Restricted Area,Center(C),Less Than 8 ft.,2,5,29,1,0,20220311,PHX,TOR,22101003328,|1627783|1627832|1629018|1630567|203920,0,REG,,,2022,1629018,-2.0,SG,Chaser,0.19,MISS Ayton 3' Driving Floating Jump Shot,,,,PHX,1610612756.0,
Shot Chart Detail,22101003,332,0,Opponent,1610612761,Toronto Raptors,3,10,48,Missed Shot,Running Finger Roll Layup Shot,,Restricted Area,Center(C),Less Than 8 ft.,2,-17,24,1,0,20220311,PHX,TOR,22101003332,|1627783|1627832|1629018|1630567|203920,0,REG,,,2022,1629018,-2.0,SG,Chaser,0.19,MISS Bridges 3' Running Finger Roll Layup,,,,PHX,1610612756.0,
Shot Chart Detail,22101003,334,0,Opponent,1610612761,Toronto Raptors,3,10,45,Made Shot,Tip Dunk Shot,,Restricted Area,Center(C),Less Than 8 ft.,3,-13,34,1,1,20220311,PHX,TOR,22101003334,|1627783|1627832|1629018|1630567|203920,0,REG,,,2022,,,,,,,,,,PHX,1610612756.0,
Shot Chart Detail,22101003,337,0,Opponent,1610612761,Toronto Raptors,3,10,11,Missed Shot,Pullup Jump shot,,Above the Break 3,Center(C),24+ ft.,24,-74,230,1,0,20220311,PHX,TOR,22101003337,|1627783|1627832|1629018|1630567|203920,0,REG,,,2022,1627832|203920,0.0,,,,,,,,PHX,1610612756.0,
Shot Chart Detail,22101003,340,0,Opponent,1610612761,Toronto Raptors,3,9,47,Made Shot,Jump Shot,,Mid-Range,Right Side(R),16-24 ft.,21,216,39,1,1,20220311,PHX,TOR,22101003340,|1627783|1627832|1629018|1630567|203920,1,REG,,,2022,1627783,0.0,PF,Helper,0.72,Crowder 22' Jump Shot (10 PTS) (Payne 4 AST),,,,PHX,1610612756.0,1626166.0
Shot Chart Detail,22101003,353,0,Opponent,1610612761,Toronto Raptors,3,8,48,Missed Shot,Step Back Jump shot,,Mid-Range,Right Side(R),8-16 ft.,12,103,66,1,0,20220311,PHX,TOR,22101003353,|1627783|1627832|1629018|1630567|203920,0,REG,,,2022,1630567,-2.0,PF,Helper,0.63,MISS Payne 12' Step Back Jump Shot,,,,PHX,1610612756.0,
Shot Chart Detail,22101003,356,0,Opponent,1610612761,Toronto Raptors,3,8,32,Made Shot,Pullup Jump shot,,Above the Break 3,Left Side Center(LC),24+ ft.,24,-104,218,1,1,20220311,PHX,TOR,22101003356,|1627783|1627832|1629018|1630567|203920,0,REG,,,2022,1627832,-1.0,PG,Point of Attack,0.9,Booker 24' 3PT Pullup Jump Shot (11 PTS),,,,PHX,1610612756.0,
Shot Chart Detail,22101003,362,0,Opponent,1610612761,Toronto Raptors,3,7,53,Made Shot,Driving Layup Shot,,Restricted Area,Center(C),Less Than 8 ft.,0,-9,-4,1,1,20220311,PHX,TOR,22101003362,|1627783|1627832|1629018|1630567|203920,0,REG,,,2022,203920,1.0,C,Mobile Big,0.63,Booker 1' Driving Layup (13 PTS),,,,PHX,1610612756.0,
Shot Chart Detail,22101003,383,0,Opponent,1610612761,Toronto Raptors,3,6,4,Missed Shot,Jump Shot,,Above the Break 3,Right Side Center(RC),24+ ft.,24,212,124,1,0,20220311,PHX,TOR,22101003383,|1627783|1627832|1629018|1630567|203920,0,REG,,,2022,,,,,,,,,,PHX,1610612756.0,
Shot Chart Detail,22101003,387,0,Opponent,1610612761,Toronto Raptors,3,5,44,Made Shot,Jump Shot,,Right Corner 3,Right Side(R),24+ ft.,23,229,42,1,1,20220311,PHX,TOR,22101003387,|1627783|1627832|1629018|1630567|203920,1,REG,,,2022,1627832,0.0,PG,Point of Attack,0.9,Crowder 3PT Jump Shot (13 PTS) (Bridges 1 AST),,,,PHX,1610612756.0,1628969.0
Shot Chart Detail,22101003,391,0,Opponent,1610612761,Toronto Raptors,3,5,12,Missed Shot,Running Jump Shot,,Right Corner 3,Right Side(R),24+ ft.,24,232,62,1,0,20220311,PHX,TOR,22101003391,|1627783|1627832|1629018|1630567|203920,0,REG,,,2022,1627783,0.0,PF,Helper,0.72,MISS Crowder 24' 3PT Running Jump Shot,,,,PHX,1610612756.0,
Shot Chart Detail,22101003,394,0,Opponent,1610612761,Toronto Raptors,3,4,40,Made Shot,Driving Floating Jump Shot,,In The Paint (Non-RA),Center(C),8-16 ft.,11,-20,109,1,1,20220311,PHX,TOR,22101003394,|1627783|1627832|1629018|1630567|203920,0,REG,,,2022,1630567,0.0,PF,Helper,0.63,Booker 11' Driving Floating Jump Shot (16 PTS),,,,PHX,1610612756.0,
Shot Chart Detail,22101003,396,0,Opponent,1610612761,Toronto Raptors,3,3,52,Missed Shot,Pullup Jump shot,,Mid-Range,Center(C),16-24 ft.,21,59,205,1,0,20220311,PHX,TOR,22101003396,|1627783|1627832|1629018|1630567|203920,0,REG,,,2022,1627832,-2.0,PG,Point of Attack,0.9,MISS Crowder 21' Pullup Jump Shot,,,,PHX,1610612756.0,
Shot Chart Detail,22101003,415,0,Opponent,1610612761,Toronto Raptors,3,3,28,Missed Shot,Jump Shot,,In The Paint (Non-RA),Center(C),Less Than 8 ft.,7,0,75,1,0,20220311,PHX,TOR,22101003415,|1627783|1627832|1628449|1629018|1630173,0,REG,,,2022,1627832|1629018,-7.0,,,,,,,,PHX,1610612756.0,
Shot Chart Detail,22101003,428,0,Opponent,1610612761,Toronto Raptors,3,2,58,Missed Shot,Driving Reverse Layup Shot,,Restricted Area,Center(C),Less Than 8 ft.,1,-7,11,1,0,20220311,PHX,TOR,22101003428,|1627783|1627832|1628449|1629018|1630173,0,REG,,,2022,1627783|1630173,-12.0,,,,,,,,PHX,1610612756.0,
Shot Chart Detail,22101003,438,0,Opponent,1610612761,Toronto Raptors,3,2,50,Made Shot,Cutting Dunk Shot,,Restricted Area,Center(C),Less Than 8 ft.,0,-5,6,1,1,20220311,PHX,TOR,22101003438,|1627783|1628449|1629018|1630173|1630625,1,REG,,,2022,,,,,,,,,,PHX,1610612756.0,1629013.0
Shot Chart Detail,22101003,444,0,Opponent,1610612761,Toronto Raptors,3,2,12,Missed Shot,Jump Shot,,Right Corner 3,Right Side(R),24+ ft.,22,229,9,1,0,20220311,PHX,TOR,22101003444,|1627783|1628449|1629018|1630173|1630625,0,REG,,,2022,1627783,-12.0,PF,Helper,0.72,MISS Craig 3PT Jump Shot,,,,PHX,1610612756.0,
Shot Chart Detail,22101003,454,0,Opponent,1610612761,Toronto Raptors,3,1,17,Missed Shot,Step Back Jump shot,,Mid-Range,Left Side(L),8-16 ft.,13,-100,96,1,0,20220311,PHX,TOR,22101003454,|1627783|1628449|1629018|1630173|1630625,0,REG,,,2022,1629018,-14.0,SG,Chaser,0.19,MISS Booker 14' Step Back Jump Shot,,,,PHX,1610612756.0,
Shot Chart Detail,22101003,457,0,Opponent,1610612761,Toronto Raptors,3,0,55,Made Shot,Jump Shot,,Mid-Range,Right Side(R),16-24 ft.,23,202,124,1,1,20220311,PHX,TOR,22101003457,|1627783|1628449|1629018|1630173|1630625,1,REG,,,2022,1629018,-13.0,SG,Chaser,0.19,Booker 24' 3PT Jump Shot (19 PTS) (Holiday 2 AST),,,,PHX,1610612756.0,1628988.0
Shot Chart Detail,22101003,467,0,Opponent,1610612761,Toronto Raptors,3,0,11,Made Shot,Jump Shot,,Left Corner 3,Left Side(L),24+ ft.,22,-224,16,1,1,20220311,PHX,TOR,22101003467,|1627783|1628449|1629018|1630173|1630625,1,REG,,,2022,1630625,-11.0,PG,Chaser,0.27,Holiday 3PT Jump Shot (7 PTS) (Booker 6 AST),,,,PHX,1610612756.0,1626164.0
Shot Chart Detail,22101003,485,0,Opponent,1610612761,Toronto Raptors,4,11,45,Missed Shot,Jump Shot,,Above the Break 3,Right Side Center(RC),24+ ft.,26,168,210,1,0,20220311,PHX,TOR,22101003485,|1627832|1630173|1630567|1630625|201152,0,REG,,,2022,1630625,-14.0,PG,Chaser,0.27,MISS Shamet 27' 3PT Jump Shot,,,,PHX,1610612756.0,
Shot Chart Detail,22101003,489,0,Opponent,1610612761,Toronto Raptors,4,11,27,Missed Shot,Jump Shot,,Above the Break 3,Right Side Center(RC),24+ ft.,25,104,230,1,0,20220311,PHX,TOR,22101003489,|1627832|1630173|1630567|1630625|201152,0,REG,,,2022,1627832,-14.0,PG,Point of Attack,0.9,MISS Payne 25' 3PT Jump Shot,,,,PHX,1610612756.0,
Shot Chart Detail,22101003,491,0,Opponent,1610612761,Toronto Raptors,4,11,18,Made Shot,Driving Layup Shot,,Restricted Area,Center(C),Less Than 8 ft.,2,6,26,1,1,20220311,PHX,TOR,22101003491,|1627832|1630173|1630567|1630625|201152,0,REG,,,2022,1630173,-12.0,C,Mobile Big,0.24,Payne 3' Driving Layup (17 PTS),,,,PHX,1610612756.0,
Shot Chart Detail,22101003,503,0,Opponent,1610612761,Toronto Raptors,4,10,19,Made Shot,Fadeaway Jump Shot,,In The Paint (Non-RA),Center(C),8-16 ft.,8,40,75,1,1,20220311,PHX,TOR,22101003503,|1627832|1630173|1630567|1630625|201152,0,REG,,,2022,1630173,-10.0,C,Mobile Big,0.24,Shamet 9' Fadeaway Jumper (2 PTS),,,,PHX,1610612756.0,
Shot Chart Detail,22101003,511,0,Opponent,1610612761,Toronto Raptors,4,9,36,Made Shot,Driving Floating Jump Shot,,In The Paint (Non-RA),Center(C),8-16 ft.,8,-31,80,1,1,20220311,PHX,TOR,22101003511,|1627783|1627832|1630567|1630625|201152,0,REG,,,2022,201152,-8.0,PF,Helper,0.84,Payne 9' Driving Floating Jump Shot (19 PTS),,,,PHX,1610612756.0,
Shot Chart Detail,22101003,515,0,Opponent,1610612761,Toronto Raptors,4,9,6,Missed Shot,Running Layup Shot,,Restricted Area,Center(C),Less Than 8 ft.,2,20,8,1,0,20220311,PHX,TOR,22101003515,|1627783|1627832|1630567|1630625|201152,0,REG,,,2022,201152,-8.0,PF,Helper,0.84,MISS Bridges 2' Running Layup,,,,PHX,1610612756.0,
Shot Chart Detail,22101003,517,0,Opponent,1610612761,Toronto Raptors,4,9,5,Made Shot,Tip Layup Shot,,Restricted Area,Center(C),Less Than 8 ft.,0,-5,6,1,1,20220311,PHX,TOR,22101003517,|1627783|1627832|1630567|1630625|201152,0,REG,,,2022,1630625|1627832,-6.0,,,,,,,,PHX,1610612756.0,
Shot Chart Detail,22101003,529,0,Opponent,1610612761,Toronto Raptors,4,7,46,Made Shot,Jump Shot,,Above the Break 3,Right Side Center(RC),24+ ft.,24,194,151,1,1,20220311,PHX,TOR,22101003529,|1627783|1627832|1629018|1630567|201152,1,REG,,,2022,1627832,-6.0,PG,Point of Attack,0.9,Bridges 25' 3PT Jump Shot (14 PTS) (Shamet 2 AST),,,,PHX,1610612756.0,1629013.0
Shot Chart Detail,22101003,542,0,Opponent,1610612761,Toronto Raptors,4,6,32,Missed Shot,Jump Shot,,Above the Break 3,Left Side Center(LC),24+ ft.,25,-92,237,1,0,20220311,PHX,TOR,22101003542,|1627783|1627832|1629018|1630567|201152,0,REG,,,2022,201152,-4.0,PF,Helper,0.84,MISS Payne 25' 3PT Jump Shot,,,,PHX,1610612756.0,
Shot Chart Detail,22101003,548,0,Opponent,1610612761,Toronto Raptors,4,6,22,Missed Shot,Layup Shot,,Restricted Area,Center(C),Less Than 8 ft.,3,-11,30,1,0,20220311,PHX,TOR,22101003548,|1627783|1627832|1629018|1630567|201152,0,REG,,,2022,1630567,-4.0,PF,Helper,0.63,MISS Bridges 3' Layup,,,,PHX,1610612756.0,
Shot Chart Detail,22101003,563,0,Opponent,1610612761,Toronto Raptors,4,5,45,Made Shot,Driving Floating Bank Jump Shot,,In The Paint (Non-RA),Left Side(L),8-16 ft.,9,-65,72,1,1,20220311,PHX,TOR,22101003563,|1627783|1627832|1629018|1630567|201152,0,REG,,,2022,1627832|201152,-4.0,,,,,,,,PHX,1610612756.0,
Shot Chart Detail,22101003,567,0,Opponent,1610612761,Toronto Raptors,4,5,14,Made Shot,Step Back Jump shot,,In The Paint (Non-RA),Center(C),8-16 ft.,9,-26,96,1,1,20220311,PHX,TOR,22101003567,|1627783|1627832|1629018|1630567|201152,0,REG,,,2022,1627783,-2.0,PF,Helper,0.72,Bridges 10' Step Back Jump Shot (16 PTS),,,,PHX,1610612756.0,
Shot Chart Detail,22101003,570,0,Opponent,1610612761,Toronto Raptors,4,4,38,Missed Shot,Running Pull-Up Jump Shot,,In The Paint (Non-RA),Center(C),Less Than 8 ft.,4,-43,3,1,0,20220311,PHX,TOR,22101003570,|1627783|1627832|1629018|1630567|201152,0,REG,,,2022,1627783,-2.0,PF,Helper,0.72,MISS Booker 4' Running Pull-Up Jump Shot,,,,PHX,1610612756.0,
Shot Chart Detail,22101003,572,0,Opponent,1610612761,Toronto Raptors,4,4,36,Made Shot,Tip Layup Shot,,Restricted Area,Center(C),Less Than 8 ft.,1,6,11,1,1,20220311,PHX,TOR,22101003572,|1627783|1627832|1629018|1630567|201152,0,REG,,,2022,1630567,0.0,PF,Helper,0.63,Biyombo 1' Tip Layup Shot (4 PTS),,,,PHX,1610612756.0,
Shot Chart Detail,22101003,585,0,Opponent,1610612761,Toronto Raptors,4,4,0,Made Shot,Fadeaway Jump Shot,,In The Paint (Non-RA),Center(C),8-16 ft.,9,-9,98,1,1,20220311,PHX,TOR,22101003585,|1627783|1627832|1629018|1630567|203920,1,REG,,,2022,1630567,3.0,PF,Helper,0.63,Bridges 10' Fadeaway Jumper (18 PTS) (Booker 7 AST),,,,PHX,1610612756.0,1626164.0
Shot Chart Detail,22101003,589,0,Opponent,1610612761,Toronto Raptors,4,3,19,Made Shot,Jump Shot,,In The Paint (Non-RA),Center(C),8-16 ft.,14,59,136,1,1,20220311,PHX,TOR,22101003589,|1627783|1627832|1629018|1630567|203920,1,REG,,,2022,1629018|203920,2.0,,,,,,,,PHX,1610612756.0,202687.0
Shot Chart Detail,22101003,593,0,Opponent,1610612761,Toronto Raptors,4,2,32,Missed Shot,Jump Shot,,Above the Break 3,Left Side Center(LC),24+ ft.,24,-115,219,1,0,20220311,PHX,TOR,22101003593,|1627783|1627832|1629018|1630567|203920,0,REG,,,2022,1629018,2.0,SG,Chaser,0.19,MISS Payne 25' 3PT Jump Shot,,,,PHX,1610612756.0,
Shot Chart Detail,22101003,623,0,Opponent,1610612761,Toronto Raptors,4,0,52,Made Shot,Jump Shot,,Above the Break 3,Left Side Center(LC),24+ ft.,24,-148,199,1,1,20220311,PHX,TOR,22101003623,|1627783|1627832|1629018|1630567|203920,1,REG,,,2022,1630567,-1.0,PF,Helper,0.63,Booker 25' 3PT Jump Shot (22 PTS) (Crowder 3 AST),,,,PHX,1610612756.0,203109.0
Shot Chart Detail,22101003,628,0,Opponent,1610612761,Toronto Raptors,4,0,24,Missed Shot,Running Jump Shot,,Above the Break 3,Right Side Center(RC),24+ ft.,25,164,195,1,0,20220311,PHX,TOR,22101003628,|1627783|1627832|1629018|1630567|203920,0,REG,,,2022,1627832,-1.0,PG,Point of Attack,0.9,MISS Booker 25' 3PT Running Jump Shot,,,,PHX,1610612756.0,
Shot Chart Detail,22101003,637,0,Opponent,1610612761,Toronto Raptors,4,0,14,Missed Shot,Pullup Jump shot,,Above the Break 3,Center(C),24+ ft.,29,91,285,1,0,20220311,PHX,TOR,22101003637,|1627783|1627832|1629018|1630567|203920,0,REG,,,2022,1627832,-3.0,PG,Point of Attack,0.9,MISS Booker 30' 3PT Pullup Jump Shot,,,,PHX,1610612756.0,
Shot Chart Detail,22101003,645,0,Opponent,1610612761,Toronto Raptors,4,0,4,Missed Shot,Running Pull-Up Jump Shot,,Above the Break 3,Center(C),24+ ft.,24,47,243,1,0,20220311,PHX,TOR,22101003645,|1627783|1627832|1629018|1630567|203920,0,REG,,,2022,1627783|1630567,-5.0,,,,,,,,PHX,1610612756.0,
Shot Chart Detail,22101009,7,0,Opponent,1610612761,Toronto Raptors,1,11,39,Made Shot,Turnaround Jump Shot,,In The Paint (Non-RA),Center(C),8-16 ft.,9,-9,99,1,1,20220312,DEN,TOR,221010097,|1627783|1629018|1629717|1630173|1630567,1,REG,,,2022,1629018|1630567,2.0,,,,,,,,DEN,1610612743.0,1628420.0
Shot Chart Detail,22101009,11,0,Opponent,1610612761,Toronto Raptors,1,11,9,Made Shot,Driving Floating Jump Shot,,In The Paint (Non-RA),Center(C),Less Than 8 ft.,7,34,62,1,1,20220312,DEN,TOR,2210100911,|1627783|1629018|1629717|1630173|1630567,0,REG,,,2022,1629717,4.0,SG-PG,Low Activity,-0.97,Jokic 7' Driving Floating Jump Shot (4 PTS),,,,DEN,1610612743.0,
Shot Chart Detail,22101009,14,0,Opponent,1610612761,Toronto Raptors,1,10,23,Missed Shot,Driving Layup Shot,,Restricted Area,Center(C),Less Than 8 ft.,2,-26,13,1,0,20220312,DEN,TOR,2210100914,|1627783|1629018|1629717|1630173|1630567,0,REG,,,2022,1630567,1.0,PF,Helper,0.63,MISS Barton 3' Driving Layup,,,,DEN,1610612743.0,
Shot Chart Detail,22101009,18,0,Opponent,1610612761,Toronto Raptors,1,10,11,Made Shot,Running Pull-Up Jump Shot,,Above the Break 3,Center(C),24+ ft.,24,4,249,1,1,20220312,DEN,TOR,2210100918,|1627783|1629018|1629717|1630173|1630567,0,REG,,,2022,1627783,4.0,PF,Helper,0.72,Barton 25' 3PT Running Pull-Up Jump Shot (3 PTS),,,,DEN,1610612743.0,
Shot Chart Detail,22101009,21,0,Opponent,1610612761,Toronto Raptors,1,9,40,Made Shot,Driving Floating Jump Shot,,In The Paint (Non-RA),Center(C),Less Than 8 ft.,7,0,76,1,1,20220312,DEN,TOR,2210100921,|1627783|1629018|1629717|1630173|1630567,1,REG,,,2022,1627783,6.0,PF,Helper,0.72,Barton 8' Driving Floating Jump Shot (5 PTS) (Jokic 1 AST),,,,DEN,1610612743.0,203999.0
Shot Chart Detail,22101009,29,0,Opponent,1610612761,Toronto Raptors,1,8,49,Missed Shot,Jump Shot,,Left Corner 3,Left Side(L),24+ ft.,23,-233,17,1,0,20220312,DEN,TOR,2210100929,|1627783|1629018|1629717|1630173|1630567,0,REG,,,2022,1627783,2.0,PF,Helper,0.72,MISS Reed 3PT Jump Shot,,,,DEN,1610612743.0,
Shot Chart Detail,22101009,40,0,Opponent,1610612761,Toronto Raptors,1,7,43,Made Shot,Turnaround Hook Shot,,In The Paint (Non-RA),Center(C),Less Than 8 ft.,4,16,44,1,1,20220312,DEN,TOR,2210100940,|1627783|1629018|1629717|1630173|1630567,1,REG,,,2022,1630173|1630567,-1.0,,,,,,,,DEN,1610612743.0,1628420.0
Shot Chart Detail,22101009,45,0,Opponent,1610612761,Toronto Raptors,1,7,3,Missed Shot,Pullup Jump shot,,Mid-Range,Right Side Center(RC),16-24 ft.,16,69,146,1,0,20220312,DEN,TOR,2210100945,|1627783|1629018|1629717|1630173|1630567,0,REG,,,2022,1629717,-1.0,SG-PG,Low Activity,-0.97,MISS Barton 16' Pullup Jump Shot,,,,DEN,1610612743.0,
Shot Chart Detail,22101009,52,0,Opponent,1610612761,Toronto Raptors,1,6,40,Missed Shot,Jump Shot,,Right Corner 3,Right Side(R),24+ ft.,23,232,16,1,0,20220312,DEN,TOR,2210100952,|1627783|1629018|1629717|1630173|1630567,0,REG,,,2022,1627783,-3.0,PF,Helper,0.72,MISS Je. Green 3PT Jump Shot,,,,DEN,1610612743.0,
Shot Chart Detail,22101009,56,0,Opponent,1610612761,Toronto Raptors,1,6,27,Made Shot,Running Layup Shot,,Restricted Area,Center(C),Less Than 8 ft.,2,22,16,1,1,20220312,DEN,TOR,2210100956,|1627783|1629018|1629717|1630173|1630567,1,REG,,,2022,1629018,-1.0,SG,Chaser,0.19,Morris 3' Running Layup (2 PTS) (Jokic 2 AST),,,,DEN,1610612743.0,203999.0
Shot Chart Detail,22101009,60,0,Opponent,1610612761,Toronto Raptors,1,6,0,Made Shot,Cutting Dunk Shot,,Restricted Area,Center(C),Less Than 8 ft.,0,-5,1,1,1,20220312,DEN,TOR,2210100960,|1627783|1629018|1629717|1630173|1630567,1,REG,,,2022,1630567,-2.0,PF,Helper,0.63,Je. Green 1' Cutting Dunk Shot (2 PTS) (Barton 1 AST),,,,DEN,1610612743.0,203115.0
Shot Chart Detail,22101009,64,0,Opponent,1610612761,Toronto Raptors,1,5,28,Missed Shot,Layup Shot,,Restricted Area,Center(C),Less Than 8 ft.,3,-23,22,1,0,20220312,DEN,TOR,2210100964,|1627783|1629018|1629717|1630173|1630567,0,REG,,,2022,1627783,-2.0,PF,Helper,0.72,MISS Jokic 3' Layup,,,,DEN,1610612743.0,
Shot Chart Detail,22101009,75,0,Opponent,1610612761,Toronto Raptors,1,5,1,Made Shot,Cutting Dunk Shot,,Restricted Area,Center(C),Less Than 8 ft.,1,0,13,1,1,20220312,DEN,TOR,2210100975,|1627783|1628449|1629018|1629717|201152,1,REG,,,2022,1629717,-2.0,SG-PG,Low Activity,-0.97,Je. Green 1' Cutting Dunk Shot (4 PTS) (Jokic 3 AST),,,,DEN,1610612743.0,203999.0
Shot Chart Detail,22101009,82,0,Opponent,1610612761,Toronto Raptors,1,4,31,Made Shot,Floating Jump shot,,In The Paint (Non-RA),Center(C),Less Than 8 ft.,6,-6,62,1,1,20220312,DEN,TOR,2210100982,|1627783|1628449|1629018|1629717|201152,1,REG,,,2022,201152,-2.0,PF,Helper,0.84,Jokic 6' Floating Jump Shot (8 PTS) (Morris 3 AST),,,,DEN,1610612743.0,1628420.0
Shot Chart Detail,22101009,86,0,Opponent,1610612761,Toronto Raptors,1,4,6,Made Shot,Pullup Jump shot,,Mid-Range,Left Side Center(LC),16-24 ft.,17,-108,141,1,1,20220312,DEN,TOR,2210100986,|1627783|1628449|1629018|1629717|201152,1,REG,,,2022,1628449,0.0,SF,Helper,0.4,Morris 18' Pullup Jump Shot (4 PTS) (Barton 2 AST),,,,DEN,1610612743.0,203115.0
Shot Chart Detail,22101009,90,0,Opponent,1610612761,Toronto Raptors,1,3,24,Missed Shot,Driving Finger Roll Layup Shot,,In The Paint (Non-RA),Center(C),Less Than 8 ft.,6,1,64,1,0,20220312,DEN,TOR,2210100990,|1627783|1628449|1629018|1629717|201152,0,REG,,,2022,1629717,-3.0,SG-PG,Low Activity,-0.97,MISS Morris 6' Driving Finger Roll Layup,,,,DEN,1610612743.0,
Shot Chart Detail,22101009,103,0,Opponent,1610612761,Toronto Raptors,1,3,3,Missed Shot,Turnaround Hook Shot,,In The Paint (Non-RA),Center(C),8-16 ft.,8,-29,81,1,0,20220312,DEN,TOR,22101009103,|1627783|1628449|1629018|1629717|201152,0,REG,,,2022,1628449,-3.0,SF,Helper,0.4,MISS Ja. Green 9' Turnaround Hook Shot,,,,DEN,1610612743.0,
Shot Chart Detail,22101009,111,0,Opponent,1610612761,Toronto Raptors,1,2,28,Made Shot,Running Reverse Layup Shot,,Restricted Area,Center(C),Less Than 8 ft.,3,-31,5,1,1,20220312,DEN,TOR,22101009111,|1627783|1628449|1629018|1629717|201152,1,REG,,,2022,201152,-1.0,PF,Helper,0.84,Jokic 3' Running Reverse Layup (10 PTS) (Hyland 1 AST),,,,DEN,1610612743.0,1630538.0
Shot Chart Detail,22101009,127,0,Opponent,1610612761,Toronto Raptors,1,1,58,Missed Shot,Pullup Jump shot,,Above the Break 3,Right Side Center(RC),24+ ft.,26,94,248,1,0,20220312,DEN,TOR,22101009127,|1628449|1629018|1630567|1630625|201152,0,REG,,,2022,1630625,-3.0,PG,Chaser,0.27,MISS Hyland 27' 3PT Pullup Jump Shot,,,,DEN,1610612743.0,
Shot Chart Detail,22101009,131,0,Opponent,1610612761,Toronto Raptors,1,1,49,Missed Shot,Jump Shot,,Right Corner 3,Right Side(R),24+ ft.,23,237,32,1,0,20220312,DEN,TOR,22101009131,|1628449|1629018|1630567|1630625|201152,0,REG,,,2022,1628449,-3.0,SF,Helper,0.4,MISS Forbes 24' 3PT Jump Shot,,,,DEN,1610612743.0,
Shot Chart Detail,22101009,134,0,Opponent,1610612761,Toronto Raptors,1,1,42,Missed Shot,Driving Floating Jump Shot,,Mid-Range,Right Side(R),8-16 ft.,11,110,16,1,0,20220312,DEN,TOR,22101009134,|1628449|1629018|1630567|1630625|201152,0,REG,,,2022,1628449,-3.0,SF,Helper,0.4,MISS Hyland 11' Driving Floating Jump Shot,,,,DEN,1610612743.0,
Shot Chart Detail,22101009,143,0,Opponent,1610612761,Toronto Raptors,1,1,14,Missed Shot,Pullup Jump shot,,Above the Break 3,Left Side Center(LC),24+ ft.,26,-88,252,1,0,20220312,DEN,TOR,22101009143,|1628449|1629018|1630567|1630625|201152,0,REG,,,2022,1630625,-1.0,PG,Chaser,0.27,MISS Ja. Green 27' 3PT Pullup Jump Shot,,,,DEN,1610612743.0,
Shot Chart Detail,22101009,154,0,Opponent,1610612761,Toronto Raptors,1,0,26,Missed Shot,Layup Shot,,In The Paint (Non-RA),Center(C),Less Than 8 ft.,4,-9,44,1,0,20220312,DEN,TOR,22101009154,|1628449|1629018|1630567|1630625|201152,0,REG,,,2022,1628449|1629018|1630567,-3.0,,,,,,,,DEN,1610612743.0,
Shot Chart Detail,22101009,169,0,Opponent,1610612761,Toronto Raptors,2,11,20,Missed Shot,Driving Reverse Layup Shot,,Restricted Area,Center(C),Less Than 8 ft.,2,18,23,1,0,20220312,DEN,TOR,22101009169,|1627783|1628449|1630567|1630625|203920,0,REG,,,2022,203920|1627783|1630567,-5.0,,,,,,,,DEN,1610612743.0,
Shot Chart Detail,22101009,173,0,Opponent,1610612761,Toronto Raptors,2,10,57,Missed Shot,Cutting Dunk Shot,,Restricted Area,Center(C),Less Than 8 ft.,3,-12,32,1,0,20220312,DEN,TOR,22101009173,|1627783|1628449|1630567|1630625|203920,0,REG,,,2022,1628449,-7.0,SF,Helper,0.4,MISS Ja. Green 3' Cutting Dunk Shot,,,,DEN,1610612743.0,
Shot Chart Detail,22101009,179,0,Opponent,1610612761,Toronto Raptors,2,10,32,Made Shot,Dunk Shot,,Restricted Area,Center(C),Less Than 8 ft.,1,-10,7,1,1,20220312,DEN,TOR,22101009179,|1627783|1628449|1630567|1630625|203920,1,REG,,,2022,1630567,-5.0,PF,Helper,0.63,Ja. Green 1' Dunk (2 PTS) (Hyland 2 AST),,,,DEN,1610612743.0,1630538.0
Shot Chart Detail,22101009,183,0,Opponent,1610612761,Toronto Raptors,2,9,55,Made Shot,Driving Finger Roll Layup Shot,,Restricted Area,Center(C),Less Than 8 ft.,2,22,15,1,1,20220312,DEN,TOR,22101009183,|1627783|1628449|1630567|1630625|203920,1,REG,,,2022,1628449|1627783,-3.0,,,,,,,,DEN,1610612743.0,1630538.0
Shot Chart Detail,22101009,190,0,Opponent,1610612761,Toronto Raptors,2,9,26,Made Shot,Cutting Dunk Shot,,Restricted Area,Center(C),Less Than 8 ft.,0,-5,-4,1,1,20220312,DEN,TOR,22101009190,|1627783|1628449|1630567|1630625|203920,1,REG,,,2022,203920,-2.0,C,Mobile Big,0.63,Ja. Green 1' Cutting Dunk Shot (4 PTS) (Hyland 4 AST),,,,DEN,1610612743.0,1630538.0
Shot Chart Detail,22101009,194,0,Opponent,1610612761,Toronto Raptors,2,8,51,Missed Shot,Running Layup Shot,,Restricted Area,Center(C),Less Than 8 ft.,2,-7,23,1,0,20220312,DEN,TOR,22101009194,|1627783|1628449|1630567|1630625|203920,0,REG,,,2022,1628449|203920,-4.0,,,,,,,,DEN,1610612743.0,
Shot Chart Detail,22101009,197,0,Opponent,1610612761,Toronto Raptors,2,8,45,Made Shot,Jump Shot,,Above the Break 3,Right Side Center(RC),24+ ft.,25,91,241,1,1,20220312,DEN,TOR,22101009197,|1627783|1628449|1630567|1630625|203920,1,REG,,,2022,1630625,-1.0,PG,Chaser,0.27,Hyland 26' 3PT Jump Shot (3 PTS) (Rivers 1 AST),,,,DEN,1610612743.0,203085.0
Shot Chart Detail,22101009,203,0,Opponent,1610612761,Toronto Raptors,2,8,23,Missed Shot,Jump Shot,,Above the Break 3,Center(C),24+ ft.,25,10,257,1,0,20220312,DEN,TOR,22101009203,|1627783|1628449|1630567|1630625|203920,0,REG,,,2022,1627783,-1.0,PF,Helper,0.72,MISS Cousins 26' 3PT Jump Shot,,,,DEN,1610612743.0,
Shot Chart Detail,22101009,213,0,Opponent,1610612761,Toronto Raptors,2,7,53,Made Shot,Turnaround Fadeaway shot,,Mid-Range,Center(C),8-16 ft.,15,12,157,1,1,20220312,DEN,TOR,22101009213,|1627783|1628449|1630567|1630625|203920,0,REG,,,2022,1630625|203920,-1.0,,,,,,,,DEN,1610612743.0,
Shot Chart Detail,22101009,220,0,Opponent,1610612761,Toronto Raptors,2,7,22,Made Shot,Jump Shot,,Above the Break 3,Left Side Center(LC),24+ ft.,28,-164,230,1,1,20220312,DEN,TOR,22101009220,|1627783|1628449|1630567|1630625|203920,0,REG,,,2022,1630625,0.0,PG,Chaser,0.27,Hyland 28' 3PT Jump Shot (6 PTS),,,,DEN,1610612743.0,
Shot Chart Detail,22101009,226,0,Opponent,1610612761,Toronto Raptors,2,6,50,Made Shot,Alley Oop Dunk Shot,,Restricted Area,Center(C),Less Than 8 ft.,1,9,6,1,1,20220312,DEN,TOR,22101009226,|1627783|1628449|1629018|1630567|203920,1,REG,,,2022,1627783,-1.0,PF,Helper,0.72,Ja. Green 1' Alley Oop Dunk (6 PTS) (Hyland 5 AST),,,,DEN,1610612743.0,1630538.0
Shot Chart Detail,22101009,237,0,Opponent,1610612761,Toronto Raptors,2,6,7,Missed Shot,Turnaround Jump Shot,,In The Paint (Non-RA),Center(C),Less Than 8 ft.,6,-9,63,1,0,20220312,DEN,TOR,22101009237,|1627783|1628449|1629018|1630567|203920,0,REG,,,2022,1628449,-3.0,SF,Helper,0.4,MISS Hyland 6' Turnaround Jump Shot,,,,DEN,1610612743.0,
Shot Chart Detail,22101009,239,0,Opponent,1610612761,Toronto Raptors,2,6,3,Missed Shot,Turnaround Jump Shot,,Mid-Range,Left Side(L),8-16 ft.,12,-103,63,1,0,20220312,DEN,TOR,22101009239,|1627783|1628449|1629018|1630567|203920,0,REG,,,2022,1628449,-3.0,SF,Helper,0.4,MISS Hyland 12' Turnaround Jump Shot,,,,DEN,1610612743.0,
Shot Chart Detail,22101009,266,0,Opponent,1610612761,Toronto Raptors,2,5,7,Made Shot,Driving Floating Jump Shot,,Restricted Area,Center(C),Less Than 8 ft.,1,10,7,1,1,20220312,DEN,TOR,22101009266,|1627783|1628449|1629018|1630173|1630567,0,REG,,,2022,1629018,-4.0,SG,Chaser,0.19,Morris 1' Driving Floating Jump Shot (6 PTS),,,,DEN,1610612743.0,
Shot Chart Detail,22101009,269,0,Opponent,1610612761,Toronto Raptors,2,4,43,Missed Shot,Jump Shot,,Left Corner 3,Left Side(L),24+ ft.,23,-232,5,1,0,20220312,DEN,TOR,22101009269,|1627783|1628449|1629018|1630173|1630567,0,REG,,,2022,1628449,-6.0,SF,Helper,0.4,MISS Reed 3PT Jump Shot,,,,DEN,1610612743.0,
Shot Chart Detail,22101009,271,0,Opponent,1610612761,Toronto Raptors,2,4,38,Missed Shot,Tip Layup Shot,,Restricted Area,Center(C),Less Than 8 ft.,0,0,0,1,0,20220312,DEN,TOR,22101009271,|1627783|1628449|1629018|1630173|1630567,0,REG,,,2022,1627783|1630173|1630567,-6.0,,,,,,,,DEN,1610612743.0,
Shot Chart Detail,22101009,275,0,Opponent,1610612761,Toronto Raptors,2,4,27,Missed Shot,Turnaround Hook Shot,,In The Paint (Non-RA),Center(C),Less Than 8 ft.,7,-69,22,1,0,20220312,DEN,TOR,22101009275,|1627783|1628449|1629018|1630173|1630567,0,REG,,,2022,1630567,-6.0,PF,Helper,0.63,MISS Jokic 7' Turnaround Hook Shot,,,,DEN,1610612743.0,
Shot Chart Detail,22101009,280,0,Opponent,1610612761,Toronto Raptors,2,4,18,Made Shot,Turnaround Hook Shot,,Restricted Area,Center(C),Less Than 8 ft.,3,38,8,1,1,20220312,DEN,TOR,22101009280,|1627783|1629018|1630173|1630567|201152,1,REG,,,2022,1630173,-4.0,C,Mobile Big,0.24,Jokic 4' Turnaround Hook Shot (12 PTS) (Je. Green 1 AST),,,,DEN,1610612743.0,201145.0
Shot Chart Detail,22101009,289,0,Opponent,1610612761,Toronto Raptors,2,3,45,Made Shot,Layup Shot,,Restricted Area,Center(C),Less Than 8 ft.,1,10,10,1,1,20220312,DEN,TOR,22101009289,|1629018|1629717|1630173|1630567|201152,1,REG,,,2022,,,,,,,,,,DEN,1610612743.0,1628420.0
Shot Chart Detail,22101009,309,0,Opponent,1610612761,Toronto Raptors,2,3,10,Made Shot,Driving Floating Jump Shot,,In The Paint (Non-RA),Center(C),Less Than 8 ft.,5,-44,32,1,1,20220312,DEN,TOR,22101009309,|1627783|1629018|1629717|1630173|201152,1,REG,,,2022,1629717,-3.0,SG-PG,Low Activity,-0.97,Reed 5' Driving Floating Jump Shot (2 PTS) (Barton 3 AST),,,,DEN,1610612743.0,203115.0
Shot Chart Detail,22101009,314,0,Opponent,1610612761,Toronto Raptors,2,2,24,Made Shot,Jump Shot,,Right Corner 3,Right Side(R),24+ ft.,22,227,25,1,1,20220312,DEN,TOR,22101009314,|1627783|1629018|1629717|1630173|201152,1,REG,,,2022,,,,,,,,,,DEN,1610612743.0,1628432.0
Shot Chart Detail,22101009,336,0,Opponent,1610612761,Toronto Raptors,2,1,17,Made Shot,Running Finger Roll Layup Shot,,Restricted Area,Center(C),Less Than 8 ft.,3,-36,17,1,1,20220312,DEN,TOR,22101009336,|1627783|1629018|1629717|1630173|1630567,0,REG,,,2022,1627783|1630567,-2.0,,,,,,,,DEN,1610612743.0,
Shot Chart Detail,22101009,350,0,Opponent,1610612761,Toronto Raptors,2,0,36,Made Shot,Finger Roll Layup Shot,,In The Paint (Non-RA),Center(C),Less Than 8 ft.,5,-29,46,1,1,20220312,DEN,TOR,22101009350,|1627783|1629018|1629717|1630173|1630567,1,REG,,,2022,1629018|1630173,-4.0,,,,,,,,DEN,1610612743.0,203085.0
Shot Chart Detail,22101009,355,0,Opponent,1610612761,Toronto Raptors,2,0,3,Made Shot,Driving Finger Roll Layup Shot,,Restricted Area,Center(C),Less Than 8 ft.,3,-34,8,1,1,20220312,DEN,TOR,22101009355,|1627783|1629018|1629717|1630173|1630567,0,REG,,,2022,1629018|1627783,-2.0,,,,,,,,DEN,1610612743.0,
Shot Chart Detail,22101009,364,0,Opponent,1610612761,Toronto Raptors,3,11,25,Missed Shot,Driving Floating Jump Shot,,In The Paint (Non-RA),Center(C),Less Than 8 ft.,6,1,66,1,0,20220312,DEN,TOR,22101009364,|1627783|1629018|1629717|1630173|1630567,0,REG,,,2022,1627783,-2.0,PF,Helper,0.72,MISS Barton 7' Driving Floating Jump Shot,,,,DEN,1610612743.0,
Shot Chart Detail,22101009,389,0,Opponent,1610612761,Toronto Raptors,3,9,31,Made Shot,Jump Shot,,Mid-Range,Right Side(R),8-16 ft.,15,157,13,1,1,20220312,DEN,TOR,22101009389,|1627783|1629018|1629717|1630173|1630567,1,REG,,,2022,1630173|1630567,-2.0,,,,,,,,DEN,1610612743.0,203999.0
Shot Chart Detail,22101009,396,0,Opponent,1610612761,Toronto Raptors,3,8,51,Missed Shot,Jump Shot,,Above the Break 3,Right Side Center(RC),24+ ft.,25,146,209,1,0,20220312,DEN,TOR,22101009396,|1627783|1629018|1629717|1630173|1630567,0,REG,,,2022,1630567,-1.0,PF,Helper,0.63,MISS Barton 25' 3PT Jump Shot,,,,DEN,1610612743.0,
Shot Chart Detail,22101009,399,0,Opponent,1610612761,Toronto Raptors,3,8,25,Made Shot,Driving Finger Roll Layup Shot,,Restricted Area,Center(C),Less Than 8 ft.,3,-27,21,1,1,20220312,DEN,TOR,22101009399,|1627783|1629018|1629717|1630173|1630567,1,REG,,,2022,1627783|1630567,-1.0,,,,,,,,DEN,1610612743.0,203115.0
Shot Chart Detail,22101009,406,0,Opponent,1610612761,Toronto Raptors,3,7,59,Made Shot,Jump Shot,,Left Corner 3,Left Side(L),24+ ft.,23,-232,6,1,1,20220312,DEN,TOR,22101009406,|1627783|1629018|1629717|1630173|1630567,1,REG,,,2022,1627783,1.0,PF,Helper,0.72,Barton 3PT Jump Shot (10 PTS) (Morris 5 AST),,,,DEN,1610612743.0,1628420.0
Shot Chart Detail,22101009,415,0,Opponent,1610612761,Toronto Raptors,3,6,54,Made Shot,Cutting Finger Roll Layup Shot,,Restricted Area,Center(C),Less Than 8 ft.,1,-4,11,1,1,20220312,DEN,TOR,22101009415,|1627783|1629018|1629717|1630173|1630567,1,REG,,,2022,1627783,0.0,PF,Helper,0.72,Je. Green 1' Cutting Finger Roll Layup Shot (11 PTS) (Jokic 5 AST),,,,DEN,1610612743.0,203999.0
Shot Chart Detail,22101009,429,0,Opponent,1610612761,Toronto Raptors,3,5,49,Missed Shot,Jump Shot,,Left Corner 3,Left Side(L),24+ ft.,23,-235,1,1,0,20220312,DEN,TOR,22101009429,|1627783|1629018|1629717|1630173|1630567,0,REG,,,2022,1629717,2.0,SG-PG,Low Activity,-0.97,MISS Reed 24' 3PT Jump Shot,,,,DEN,1610612743.0,
Shot Chart Detail,22101009,433,0,Opponent,1610612761,Toronto Raptors,3,5,15,Made Shot,Turnaround Hook Shot,,Restricted Area,Center(C),Less Than 8 ft.,3,-1,32,1,1,20220312,DEN,TOR,22101009433,|1627783|1629018|1629717|1630173|1630567,1,REG,,,2022,1630173,1.0,C,Mobile Big,0.24,Jokic 3' Turnaround Hook Shot (24 PTS) (Morris 6 AST),,,,DEN,1610612743.0,1628420.0
Shot Chart Detail,22101009,445,0,Opponent,1610612761,Toronto Raptors,3,4,27,Missed Shot,Running Finger Roll Layup Shot,,Restricted Area,Center(C),Less Than 8 ft.,2,-21,4,1,0,20220312,DEN,TOR,22101009445,|1627783|1628449|1629018|1630173|1630567,0,REG,,,2022,1630567,1.0,PF,Helper,0.63,MISS Barton 2' Running Finger Roll Layup,,,,DEN,1610612743.0,
Shot Chart Detail,22101009,449,0,Opponent,1610612761,Toronto Raptors,3,4,25,Made Shot,Putback Layup Shot,,Restricted Area,Center(C),Less Than 8 ft.,0,0,0,1,1,20220312,DEN,TOR,22101009449,|1627783|1628449|1629018|1630173|1630567,0,REG,,,2022,1627783|1630567,3.0,,,,,,,,DEN,1610612743.0,
Shot Chart Detail,22101009,463,0,Opponent,1610612761,Toronto Raptors,3,4,0,Made Shot,Driving Dunk Shot,,Restricted Area,Center(C),Less Than 8 ft.,0,2,6,1,1,20220312,DEN,TOR,22101009463,|1627783|1628449|1629018|1630567|201152,0,REG,,,2022,1629018,4.0,SG,Chaser,0.19,Barton 1' Driving Dunk (12 PTS),,,,DEN,1610612743.0,
Shot Chart Detail,22101009,466,0,Opponent,1610612761,Toronto Raptors,3,3,40,Made Shot,Running Layup Shot,,Restricted Area,Center(C),Less Than 8 ft.,2,22,6,1,1,20220312,DEN,TOR,22101009466,|1627783|1628449|1629018|1630567|201152,1,REG,,,2022,1629018,6.0,SG,Chaser,0.19,Hyland 2' Running Layup (8 PTS) (Jokic 6 AST),,,,DEN,1610612743.0,203999.0
Shot Chart Detail,22101009,469,0,Opponent,1610612761,Toronto Raptors,3,4,26,Missed Shot,Tip Layup Shot,,Restricted Area,Center(C),Less Than 8 ft.,0,-1,9,1,0,20220312,DEN,TOR,22101009469,|1627783|1628449|1629018|1630173|1630567,0,REG,,,2022,1628449|1627783|1630567,1.0,,,,,,,,DEN,1610612743.0,
Shot Chart Detail,22101009,481,0,Opponent,1610612761,Toronto Raptors,3,3,11,Made Shot,Pullup Jump shot,,Mid-Range,Right Side Center(RC),16-24 ft.,16,86,138,1,1,20220312,DEN,TOR,22101009481,|1627783|1628449|1629018|201152|203920,0,REG,,,2022,203920,5.0,C,Mobile Big,0.63,Barton 16' Pullup Jump Shot (14 PTS),,,,DEN,1610612743.0,
Shot Chart Detail,22101009,488,0,Opponent,1610612761,Toronto Raptors,3,2,49,Made Shot,Jump Shot,,Above the Break 3,Center(C),24+ ft.,25,37,251,1,1,20220312,DEN,TOR,22101009488,|1627783|1628449|1629018|201152|203920,1,REG,,,2022,1628449,5.0,SF,Helper,0.4,Forbes 25' 3PT Jump Shot (5 PTS) (Hyland 6 AST),,,,DEN,1610612743.0,1630538.0
Shot Chart Detail,22101009,512,0,Opponent,1610612761,Toronto Raptors,3,1,52,Missed Shot,Running Jump Shot,,Above the Break 3,Left Side Center(LC),24+ ft.,26,-201,171,1,0,20220312,DEN,TOR,22101009512,|1627783|1628449|1629018|201152|203920,0,REG,,,2022,1629018,6.0,SG,Chaser,0.19,MISS Rivers 26' 3PT Running Jump Shot,,,,DEN,1610612743.0,
Shot Chart Detail,22101009,519,0,Opponent,1610612761,Toronto Raptors,3,0,45,Made Shot,Jump Shot,,Right Corner 3,Right Side(R),24+ ft.,23,229,61,1,1,20220312,DEN,TOR,22101009519,|1627783|1628449|1629018|201152|203920,1,REG,,,2022,203920,5.0,C,Mobile Big,0.63,Hyland 24' 3PT Jump Shot (11 PTS) (Cousins 1 AST),,,,DEN,1610612743.0,202326.0
Shot Chart Detail,22101009,526,0,Opponent,1610612761,Toronto Raptors,3,0,8,Made Shot,Jump Shot,,Right Corner 3,Right Side(R),24+ ft.,23,232,41,1,1,20220312,DEN,TOR,22101009526,|1627783|1628449|1629018|201152|203920,1,REG,,,2022,1627783,6.0,PF,Helper,0.72,Rivers 24' 3PT Jump Shot (8 PTS) (Hyland 7 AST),,,,DEN,1610612743.0,1630538.0
Shot Chart Detail,22101009,535,0,Opponent,1610612761,Toronto Raptors,4,11,42,Missed Shot,Jump Shot,,Above the Break 3,Left Side Center(LC),24+ ft.,25,-157,198,1,0,20220312,DEN,TOR,22101009535,|1628449|1630567|1630625|201152|203920,0,REG,,,2022,,,,,,,,,,DEN,1610612743.0,
Shot Chart Detail,22101009,541,0,Opponent,1610612761,Toronto Raptors,4,10,56,Made Shot,Jump Shot,,Left Corner 3,Left Side(L),24+ ft.,23,-232,-18,1,1,20220312,DEN,TOR,22101009541,|1628449|1630567|1630625|201152|203920,1,REG,,,2022,203920,6.0,C,Mobile Big,0.63,Hyland 3PT Jump Shot (14 PTS) (Rivers 3 AST),,,,DEN,1610612743.0,203085.0
Shot Chart Detail,22101009,550,0,Opponent,1610612761,Toronto Raptors,4,10,11,Missed Shot,Running Layup Shot,,Restricted Area,Center(C),Less Than 8 ft.,2,21,20,1,0,20220312,DEN,TOR,22101009550,|1628449|1630567|1630625|201152|203920,0,REG,,,2022,1630567|201152,8.0,,,,,,,,DEN,1610612743.0,
Shot Chart Detail,22101009,560,0,Opponent,1610612761,Toronto Raptors,4,9,34,Missed Shot,Pullup Jump shot,,Above the Break 3,Center(C),24+ ft.,25,74,243,1,0,20220312,DEN,TOR,22101009560,|1628449|1630567|1630625|201152|203920,0,REG,,,2022,203920,4.0,C,Mobile Big,0.63,MISS Forbes 25' 3PT Pullup Jump Shot,,,,DEN,1610612743.0,
Shot Chart Detail,22101009,567,0,Opponent,1610612761,Toronto Raptors,4,9,5,Missed Shot,Cutting Layup Shot,,Restricted Area,Center(C),Less Than 8 ft.,3,-28,14,1,0,20220312,DEN,TOR,22101009567,|1628449|1630567|1630625|201152|203920,0,REG,,,2022,1628449|201152,2.0,,,,,,,,DEN,1610612743.0,
Shot Chart Detail,22101009,575,0,Opponent,1610612761,Toronto Raptors,4,8,46,Made Shot,Step Back Jump shot,,Above the Break 3,Left Side Center(LC),24+ ft.,25,-97,241,1,1,20220312,DEN,TOR,22101009575,|1628449|1630567|1630625|201152|203920,1,REG,,,2022,201152,2.0,PF,Helper,0.84,Hyland 26' 3PT Step Back Jump Shot (17 PTS) (Rivers 4 AST),,,,DEN,1610612743.0,203085.0
Shot Chart Detail,22101009,579,0,Opponent,1610612761,Toronto Raptors,4,7,59,Missed Shot,Step Back Jump shot,,Left Corner 3,Left Side(L),24+ ft.,23,-235,15,1,0,20220312,DEN,TOR,22101009579,|1628449|1630567|1630625|201152|203920,0,REG,,,2022,201152,0.0,PF,Helper,0.84,MISS Hyland 24' 3PT Step Back Jump Shot,,,,DEN,1610612743.0,
Shot Chart Detail,22101009,592,0,Opponent,1610612761,Toronto Raptors,4,6,37,Missed Shot,Step Back Jump shot,,Above the Break 3,Center(C),24+ ft.,26,40,260,1,0,20220312,DEN,TOR,22101009592,|1628449|1630567|1630625|201152|203920,0,REG,,,2022,203920,-2.0,C,Mobile Big,0.63,MISS Cousins 26' 3PT Step Back Jump Shot,,,,DEN,1610612743.0,
Shot Chart Detail,22101009,606,0,Opponent,1610612761,Toronto Raptors,4,5,53,Missed Shot,Jump Shot,,Above the Break 3,Right Side Center(RC),24+ ft.,25,142,213,1,0,20220312,DEN,TOR,22101009606,|1628449|1630567|1630625|201152|203920,0,REG,,,2022,1628449,-4.0,SF,Helper,0.4,MISS Barton 26' 3PT Jump Shot,,,,DEN,1610612743.0,
Shot Chart Detail,22101009,612,0,Opponent,1610612761,Toronto Raptors,4,4,53,Made Shot,Driving Reverse Layup Shot,,Restricted Area,Center(C),Less Than 8 ft.,2,-25,10,1,1,20220312,DEN,TOR,22101009612,|1628449|1630567|1630625|201152|203920,0,REG,,,2022,203920,-4.0,C,Mobile Big,0.63,Barton 3' Driving Reverse Layup (16 PTS),,,,DEN,1610612743.0,
Shot Chart Detail,22101009,634,0,Opponent,1610612761,Toronto Raptors,4,3,2,Missed Shot,Jump Shot,,Right Corner 3,Right Side(R),24+ ft.,24,235,55,1,0,20220312,DEN,TOR,22101009634,|1627783|1628449|1630567|201152|203920,0,REG,,,2022,1630567,-7.0,PF,Helper,0.63,MISS Morris 24' 3PT Jump Shot,,,,DEN,1610612743.0,
Shot Chart Detail,22101009,644,0,Opponent,1610612761,Toronto Raptors,4,1,44,Made Shot,Cutting Dunk Shot,,Restricted Area,Center(C),Less Than 8 ft.,1,-1,15,1,1,20220312,DEN,TOR,22101009644,|1627783|1628449|1630567|201152|203920,1,REG,,,2022,,,,,,,,,,DEN,1610612743.0,203999.0
Shot Chart Detail,22101009,674,0,Opponent,1610612761,Toronto Raptors,4,0,32,Made Shot,Jump Shot,,Above the Break 3,Left Side Center(LC),24+ ft.,25,-165,199,1,1,20220312,DEN,TOR,22101009674,|1628449|1629004|1629139|1629717|1630625,1,REG,,,2022,1630625,-9.0,PG,Chaser,0.27,Forbes 26' 3PT Jump Shot (8 PTS) (Reed 2 AST),,,,DEN,1610612743.0,1628432.0
Shot Chart Detail,22101028,10,0,Opponent,1610612761,Toronto Raptors,1,11,8,Missed Shot,Layup Shot,,Restricted Area,Center(C),Less Than 8 ft.,1,11,13,1,0,20220314,LAL,TOR,2210102810,|1627783|1627832|1629018|1630173|1630567,0,REG,,,2022,1629018|1630567,-2.0,,,,,,,,LAL,1610612747.0,
Shot Chart Detail,22101028,13,0,Opponent,1610612761,Toronto Raptors,1,10,28,Missed Shot,Pullup Jump shot,,Mid-Range,Left Side Center(LC),16-24 ft.,19,-141,138,1,0,20220314,LAL,TOR,2210102813,|1627783|1627832|1629018|1630173|1630567,0,REG,,,2022,1630567,-4.0,PF,Helper,0.63,MISS Westbrook 20' Pullup Jump Shot,,,,LAL,1610612747.0,
Shot Chart Detail,22101028,15,0,Opponent,1610612761,Toronto Raptors,1,10,25,Missed Shot,Putback Layup Shot,,In The Paint (Non-RA),Center(C),Less Than 8 ft.,4,4,43,1,0,20220314,LAL,TOR,2210102815,|1627783|1627832|1629018|1630173|1630567,0,REG,,,2022,1629018,-4.0,SG,Chaser,0.19,MISS James 4' Putback Layup,,,,LAL,1610612747.0,
Shot Chart Detail,22101028,19,0,Opponent,1610612761,Toronto Raptors,1,9,56,Missed Shot,Jump Shot,,Above the Break 3,Right Side Center(RC),24+ ft.,26,206,168,1,0,20220314,LAL,TOR,2210102819,|1627783|1627832|1629018|1630173|1630567,0,REG,,,2022,1629018,-6.0,SG,Chaser,0.19,MISS Reaves 27' 3PT Jump Shot,,,,LAL,1610612747.0,
Shot Chart Detail,22101028,23,0,Opponent,1610612761,Toronto Raptors,1,9,34,Made Shot,Driving Layup Shot,,Restricted Area,Center(C),Less Than 8 ft.,1,-11,3,1,1,20220314,LAL,TOR,2210102823,|1627783|1627832|1629018|1630173|1630567,0,REG,,,2022,1627783|1630173,-7.0,,,,,,,,LAL,1610612747.0,
Shot Chart Detail,22101028,34,0,Opponent,1610612761,Toronto Raptors,1,8,46,Missed Shot,Jump Shot,,Above the Break 3,Right Side Center(RC),24+ ft.,26,162,205,1,0,20220314,LAL,TOR,2210102834,|1627783|1627832|1629018|1630173|1630567,0,REG,,,2022,1627783,-11.0,PF,Helper,0.72,MISS Johnson 26' 3PT Jump Shot,,,,LAL,1610612747.0,
Shot Chart Detail,22101028,38,0,Opponent,1610612761,Toronto Raptors,1,8,25,Missed Shot,Driving Layup Shot,,Restricted Area,Center(C),Less Than 8 ft.,1,4,15,1,0,20220314,LAL,TOR,2210102838,|1627783|1627832|1629018|1630173|1630567,0,REG,,,2022,1629018|1627783,-13.0,,,,,,,,LAL,1610612747.0,
Shot Chart Detail,22101028,46,0,Opponent,1610612761,Toronto Raptors,1,7,57,Missed Shot,Jump Shot,,Left Corner 3,Left Side(L),24+ ft.,22,-229,-6,1,0,20220314,LAL,TOR,2210102846,|1627783|1627832|1629018|1630173|1630567,0,REG,,,2022,1627783,-13.0,PF,Helper,0.72,MISS Reaves 3PT Jump Shot,,,,LAL,1610612747.0,
Shot Chart Detail,22101028,49,0,Opponent,1610612761,Toronto Raptors,1,7,23,Missed Shot,Driving Reverse Layup Shot,,Restricted Area,Center(C),Less Than 8 ft.,1,-2,14,1,0,20220314,LAL,TOR,2210102849,|1627783|1627832|1629018|1630173|1630567,0,REG,,,2022,1627832|1627783,-15.0,,,,,,,,LAL,1610612747.0,
Shot Chart Detail,22101028,51,0,Opponent,1610612761,Toronto Raptors,1,7,20,Missed Shot,Jump Shot,,Above the Break 3,Right Side Center(RC),24+ ft.,26,132,229,1,0,20220314,LAL,TOR,2210102851,|1627783|1627832|1629018|1630173|1630567,0,REG,,,2022,1629018,-15.0,SG,Chaser,0.19,MISS Reaves 26' 3PT Jump Shot,,,,LAL,1610612747.0,
Shot Chart Detail,22101028,55,0,Opponent,1610612761,Toronto Raptors,1,7,1,Missed Shot,Step Back Jump shot,,Above the Break 3,Left Side Center(LC),24+ ft.,24,-138,204,1,0,20220314,LAL,TOR,2210102855,|1627783|1627832|1629018|1630173|1630567,0,REG,,,2022,1630567,-15.0,PF,Helper,0.63,MISS Monk 25' 3PT Step Back Jump Shot,,,,LAL,1610612747.0,
Shot Chart Detail,22101028,66,0,Opponent,1610612761,Toronto Raptors,1,6,43,Missed Shot,Jump Shot,,Left Corner 3,Left Side(L),24+ ft.,22,-225,35,1,0,20220314,LAL,TOR,2210102866,|1627783|1627832|1629018|1630173|1630567,0,REG,,,2022,1627783,-17.0,PF,Helper,0.72,MISS Gabriel 3PT Jump Shot,,,,LAL,1610612747.0,
Shot Chart Detail,22101028,72,0,Opponent,1610612761,Toronto Raptors,1,6,13,Missed Shot,Cutting Layup Shot,,Restricted Area,Center(C),Less Than 8 ft.,1,-6,19,1,0,20220314,LAL,TOR,2210102872,|1627783|1627832|1629018|1630173|1630567,0,REG,,,2022,1627783,-19.0,PF,Helper,0.72,MISS Westbrook 2' Cutting Layup Shot,,,,LAL,1610612747.0,
Shot Chart Detail,22101028,79,0,Opponent,1610612761,Toronto Raptors,1,5,53,Made Shot,Jump Shot,,Mid-Range,Left Side Center(LC),16-24 ft.,21,-138,162,1,1,20220314,LAL,TOR,2210102879,|1627783|1627832|1629018|1630173|1630567,1,REG,,,2022,1629018|1630173,-17.0,,,,,,,,LAL,1610612747.0,2544.0
Shot Chart Detail,22101028,83,0,Opponent,1610612761,Toronto Raptors,1,5,17,Missed Shot,Jump Shot,,Above the Break 3,Right Side Center(RC),24+ ft.,26,216,153,1,0,20220314,LAL,TOR,2210102883,|1627783|1627832|1629018|1630173|1630567,0,REG,,,2022,1627832,-20.0,PG,Point of Attack,0.9,MISS Augustin 26' 3PT Jump Shot,,,,LAL,1610612747.0,
Shot Chart Detail,22101028,86,0,Opponent,1610612761,Toronto Raptors,1,4,41,Missed Shot,Jump Shot,,Above the Break 3,Left Side Center(LC),24+ ft.,26,-190,180,1,0,20220314,LAL,TOR,2210102886,|1627783|1627832|1629018|1630173|1630567,0,REG,,,2022,1630567,-22.0,PF,Helper,0.63,MISS Anthony 26' 3PT Jump Shot,,,,LAL,1610612747.0,
Shot Chart Detail,22101028,100,0,Opponent,1610612761,Toronto Raptors,1,4,2,Missed Shot,Jump Shot,,Above the Break 3,Right Side Center(RC),24+ ft.,26,159,211,1,0,20220314,LAL,TOR,22101028100,|1627783|1627832|1628449|1630567|203920,0,REG,,,2022,203920,-20.0,C,Mobile Big,0.63,MISS Anthony 26' 3PT Jump Shot,,,,LAL,1610612747.0,
Shot Chart Detail,22101028,102,0,Opponent,1610612761,Toronto Raptors,1,3,46,Missed Shot,Layup Shot,,Restricted Area,Center(C),Less Than 8 ft.,1,-11,16,1,0,20220314,LAL,TOR,22101028102,|1627783|1627832|1628449|1630567|203920,0,REG,,,2022,1630567,-20.0,PF,Helper,0.63,MISS Augustin 2' Layup,,,,LAL,1610612747.0,
Shot Chart Detail,22101028,106,0,Opponent,1610612761,Toronto Raptors,1,3,23,Missed Shot,Jump Shot,,Above the Break 3,Center(C),24+ ft.,28,9,289,1,0,20220314,LAL,TOR,22101028106,|1627783|1627832|1628449|1630567|203920,0,REG,,,2022,203920,-20.0,C,Mobile Big,0.63,MISS Bradley 29' 3PT Jump Shot,,,,LAL,1610612747.0,
Shot Chart Detail,22101028,110,0,Opponent,1610612761,Toronto Raptors,1,2,57,Missed Shot,Jump Shot,,Above the Break 3,Right Side Center(RC),24+ ft.,25,142,210,1,0,20220314,LAL,TOR,22101028110,|1627783|1627832|1628449|1630567|203920,0,REG,,,2022,1628449,-20.0,SF,Helper,0.4,MISS Bradley 25' 3PT Jump Shot,,,,LAL,1610612747.0,
Shot Chart Detail,22101028,117,0,Opponent,1610612761,Toronto Raptors,1,2,18,Missed Shot,Jump Shot,,Above the Break 3,Left Side Center(LC),24+ ft.,25,-201,163,1,0,20220314,LAL,TOR,22101028117,|1627783|1627832|1628449|1630567|203920,0,REG,,,2022,1628449,-23.0,SF,Helper,0.4,MISS Anthony 26' 3PT Jump Shot,,,,LAL,1610612747.0,
Shot Chart Detail,22101028,132,0,Opponent,1610612761,Toronto Raptors,1,1,51,Missed Shot,Step Back Jump shot,,Mid-Range,Center(C),16-24 ft.,17,18,179,1,0,20220314,LAL,TOR,22101028132,|1628449|1629018|1630625|201152|203920,0,REG,,,2022,201152,-24.0,PF,Helper,0.84,MISS Horton-Tucker 18' Step Back Jump Shot,,,,LAL,1610612747.0,
Shot Chart Detail,22101028,143,0,Opponent,1610612761,Toronto Raptors,1,1,18,Made Shot,Running Dunk Shot,,Restricted Area,Center(C),Less Than 8 ft.,1,4,13,1,1,20220314,LAL,TOR,22101028143,|1628449|1629018|1630625|201152|203920,0,REG,,,2022,1629018,-20.0,SG,Chaser,0.19,Gabriel 1' Running Dunk (2 PTS),,,,LAL,1610612747.0,
Shot Chart Detail,22101028,146,0,Opponent,1610612761,Toronto Raptors,1,0,48,Missed Shot,Pullup Jump shot,,Mid-Range,Right Side Center(RC),16-24 ft.,17,132,114,1,0,20220314,LAL,TOR,22101028146,|1628449|1629018|1630625|201152|203920,0,REG,,,2022,203920,-20.0,C,Mobile Big,0.63,MISS Westbrook 17' Pullup Jump Shot,,,,LAL,1610612747.0,
Shot Chart Detail,22101028,154,0,Opponent,1610612761,Toronto Raptors,1,0,25,Missed Shot,Jump Shot,,Above the Break 3,Right Side Center(RC),24+ ft.,25,167,198,1,0,20220314,LAL,TOR,22101028154,|1628449|1629018|1630625|201152|203920,0,REG,,,2022,1630625,-21.0,PG,Chaser,0.27,MISS Ellington 26' 3PT Jump Shot,,,,LAL,1610612747.0,
Shot Chart Detail,22101028,162,0,Opponent,1610612761,Toronto Raptors,2,11,41,Made Shot,Driving Layup Shot,,Restricted Area,Center(C),Less Than 8 ft.,1,-4,14,1,1,20220314,LAL,TOR,22101028162,|1628449|1629018|1630625|201152|203920,0,REG,,,2022,1630625|203920,-19.0,,,,,,,,LAL,1610612747.0,
Shot Chart Detail,22101028,174,0,Opponent,1610612761,Toronto Raptors,2,10,55,Missed Shot,Layup Shot,,Restricted Area,Center(C),Less Than 8 ft.,3,-1,31,1,0,20220314,LAL,TOR,22101028174,|1628449|1629018|1630567|201152|203920,0,REG,,,2022,1630567,-18.0,PF,Helper,0.63,MISS Ellington 3' Layup,,,,LAL,1610612747.0,
Shot Chart Detail,22101028,187,0,Opponent,1610612761,Toronto Raptors,2,10,11,Missed Shot,Jump Shot,,Right Corner 3,Right Side(R),24+ ft.,24,241,31,1,0,20220314,LAL,TOR,22101028187,|1628449|1629018|1630567|201152|203920,0,REG,,,2022,203920,-20.0,C,Mobile Big,0.63,MISS Anthony 24' 3PT Jump Shot,,,,LAL,1610612747.0,
Shot Chart Detail,22101028,192,0,Opponent,1610612761,Toronto Raptors,2,9,38,Missed Shot,Pullup Jump shot,,Above the Break 3,Right Side Center(RC),24+ ft.,25,129,224,1,0,20220314,LAL,TOR,22101028192,|1628449|1629018|1630567|201152|203920,0,REG,,,2022,203920,-22.0,C,Mobile Big,0.63,MISS James 26' 3PT Pullup Jump Shot,,,,LAL,1610612747.0,
Shot Chart Detail,22101028,198,0,Opponent,1610612761,Toronto Raptors,2,9,20,Made Shot,Cutting Layup Shot,,Restricted Area,Center(C),Less Than 8 ft.,3,0,34,1,1,20220314,LAL,TOR,22101028198,|1628449|1629018|1630567|201152|203920,1,REG,,,2022,203920|1630567,-20.0,,,,,,,,LAL,1610612747.0,201961.0
Shot Chart Detail,22101028,215,0,Opponent,1610612761,Toronto Raptors,2,8,40,Missed Shot,Jump Shot,,Right Corner 3,Right Side(R),24+ ft.,23,224,72,1,0,20220314,LAL,TOR,22101028215,|1627832|1628449|1630173|1630567|201152,0,REG,,,2022,1630567,-19.0,PF,Helper,0.63,MISS Gabriel 24' 3PT Jump Shot,,,,LAL,1610612747.0,
Shot Chart Detail,22101028,226,0,Opponent,1610612761,Toronto Raptors,2,7,38,Made Shot,Pullup Jump shot,,Above the Break 3,Center(C),24+ ft.,28,-36,278,1,1,20220314,LAL,TOR,22101028226,|1627832|1628449|1630173|1630567|201152,1,REG,,,2022,1630567,-17.0,PF,Helper,0.63,Horton-Tucker 28' 3PT Pullup Jump Shot (5 PTS) (Monk 1 AST),,,,LAL,1610612747.0,1628370.0
Shot Chart Detail,22101028,230,0,Opponent,1610612761,Toronto Raptors,2,7,12,Missed Shot,Layup Shot,,Restricted Area,Center(C),Less Than 8 ft.,1,5,15,1,0,20220314,LAL,TOR,22101028230,|1627832|1628449|1630173|1630567|201152,0,REG,,,2022,1630173|201152,-20.0,,,,,,,,LAL,1610612747.0,
Shot Chart Detail,22101028,232,0,Opponent,1610612761,Toronto Raptors,2,7,8,Missed Shot,Tip Layup Shot,,Restricted Area,Center(C),Less Than 8 ft.,0,0,0,1,0,20220314,LAL,TOR,22101028232,|1627832|1628449|1630173|1630567|201152,0,REG,,,2022,1628449|1630567,-20.0,,,,,,,,LAL,1610612747.0,
Shot Chart Detail,22101028,236,0,Opponent,1610612761,Toronto Raptors,2,6,42,Missed Shot,Reverse Layup Shot,,Restricted Area,Center(C),Less Than 8 ft.,2,-11,21,1,0,20220314,LAL,TOR,22101028236,|1627832|1628449|1630173|1630567|201152,0,REG,,,2022,1630173|1630567,-22.0,,,,,,,,LAL,1610612747.0,
Shot Chart Detail,22101028,250,0,Opponent,1610612761,Toronto Raptors,2,5,54,Made Shot,Running Layup Shot,,Restricted Area,Center(C),Less Than 8 ft.,1,9,15,1,1,20220314,LAL,TOR,22101028250,|1627783|1627832|1628449|1630173|1630567,0,REG,,,2022,1627832|1630567,-20.0,,,,,,,,LAL,1610612747.0,
Shot Chart Detail,22101028,252,0,Opponent,1610612761,Toronto Raptors,2,5,13,Made Shot,Jump Shot,,Left Corner 3,Left Side(L),24+ ft.,24,-241,-5,1,1,20220314,LAL,TOR,22101028252,|1627783|1627832|1628449|1630173|1630567,1,REG,,,2022,1627783,-19.0,PF,Helper,0.72,Monk 24' 3PT Jump Shot (6 PTS) (Horton-Tucker 1 AST),,,,LAL,1610612747.0,1629659.0
Shot Chart Detail,22101028,280,0,Opponent,1610612761,Toronto Raptors,2,4,4,Made Shot,Running Layup Shot,,Restricted Area,Center(C),Less Than 8 ft.,0,-5,5,1,1,20220314,LAL,TOR,22101028280,|1627783|1627832|1629018|1630173|1630567,0,REG,,,2022,1630567,-17.0,PF,Helper,0.63,Westbrook 1' Running Layup (4 PTS),,,,LAL,1610612747.0,
Shot Chart Detail,22101028,285,0,Opponent,1610612761,Toronto Raptors,2,3,28,Missed Shot,Running Reverse Layup Shot,,Restricted Area,Center(C),Less Than 8 ft.,3,-2,30,1,0,20220314,LAL,TOR,22101028285,|1627783|1627832|1629018|1630173|1630567,0,REG,,,2022,1629018|1627783,-17.0,,,,,,,,LAL,1610612747.0,
Shot Chart Detail,22101028,296,0,Opponent,1610612761,Toronto Raptors,2,2,34,Made Shot,Cutting Layup Shot,,Restricted Area,Center(C),Less Than 8 ft.,1,-11,15,1,1,20220314,LAL,TOR,22101028296,|1627783|1627832|1629018|1630173|1630567,1,REG,,,2022,1627832|1630567,-17.0,,,,,,,,LAL,1610612747.0,1628370.0
Shot Chart Detail,22101028,309,0,Opponent,1610612761,Toronto Raptors,2,2,5,Made Shot,Running Pull-Up Jump Shot,,Above the Break 3,Right Side Center(RC),24+ ft.,26,179,194,1,1,20220314,LAL,TOR,22101028309,|1627783|1627832|1629018|1630173|201152,1,REG,,,2022,1627783,-13.0,PF,Helper,0.72,Anthony 26' 3PT Running Pull-Up Jump Shot (5 PTS) (James 2 AST),,,,LAL,1610612747.0,2544.0
Shot Chart Detail,22101028,315,0,Opponent,1610612761,Toronto Raptors,2,1,36,Missed Shot,Running Jump Shot,,Left Corner 3,Left Side(L),24+ ft.,22,-222,-2,1,0,20220314,LAL,TOR,22101028315,|1627783|1627832|1629018|1630173|201152,0,REG,,,2022,1629018,-13.0,SG,Chaser,0.19,MISS Anthony 3PT Running Jump Shot,,,,LAL,1610612747.0,
Shot Chart Detail,22101028,319,0,Opponent,1610612761,Toronto Raptors,2,1,16,Made Shot,Cutting Dunk Shot,,Restricted Area,Center(C),Less Than 8 ft.,2,18,19,1,1,20220314,LAL,TOR,22101028319,|1627783|1627832|1629018|1630173|201152,1,REG,,,2022,1630173,-14.0,C,Mobile Big,0.24,James 3' Cutting Dunk Shot (8 PTS) (Westbrook 1 AST),,,,LAL,1610612747.0,201566.0
Shot Chart Detail,22101028,325,0,Opponent,1610612761,Toronto Raptors,2,0,44,Missed Shot,Layup Shot,,Restricted Area,Center(C),Less Than 8 ft.,2,10,19,1,0,20220314,LAL,TOR,22101028325,|1627783|1627832|1629018|1630173|201152,0,REG,,,2022,1627832,-16.0,PG,Point of Attack,0.9,MISS Gabriel 2' Layup,,,,LAL,1610612747.0,
Shot Chart Detail,22101028,337,0,Opponent,1610612761,Toronto Raptors,2,0,24,Missed Shot,Layup Shot,,Restricted Area,Center(C),Less Than 8 ft.,2,7,19,1,0,20220314,LAL,TOR,22101028337,|1627783|1627832|1629018|1630173|201152,0,REG,,,2022,1627832|201152,-20.0,,,,,,,,LAL,1610612747.0,
Shot Chart Detail,22101028,370,0,Opponent,1610612761,Toronto Raptors,3,11,20,Made Shot,Pullup Jump shot,,Mid-Range,Center(C),16-24 ft.,20,-54,194,1,1,20220314,LAL,TOR,22101028370,|1627783|1627832|1629018|1630173|1630567,0,REG,,,2022,1627832,-18.0,PG,Point of Attack,0.9,Monk 20' Pullup Jump Shot (8 PTS),,,,LAL,1610612747.0,
Shot Chart Detail,22101028,375,0,Opponent,1610612761,Toronto Raptors,3,10,45,Missed Shot,Jump Shot,,Right Corner 3,Right Side(R),24+ ft.,22,224,23,1,0,20220314,LAL,TOR,22101028375,|1627783|1627832|1629018|1630173|1630567,0,REG,,,2022,1627832,-18.0,PG,Point of Attack,0.9,MISS Reaves 3PT Jump Shot,,,,LAL,1610612747.0,
Shot Chart Detail,22101028,382,0,Opponent,1610612761,Toronto Raptors,3,10,4,Missed Shot,Jump Shot,,Right Corner 3,Right Side(R),24+ ft.,22,229,13,1,0,20220314,LAL,TOR,22101028382,|1627783|1627832|1629018|1630173|1630567,0,REG,,,2022,1627783,-20.0,PF,Helper,0.72,MISS Gabriel 3PT Jump Shot,,,,LAL,1610612747.0,
Shot Chart Detail,22101028,386,0,Opponent,1610612761,Toronto Raptors,3,9,38,Made Shot,Pullup Jump shot,,Above the Break 3,Left Side Center(LC),24+ ft.,25,-183,175,1,1,20220314,LAL,TOR,22101028386,|1627783|1627832|1629018|1630173|1630567,0,REG,,,2022,1630173,-19.0,C,Mobile Big,0.24,James 25' 3PT Pullup Jump Shot (11 PTS),,,,LAL,1610612747.0,
Shot Chart Detail,22101028,393,0,Opponent,1610612761,Toronto Raptors,3,9,14,Missed Shot,Driving Layup Shot,,Restricted Area,Center(C),Less Than 8 ft.,1,-10,13,1,0,20220314,LAL,TOR,22101028393,|1627783|1627832|1629018|1630173|1630567,0,REG,,,2022,1630567,-19.0,PF,Helper,0.63,MISS Gabriel 2' Driving Layup,,,,LAL,1610612747.0,
Shot Chart Detail,22101028,396,0,Opponent,1610612761,Toronto Raptors,3,9,12,Missed Shot,Putback Layup Shot,,Restricted Area,Center(C),Less Than 8 ft.,1,9,11,1,0,20220314,LAL,TOR,22101028396,|1627783|1627832|1629018|1630173|1630567,0,REG,,,2022,1627832,-19.0,PG,Point of Attack,0.9,MISS Gabriel 1' Putback Layup,,,,LAL,1610612747.0,
Shot Chart Detail,22101028,411,0,Opponent,1610612761,Toronto Raptors,3,8,8,Made Shot,Jump Shot,,Above the Break 3,Right Side Center(RC),24+ ft.,28,140,244,1,1,20220314,LAL,TOR,22101028411,|1627783|1627832|1629018|1630173|1630567,1,REG,,,2022,1630173,-19.0,C,Mobile Big,0.24,James 28' 3PT Jump Shot (14 PTS) (Gabriel 1 AST),,,,LAL,1610612747.0,1629117.0
Shot Chart Detail,22101028,421,0,Opponent,1610612761,Toronto Raptors,3,7,41,Missed Shot,Pullup Jump shot,,Above the Break 3,Right Side Center(RC),24+ ft.,27,87,264,1,0,20220314,LAL,TOR,22101028421,|1627783|1627832|1629018|1630173|1630567,0,REG,,,2022,1627783|1630567,-19.0,,,,,,,,LAL,1610612747.0,
Shot Chart Detail,22101028,426,0,Opponent,1610612761,Toronto Raptors,3,7,21,Made Shot,Driving Finger Roll Layup Shot,,Restricted Area,Center(C),Less Than 8 ft.,2,2,27,1,1,20220314,LAL,TOR,22101028426,|1627783|1627832|1629018|1630173|1630567,0,REG,,,2022,1629018,-20.0,SG,Chaser,0.19,Westbrook 3' Driving Finger Roll Layup (11 PTS),,,,LAL,1610612747.0,
Shot Chart Detail,22101028,428,0,Opponent,1610612761,Toronto Raptors,3,6,44,Made Shot,Driving Dunk Shot,,Restricted Area,Center(C),Less Than 8 ft.,1,-7,18,1,1,20220314,LAL,TOR,22101028428,|1627783|1627832|1629018|1630173|1630567,0,REG,,,2022,1629018,-20.0,SG,Chaser,0.19,Reaves 2' Driving Dunk (3 PTS),,,,LAL,1610612747.0,
Shot Chart Detail,22101028,434,0,Opponent,1610612761,Toronto Raptors,3,6,3,Missed Shot,Driving Layup Shot,,Restricted Area,Center(C),Less Than 8 ft.,2,-5,20,1,0,20220314,LAL,TOR,22101028434,|1627783|1627832|1629018|1630173|1630567,0,REG,,,2022,1630173,-20.0,C,Mobile Big,0.24,MISS Reaves 2' Driving Layup,,,,LAL,1610612747.0,
Shot Chart Detail,22101028,445,0,Opponent,1610612761,Toronto Raptors,3,5,46,Missed Shot,Jump Shot,,Mid-Range,Left Side Center(LC),16-24 ft.,20,-123,160,1,0,20220314,LAL,TOR,22101028445,|1627783|1627832|1629018|1630173|1630567,0,REG,,,2022,1627832,-21.0,PG,Point of Attack,0.9,MISS Anthony 20' Jump Shot,,,,LAL,1610612747.0,
Shot Chart Detail,22101028,450,0,Opponent,1610612761,Toronto Raptors,3,5,35,Made Shot,Running Layup Shot,,Restricted Area,Center(C),Less Than 8 ft.,1,1,13,1,1,20220314,LAL,TOR,22101028450,|1627783|1627832|1629018|1630173|1630567,1,REG,,,2022,1630173,-19.0,C,Mobile Big,0.24,James 1' Running Layup (16 PTS) (Horton-Tucker 2 AST),,,,LAL,1610612747.0,1629659.0
Shot Chart Detail,22101028,454,0,Opponent,1610612761,Toronto Raptors,3,4,58,Missed Shot,Driving Layup Shot,,Restricted Area,Center(C),Less Than 8 ft.,1,17,8,1,0,20220314,LAL,TOR,22101028454,|1627783|1627832|1629018|1630173|1630567,0,REG,,,2022,1629018,-22.0,SG,Chaser,0.19,MISS Horton-Tucker 2' Driving Layup,,,,LAL,1610612747.0,
Shot Chart Detail,22101028,459,0,Opponent,1610612761,Toronto Raptors,3,4,40,Missed Shot,Pullup Jump shot,,Above the Break 3,Center(C),24+ ft.,30,-44,304,1,0,20220314,LAL,TOR,22101028459,|1627783|1627832|1629018|1630173|1630567,0,REG,,,2022,1630173,-22.0,C,Mobile Big,0.24,MISS James 31' 3PT Pullup Jump Shot,,,,LAL,1610612747.0,
Shot Chart Detail,22101028,462,0,Opponent,1610612761,Toronto Raptors,3,4,23,Missed Shot,Jump Shot,,Above the Break 3,Left Side Center(LC),24+ ft.,25,-156,207,1,0,20220314,LAL,TOR,22101028462,|1627783|1627832|1629018|1630173|1630567,0,REG,,,2022,1630567,-24.0,PF,Helper,0.63,MISS Monk 26' 3PT Jump Shot,,,,LAL,1610612747.0,
Shot Chart Detail,22101028,475,0,Opponent,1610612761,Toronto Raptors,3,3,51,Made Shot,Jump Shot,,Above the Break 3,Left Side Center(LC),24+ ft.,25,-138,212,1,1,20220314,LAL,TOR,22101028475,|1627783|1627832|1629018|1630567|203920,1,REG,,,2022,1629018,-24.0,SG,Chaser,0.19,Anthony 25' 3PT Jump Shot (8 PTS) (Horton-Tucker 3 AST),,,,LAL,1610612747.0,1629659.0
Shot Chart Detail,22101028,479,0,Opponent,1610612761,Toronto Raptors,3,3,17,Missed Shot,Jump Shot,,Above the Break 3,Center(C),24+ ft.,25,48,254,1,0,20220314,LAL,TOR,22101028479,|1627783|1627832|1629018|1630567|203920,0,REG,,,2022,1629018,-26.0,SG,Chaser,0.19,MISS Monk 26' 3PT Jump Shot,,,,LAL,1610612747.0,
Shot Chart Detail,22101028,493,0,Opponent,1610612761,Toronto Raptors,3,2,55,Made Shot,Jump Shot,,Above the Break 3,Left Side Center(LC),24+ ft.,25,-184,181,1,1,20220314,LAL,TOR,22101028493,|1627832|1628449|1629018|1630567|203920,1,REG,,,2022,1630567,-25.0,PF,Helper,0.63,Horton-Tucker 26' 3PT Jump Shot (8 PTS) (Johnson 1 AST),,,,LAL,1610612747.0,1626169.0
Shot Chart Detail,22101028,496,0,Opponent,1610612761,Toronto Raptors,3,2,29,Missed Shot,Driving Layup Shot,,Restricted Area,Center(C),Less Than 8 ft.,2,-7,20,1,0,20220314,LAL,TOR,22101028496,|1627832|1628449|1629018|1630567|203920,0,REG,,,2022,1630567,-27.0,PF,Helper,0.63,MISS Westbrook 2' Driving Layup,,,,LAL,1610612747.0,
Shot Chart Detail,22101028,515,0,Opponent,1610612761,Toronto Raptors,3,1,48,Made Shot,Jump Shot,,Above the Break 3,Center(C),24+ ft.,27,-36,277,1,1,20220314,LAL,TOR,22101028515,|1628449|1629018|1630625|201152|203920,1,REG,,,2022,1629018,-23.0,SG,Chaser,0.19,Ellington 28' 3PT Jump Shot (3 PTS) (Westbrook 2 AST),,,,LAL,1610612747.0,201566.0
Shot Chart Detail,22101028,521,0,Opponent,1610612761,Toronto Raptors,3,1,3,Missed Shot,Jump Shot,,Above the Break 3,Right Side Center(RC),24+ ft.,26,175,194,1,0,20220314,LAL,TOR,22101028521,|1628449|1629018|1630625|201152|203920,0,REG,,,2022,1630625,-23.0,PG,Chaser,0.27,MISS Anthony 26' 3PT Jump Shot,,,,LAL,1610612747.0,
Shot Chart Detail,22101028,534,0,Opponent,1610612761,Toronto Raptors,3,0,16,Made Shot,Pullup Jump shot,,Mid-Range,Center(C),16-24 ft.,18,-26,184,1,1,20220314,LAL,TOR,22101028534,|1628449|1629018|1630625|201152|203920,0,REG,,,2022,203920,-23.0,C,Mobile Big,0.63,Westbrook 19' Pullup Jump Shot (14 PTS),,,,LAL,1610612747.0,
Shot Chart Detail,22101028,537,0,Opponent,1610612761,Toronto Raptors,3,0,0,Made Shot,Pullup Jump shot,,Above the Break 3,Left Side Center(LC),24+ ft.,26,-162,211,1,1,20220314,LAL,TOR,22101028537,|1628449|1629018|1630625|201152|203920,1,REG,,,2022,1629018,-20.0,SG,Chaser,0.19,Horton-Tucker 27' 3PT Pullup Jump Shot (11 PTS) (Westbrook 3 AST),,,,LAL,1610612747.0,201566.0
Shot Chart Detail,22101028,553,0,Opponent,1610612761,Toronto Raptors,4,11,31,Missed Shot,Running Pull-Up Jump Shot,,Above the Break 3,Right Side Center(RC),24+ ft.,25,152,205,1,0,20220314,LAL,TOR,22101028553,|1627832|1628449|1629717|1630567|201152,0,REG,,,2022,1629717,-20.0,SG-PG,Low Activity,-0.97,MISS Ellington 26' 3PT Running Pull-Up Jump Shot,,,,LAL,1610612747.0,
Shot Chart Detail,22101028,557,0,Opponent,1610612761,Toronto Raptors,4,11,15,Made Shot,Running Finger Roll Layup Shot,,Restricted Area,Center(C),Less Than 8 ft.,2,-11,22,1,1,20220314,LAL,TOR,22101028557,|1627832|1628449|1629717|1630567|201152,0,REG,,,2022,1628449|1630567,-18.0,,,,,,,,LAL,1610612747.0,
Shot Chart Detail,22101028,560,0,Opponent,1610612761,Toronto Raptors,4,10,20,Made Shot,Jump Shot,,Left Corner 3,Left Side(L),24+ ft.,22,-229,10,1,1,20220314,LAL,TOR,22101028560,|1627832|1628449|1629717|1630567|201152,1,REG,,,2022,1627832,-18.0,PG,Point of Attack,0.9,Ellington 3PT Jump Shot (6 PTS) (Westbrook 4 AST),,,,LAL,1610612747.0,201566.0
Shot Chart Detail,22101028,568,0,Opponent,1610612761,Toronto Raptors,4,9,34,Made Shot,Driving Layup Shot,,Restricted Area,Center(C),Less Than 8 ft.,1,-5,15,1,1,20220314,LAL,TOR,22101028568,|1627832|1628449|1629717|1630567|201152,1,REG,,,2022,1629717|1630567,-16.0,,,,,,,,LAL,1610612747.0,2544.0
Shot Chart Detail,22101028,583,0,Opponent,1610612761,Toronto Raptors,4,8,55,Missed Shot,Jump Shot,,Above the Break 3,Left Side Center(LC),24+ ft.,26,-143,218,1,0,20220314,LAL,TOR,22101028583,|1627783|1627832|1628449|1629717|1630567,0,REG,,,2022,,,,,,,,,,LAL,1610612747.0,
Shot Chart Detail,22101028,587,0,Opponent,1610612761,Toronto Raptors,4,8,46,Missed Shot,Driving Layup Shot,,Restricted Area,Center(C),Less Than 8 ft.,2,9,28,1,0,20220314,LAL,TOR,22101028587,|1627783|1627832|1628449|1629717|1630567,0,REG,,,2022,1630567,-18.0,PF,Helper,0.63,MISS James 3' Driving Layup,,,,LAL,1610612747.0,
Shot Chart Detail,22101028,601,0,Opponent,1610612761,Toronto Raptors,4,7,23,Made Shot,Fadeaway Jump Shot,,Above the Break 3,Left Side Center(LC),24+ ft.,25,-185,178,1,1,20220314,LAL,TOR,22101028601,|1627783|1627832|1628449|1630173|1630567,1,REG,,,2022,1630173,-17.0,C,Mobile Big,0.24,James 26' 3PT Fadeaway Jumper (19 PTS) (Horton-Tucker 4 AST),,,,LAL,1610612747.0,1629659.0
Shot Chart Detail,22101028,606,0,Opponent,1610612761,Toronto Raptors,4,6,59,Missed Shot,Jump Shot,,Above the Break 3,Left Side Center(LC),24+ ft.,29,-164,249,1,0,20220314,LAL,TOR,22101028606,|1627783|1627832|1628449|1630173|1630567,0,REG,,,2022,1627783,-17.0,PF,Helper,0.72,MISS Horton-Tucker 30' 3PT Jump Shot,,,,LAL,1610612747.0,
Shot Chart Detail,22101028,619,0,Opponent,1610612761,Toronto Raptors,4,6,17,Made Shot,Driving Floating Jump Shot,,Restricted Area,Center(C),Less Than 8 ft.,3,-15,32,1,1,20220314,LAL,TOR,22101028619,|1627783|1627832|1629018|1630173|1630567,0,REG,,,2022,1627783|1630567,-15.0,,,,,,,,LAL,1610612747.0,
Shot Chart Detail,22101028,634,0,Opponent,1610612761,Toronto Raptors,4,5,0,Made Shot,Layup Shot,,Restricted Area,Center(C),Less Than 8 ft.,2,-6,22,1,1,20220314,LAL,TOR,22101028634,|1627783|1627832|1629018|1630173|1630567,0,REG,,,2022,1629018,-17.0,SG,Chaser,0.19,Horton-Tucker 2' Layup (17 PTS),,,,LAL,1610612747.0,
Shot Chart Detail,22101028,641,0,Opponent,1610612761,Toronto Raptors,4,4,24,Made Shot,Driving Dunk Shot,,Restricted Area,Center(C),Less Than 8 ft.,1,-11,10,1,1,20220314,LAL,TOR,22101028641,|1627783|1627832|1629018|1630173|1630567,1,REG,,,2022,1629018,-15.0,SG,Chaser,0.19,James 1' Driving Dunk (23 PTS) (Ellington 2 AST),,,,LAL,1610612747.0,201961.0
Shot Chart Detail,22101028,658,0,Opponent,1610612761,Toronto Raptors,4,3,47,Made Shot,Jump Shot,,Above the Break 3,Right Side Center(RC),24+ ft.,27,158,231,1,1,20220314,LAL,TOR,22101028658,|1627783|1627832|1629018|1630173|1630567,1,REG,,,2022,,,,,,,,,,LAL,1610612747.0,1629659.0
Shot Chart Detail,22101028,670,0,Opponent,1610612761,Toronto Raptors,4,3,0,Missed Shot,Driving Layup Shot,,Restricted Area,Center(C),Less Than 8 ft.,2,-2,22,1,0,20220314,LAL,TOR,22101028670,|1627783|1627832|1629018|1630173|1630567,0,REG,,,2022,1629018|1627783,-13.0,,,,,,,,LAL,1610612747.0,
Shot Chart Detail,22101028,682,0,Opponent,1610612761,Toronto Raptors,4,2,19,Made Shot,Pullup Jump shot,,Above the Break 3,Left Side Center(LC),24+ ft.,27,-98,259,1,1,20220314,LAL,TOR,22101028682,|1627783|1627832|1629018|1630173|1630567,0,REG,,,2022,1629018,-9.0,SG,Chaser,0.19,James 28' 3PT Pullup Jump Shot (26 PTS),,,,LAL,1610612747.0,
Shot Chart Detail,22101028,687,0,Opponent,1610612761,Toronto Raptors,4,1,37,Missed Shot,Jump Shot,,Right Corner 3,Right Side(R),24+ ft.,22,224,44,1,0,20220314,LAL,TOR,22101028687,|1627783|1627832|1629018|1630173|1630567,0,REG,,,2022,1629018,-9.0,SG,Chaser,0.19,MISS Horton-Tucker 3PT Jump Shot,,,,LAL,1610612747.0,
Shot Chart Detail,22101028,694,0,Opponent,1610612761,Toronto Raptors,4,1,8,Missed Shot,Jump Shot,,Left Corner 3,Left Side(L),24+ ft.,23,-237,27,1,0,20220314,LAL,TOR,22101028694,|1627783|1627832|1629018|1630173|1630567,0,REG,,,2022,1627783,-10.0,PF,Helper,0.72,MISS Ellington 24' 3PT Jump Shot,,,,LAL,1610612747.0,
Shot Chart Detail,22101028,707,0,Opponent,1610612761,Toronto Raptors,4,0,46,Made Shot,Driving Layup Shot,,Restricted Area,Center(C),Less Than 8 ft.,1,2,17,1,1,20220314,LAL,TOR,22101028707,|1627783|1627832|1629018|1630173|1630567,1,REG,,,2022,1630173,-10.0,C,Mobile Big,0.24,James 2' Driving Layup (28 PTS) (Ellington 3 AST),,,,LAL,1610612747.0,201961.0
Shot Chart Detail,22101028,714,0,Opponent,1610612761,Toronto Raptors,4,0,37,Made Shot,Reverse Layup Shot,,Restricted Area,Center(C),Less Than 8 ft.,3,-11,29,1,1,20220314,LAL,TOR,22101028714,|1627783|1627832|1629018|1630173|1630567,1,REG,,,2022,1627783,-10.0,PF,Helper,0.72,Horton-Tucker 3' Reverse Layup (20 PTS) (Anthony 1 AST),,,,LAL,1610612747.0,2546.0
Shot Chart Detail,22101044,7,0,Opponent,1610612761,Toronto Raptors,1,11,38,Missed Shot,Turnaround Jump Shot,,In The Paint (Non-RA),Left Side(L),8-16 ft.,13,-72,109,1,0,20220316,LAC,TOR,221010447,|1627783|1627832|1629018|1630567|203920,0,REG,,,2022,1630567,0.0,PF,Helper,0.63,MISS Morris Sr. 13' Turnaround Jump Shot,,,,LAC,1610612746.0,
Shot Chart Detail,22101044,10,0,Opponent,1610612761,Toronto Raptors,1,11,9,Missed Shot,Hook Shot,,In The Paint (Non-RA),Center(C),Less Than 8 ft.,5,-50,16,1,0,20220316,LAC,TOR,2210104410,|1627783|1627832|1629018|1630567|203920,0,REG,,,2022,203920|1630567,-3.0,,,,,,,,LAC,1610612746.0,
Shot Chart Detail,22101044,13,0,Opponent,1610612761,Toronto Raptors,1,10,55,Made Shot,Dunk Shot,,Restricted Area,Center(C),Less Than 8 ft.,0,-1,9,1,1,20220316,LAC,TOR,2210104413,|1627783|1627832|1629018|1630567|203920,1,REG,,,2022,203920,-4.0,C,Mobile Big,0.63,Zubac 1' Dunk (2 PTS) (Jackson 1 AST),,,,LAC,1610612746.0,202704.0
Shot Chart Detail,22101044,27,0,Opponent,1610612761,Toronto Raptors,1,9,45,Made Shot,Jump Shot,,Left Corner 3,Left Side(L),24+ ft.,24,-235,80,1,1,20220316,LAC,TOR,2210104427,|1627783|1627832|1629018|1630567|203920,1,REG,,,2022,1630567,-3.0,PF,Helper,0.63,Morris Sr. 25' 3PT Jump Shot (4 PTS) (Jackson 2 AST),,,,LAC,1610612746.0,202704.0
Shot Chart Detail,22101044,31,0,Opponent,1610612761,Toronto Raptors,1,9,19,Made Shot,Jump Shot,,Right Corner 3,Right Side(R),24+ ft.,24,234,75,1,1,20220316,LAC,TOR,2210104431,|1627783|1627832|1629018|1630567|203920,1,REG,,,2022,1627783,0.0,PF,Helper,0.72,Batum 25' 3PT Jump Shot (3 PTS) (Jackson 3 AST),,,,LAC,1610612746.0,202704.0
Shot Chart Detail,22101044,34,0,Opponent,1610612761,Toronto Raptors,1,8,35,Missed Shot,Jump Shot,,Left Corner 3,Left Side(L),24+ ft.,22,-227,32,1,0,20220316,LAC,TOR,2210104434,|1627783|1627832|1629018|1630567|203920,0,REG,,,2022,1627832,-2.0,PG,Point of Attack,0.9,MISS Jackson 3PT Jump Shot,,,,LAC,1610612746.0,
Shot Chart Detail,22101044,41,0,Opponent,1610612761,Toronto Raptors,1,7,52,Made Shot,Step Back Jump shot,,Above the Break 3,Center(C),24+ ft.,26,-9,260,1,1,20220316,LAC,TOR,2210104441,|1627783|1627832|1629018|1630567|203920,1,REG,,,2022,1630567,-2.0,PF,Helper,0.63,Jackson 26' 3PT Step Back Jump Shot (3 PTS) (Morris Sr. 1 AST),,,,LAC,1610612746.0,202694.0
Shot Chart Detail,22101044,47,0,Opponent,1610612761,Toronto Raptors,1,7,20,Missed Shot,Driving Floating Jump Shot,,In The Paint (Non-RA),Center(C),8-16 ft.,10,45,94,1,0,20220316,LAC,TOR,2210104447,|1627783|1627832|1629018|1630567|203920,0,REG,,,2022,1629018,-2.0,SG,Chaser,0.19,MISS Jackson 10' Driving Floating Jump Shot,,,,LAC,1610612746.0,
Shot Chart Detail,22101044,49,0,Opponent,1610612761,Toronto Raptors,1,7,17,Missed Shot,Tip Layup Shot,,Restricted Area,Center(C),Less Than 8 ft.,0,0,0,1,0,20220316,LAC,TOR,2210104449,|1627783|1627832|1629018|1630567|203920,0,REG,,,2022,1627832|203920,-2.0,,,,,,,,LAC,1610612746.0,
Shot Chart Detail,22101044,51,0,Opponent,1610612761,Toronto Raptors,1,7,13,Missed Shot,Jump Shot,,Right Corner 3,Right Side(R),24+ ft.,22,228,19,1,0,20220316,LAC,TOR,2210104451,|1627783|1627832|1629018|1630567|203920,0,REG,,,2022,1627783,-2.0,PF,Helper,0.72,MISS Jackson 3PT Jump Shot,,,,LAC,1610612746.0,
Shot Chart Detail,22101044,58,0,Opponent,1610612761,Toronto Raptors,1,6,39,Made Shot,Pullup Jump shot,,In The Paint (Non-RA),Right Side(R),8-16 ft.,8,78,24,1,1,20220316,LAC,TOR,2210104458,|1627783|1627832|1629018|1630567|203920,1,REG,,,2022,1627832|203920,0.0,,,,,,,,LAC,1610612746.0,202704.0
Shot Chart Detail,22101044,69,0,Opponent,1610612761,Toronto Raptors,1,5,20,Made Shot,Driving Layup Shot,,In The Paint (Non-RA),Center(C),Less Than 8 ft.,4,11,48,1,1,20220316,LAC,TOR,2210104469,|1627783|1627832|1629018|1630567|203920,0,REG,,,2022,1629018,-2.0,SG,Chaser,0.19,Jackson 5' Driving Layup (5 PTS),,,,LAC,1610612746.0,
Shot Chart Detail,22101044,72,0,Opponent,1610612761,Toronto Raptors,1,4,57,Made Shot,Fadeaway Jump Shot,,In The Paint (Non-RA),Left Side(L),8-16 ft.,8,-80,19,1,1,20220316,LAC,TOR,2210104472,|1627783|1627832|1629018|1630567|203920,0,REG,,,2022,203920,0.0,C,Mobile Big,0.63,Morris Sr. 8' Fadeaway Jumper (8 PTS),,,,LAC,1610612746.0,
Shot Chart Detail,22101044,74,0,Opponent,1610612761,Toronto Raptors,1,4,17,Made Shot,Pullup Jump shot,,Above the Break 3,Center(C),24+ ft.,25,-58,252,1,1,20220316,LAC,TOR,2210104474,|1627783|1627832|1629018|1630567|203920,0,REG,,,2022,1627832,1.0,PG,Point of Attack,0.9,Jackson 26' 3PT Pullup Jump Shot (8 PTS),,,,LAC,1610612746.0,
Shot Chart Detail,22101044,86,0,Opponent,1610612761,Toronto Raptors,1,3,43,Missed Shot,Jump Shot,,Above the Break 3,Right Side Center(RC),24+ ft.,27,173,208,1,0,20220316,LAC,TOR,2210104486,|1627783|1627832|1628449|1629018|1630173,0,REG,,,2022,1629018,1.0,SG,Chaser,0.19,MISS Mann 27' 3PT Jump Shot,,,,LAC,1610612746.0,
Shot Chart Detail,22101044,100,0,Opponent,1610612761,Toronto Raptors,1,2,54,Made Shot,Floating Jump shot,,In The Paint (Non-RA),Center(C),Less Than 8 ft.,5,4,50,1,1,20220316,LAC,TOR,22101044100,|1627783|1628449|1629018|1630173|201152,0,REG,,,2022,1630173,3.0,C,Mobile Big,0.24,Jackson 5' Floating Jump Shot (10 PTS),,,,LAC,1610612746.0,
Shot Chart Detail,22101044,115,0,Opponent,1610612761,Toronto Raptors,1,1,26,Missed Shot,Floating Jump shot,,In The Paint (Non-RA),Center(C),8-16 ft.,8,23,77,1,0,20220316,LAC,TOR,22101044115,|1627783|1628449|1629018|1630173|201152,0,REG,,,2022,1628449|1627783|201152,1.0,,,,,,,,LAC,1610612746.0,
Shot Chart Detail,22101044,119,0,Opponent,1610612761,Toronto Raptors,1,0,56,Made Shot,Jump Shot,,Right Corner 3,Right Side(R),24+ ft.,23,229,55,1,1,20220316,LAC,TOR,22101044119,|1627783|1628449|1629018|1630173|201152,1,REG,,,2022,1627783,1.0,PF,Helper,0.72,Mann 24' 3PT Jump Shot (3 PTS) (Jackson 5 AST),,,,LAC,1610612746.0,202704.0
Shot Chart Detail,22101044,128,0,Opponent,1610612761,Toronto Raptors,1,0,4,Missed Shot,Jump Shot,,Above the Break 3,Left Side Center(LC),24+ ft.,25,-175,183,1,0,20220316,LAC,TOR,22101044128,|1627783|1628449|1629018|1630173|201152,0,REG,,,2022,1628449,-2.0,SF,Helper,0.4,MISS Coffey 25' 3PT Jump Shot,,,,LAC,1610612746.0,
Shot Chart Detail,22101044,139,0,Opponent,1610612761,Toronto Raptors,2,11,30,Made Shot,Driving Layup Shot,,Restricted Area,Center(C),Less Than 8 ft.,2,20,19,1,1,20220316,LAC,TOR,22101044139,|1628449|1629717|1630173|1630567|201152,1,REG,,,2022,201152,-2.0,PF,Helper,0.84,Mann 3' Driving Layup (5 PTS) (Coffey 1 AST),,,,LAC,1610612746.0,1629599.0
Shot Chart Detail,22101044,154,0,Opponent,1610612761,Toronto Raptors,2,10,26,Missed Shot,Jump Shot,,Above the Break 3,Center(C),24+ ft.,26,-75,252,1,0,20220316,LAC,TOR,22101044154,|1628449|1629717|1630173|1630567|201152,0,REG,,,2022,,,,,,,,,,LAC,1610612746.0,
Shot Chart Detail,22101044,156,0,Opponent,1610612761,Toronto Raptors,2,10,21,Missed Shot,Pullup Jump shot,,Mid-Range,Center(C),8-16 ft.,15,34,151,1,0,20220316,LAC,TOR,22101044156,|1628449|1629717|1630173|1630567|201152,0,REG,,,2022,201152,0.0,PF,Helper,0.84,MISS Mann 15' Pullup Jump Shot,,,,LAC,1610612746.0,
Shot Chart Detail,22101044,160,0,Opponent,1610612761,Toronto Raptors,2,10,5,Made Shot,Layup Shot,,In The Paint (Non-RA),Center(C),Less Than 8 ft.,4,26,34,1,1,20220316,LAC,TOR,22101044160,|1628449|1629717|1630173|1630567|201152,0,REG,,,2022,1628449,2.0,SF,Helper,0.4,Coffey 4' Layup (2 PTS),,,,LAC,1610612746.0,
Shot Chart Detail,22101044,163,0,Opponent,1610612761,Toronto Raptors,2,9,27,Made Shot,Driving Finger Roll Layup Shot,,Restricted Area,Center(C),Less Than 8 ft.,2,10,25,1,1,20220316,LAC,TOR,22101044163,|1628449|1629717|1630173|1630567|201152,1,REG,,,2022,1628449,1.0,SF,Helper,0.4,Mann 3' Driving Finger Roll Layup (9 PTS) (Coffey 2 AST),,,,LAC,1610612746.0,1629599.0
Shot Chart Detail,22101044,166,0,Opponent,1610612761,Toronto Raptors,2,8,47,Missed Shot,Driving Layup Shot,,Restricted Area,Center(C),Less Than 8 ft.,2,-20,9,1,0,20220316,LAC,TOR,22101044166,|1628449|1629717|1630173|1630567|201152,0,REG,,,2022,1630173,-1.0,C,Mobile Big,0.24,MISS Hartenstein 2' Driving Layup,,,,LAC,1610612746.0,
Shot Chart Detail,22101044,181,0,Opponent,1610612761,Toronto Raptors,2,7,50,Made Shot,Running Alley Oop Dunk Shot,,Restricted Area,Center(C),Less Than 8 ft.,1,-5,13,1,1,20220316,LAC,TOR,22101044181,|1627832|1628449|1630173|1630567|201152,1,REG,,,2022,201152,1.0,PF,Helper,0.84,Coffey 1' Running Alley Oop Dunk Shot (4 PTS) (Mann 1 AST),,,,LAC,1610612746.0,1629611.0
Shot Chart Detail,22101044,184,0,Opponent,1610612761,Toronto Raptors,2,7,26,Made Shot,Hook Shot,,In The Paint (Non-RA),Center(C),Less Than 8 ft.,4,-25,32,1,1,20220316,LAC,TOR,22101044184,|1627832|1628449|1630173|1630567|201152,1,REG,,,2022,201152,3.0,PF,Helper,0.84,Hartenstein 4' Hook Shot (2 PTS) (Mann 2 AST),,,,LAC,1610612746.0,1629611.0
Shot Chart Detail,22101044,188,0,Opponent,1610612761,Toronto Raptors,2,6,56,Missed Shot,Cutting Finger Roll Layup Shot,,Restricted Area,Center(C),Less Than 8 ft.,3,13,32,1,0,20220316,LAC,TOR,22101044188,|1627832|1628449|1630173|1630567|201152,0,REG,,,2022,1630567|201152,3.0,,,,,,,,LAC,1610612746.0,
Shot Chart Detail,22101044,213,0,Opponent,1610612761,Toronto Raptors,2,5,57,Made Shot,Pullup Jump shot,,In The Paint (Non-RA),Center(C),Less Than 8 ft.,7,-71,16,1,1,20220316,LAC,TOR,22101044213,|1627783|1627832|1629018|1630567|203920,1,REG,,,2022,1630567,1.0,PF,Helper,0.63,Morris Sr. 7' Pullup Jump Shot (10 PTS) (Kennard 1 AST),,,,LAC,1610612746.0,1628379.0
Shot Chart Detail,22101044,216,0,Opponent,1610612761,Toronto Raptors,2,5,20,Missed Shot,Jump Shot,,Left Corner 3,Left Side(L),24+ ft.,24,-238,74,1,0,20220316,LAC,TOR,22101044216,|1627783|1627832|1629018|1630567|203920,0,REG,,,2022,1630567,-1.0,PF,Helper,0.63,MISS Morris Sr. 25' 3PT Jump Shot,,,,LAC,1610612746.0,
Shot Chart Detail,22101044,222,0,Opponent,1610612761,Toronto Raptors,2,4,40,Missed Shot,Fadeaway Jump Shot,,Mid-Range,Left Side(L),8-16 ft.,13,-135,11,1,0,20220316,LAC,TOR,22101044222,|1627783|1627832|1629018|1630567|203920,0,REG,,,2022,203920,-1.0,C,Mobile Big,0.63,MISS Jackson 14' Fadeaway Jumper,,,,LAC,1610612746.0,
Shot Chart Detail,22101044,225,0,Opponent,1610612761,Toronto Raptors,2,4,7,Missed Shot,Turnaround Hook Shot,,In The Paint (Non-RA),Center(C),Less Than 8 ft.,6,-6,62,1,0,20220316,LAC,TOR,22101044225,|1627783|1627832|1629018|1630567|203920,0,REG,,,2022,203920,-3.0,C,Mobile Big,0.63,MISS Zubac 6' Turnaround Hook Shot,,,,LAC,1610612746.0,
Shot Chart Detail,22101044,229,0,Opponent,1610612761,Toronto Raptors,2,3,38,Made Shot,Jump Shot,,Mid-Range,Left Side(L),8-16 ft.,11,-118,3,1,1,20220316,LAC,TOR,22101044229,|1627783|1627832|1629018|1630567|203920,1,REG,,,2022,1627783,-1.0,PF,Helper,0.72,Morris Sr. 12' Jump Shot (12 PTS) (Zubac 1 AST),,,,LAC,1610612746.0,1627826.0
Shot Chart Detail,22101044,232,0,Opponent,1610612761,Toronto Raptors,2,3,15,Missed Shot,Fadeaway Jump Shot,,Mid-Range,Right Side Center(RC),16-24 ft.,16,126,111,1,0,20220316,LAC,TOR,22101044232,|1627783|1627832|1629018|1630567|203920,0,REG,,,2022,203920,-3.0,C,Mobile Big,0.63,MISS Kennard 17' Fadeaway Jumper,,,,LAC,1610612746.0,
Shot Chart Detail,22101044,239,0,Opponent,1610612761,Toronto Raptors,2,2,44,Missed Shot,Jump Shot,,Left Corner 3,Left Side(L),24+ ft.,23,-237,13,1,0,20220316,LAC,TOR,22101044239,|1627783|1627832|1629018|1630567|203920,0,REG,,,2022,1627783,-5.0,PF,Helper,0.72,MISS Batum 24' 3PT Jump Shot,,,,LAC,1610612746.0,
Shot Chart Detail,22101044,242,0,Opponent,1610612761,Toronto Raptors,2,2,11,Missed Shot,Jump Shot,,Above the Break 3,Left Side Center(LC),24+ ft.,26,-201,172,1,0,20220316,LAC,TOR,22101044242,|1627783|1627832|1629018|1630567|203920,0,REG,,,2022,1630567,-7.0,PF,Helper,0.63,MISS Morris Sr. 26' 3PT Jump Shot,,,,LAC,1610612746.0,
Shot Chart Detail,22101044,252,0,Opponent,1610612761,Toronto Raptors,2,1,25,Made Shot,Pullup Jump shot,,In The Paint (Non-RA),Center(C),8-16 ft.,11,-32,110,1,1,20220316,LAC,TOR,22101044252,|1627783|1627832|1629018|1630567|203920,1,REG,,,2022,1627832|1630567,-7.0,,,,,,,,LAC,1610612746.0,202704.0
Shot Chart Detail,22101044,259,0,Opponent,1610612761,Toronto Raptors,2,0,38,Missed Shot,Step Back Jump shot,,In The Paint (Non-RA),Center(C),8-16 ft.,9,-34,93,1,0,20220316,LAC,TOR,22101044259,|1627783|1627832|1629018|1630567|203920,0,REG,,,2022,1629018,-10.0,SG,Chaser,0.19,MISS Mann 10' Step Back Jump Shot,,,,LAC,1610612746.0,
Shot Chart Detail,22101044,272,0,Opponent,1610612761,Toronto Raptors,3,11,29,Missed Shot,Jump Shot,,Above the Break 3,Right Side Center(RC),24+ ft.,25,113,231,1,0,20220316,LAC,TOR,22101044272,|1627783|1627832|1629018|1630567|203920,0,REG,,,2022,1630567,-12.0,PF,Helper,0.63,MISS Jackson 26' 3PT Jump Shot,,,,LAC,1610612746.0,
Shot Chart Detail,22101044,282,0,Opponent,1610612761,Toronto Raptors,3,10,10,Made Shot,Driving Floating Jump Shot,,In The Paint (Non-RA),Center(C),8-16 ft.,11,-43,105,1,1,20220316,LAC,TOR,22101044282,|1627783|1627832|1629018|1630567|203920,1,REG,,,2022,1629018,-13.0,SG,Chaser,0.19,Coffey 11' Driving Floating Jump Shot (6 PTS) (Zubac 2 AST),,,,LAC,1610612746.0,1627826.0
Shot Chart Detail,22101044,297,0,Opponent,1610612761,Toronto Raptors,3,9,23,Made Shot,Jump Shot,,Above the Break 3,Right Side Center(RC),24+ ft.,26,138,228,1,1,20220316,LAC,TOR,22101044297,|1627783|1627832|1629018|1630567|203920,1,REG,,,2022,1627832,-14.0,PG,Point of Attack,0.9,Jackson 27' 3PT Jump Shot (15 PTS) (Morris Sr. 2 AST),,,,LAC,1610612746.0,202694.0
Shot Chart Detail,22101044,319,0,Opponent,1610612761,Toronto Raptors,3,7,46,Missed Shot,Pullup Jump shot,,Mid-Range,Left Side(L),8-16 ft.,14,-83,117,1,0,20220316,LAC,TOR,22101044319,|1627783|1627832|1629018|1630567|203920,0,REG,,,2022,1627783,-14.0,PF,Helper,0.72,MISS Jackson 14' Pullup Jump Shot,,,,LAC,1610612746.0,
Shot Chart Detail,22101044,321,0,Opponent,1610612761,Toronto Raptors,3,7,38,Made Shot,Driving Dunk Shot,,Restricted Area,Center(C),Less Than 8 ft.,0,4,2,1,1,20220316,LAC,TOR,22101044321,|1627783|1627832|1629018|1630567|203920,1,REG,,,2022,203920,-12.0,C,Mobile Big,0.63,Coffey Driving Dunk (10 PTS) (Batum 1 AST),,,,LAC,1610612746.0,201587.0
Shot Chart Detail,22101044,324,0,Opponent,1610612761,Toronto Raptors,3,6,58,Made Shot,Jump Shot,,Left Corner 3,Left Side(L),24+ ft.,23,-230,17,1,1,20220316,LAC,TOR,22101044324,|1627783|1627832|1629018|1630567|203920,1,REG,,,2022,1627783,-11.0,PF,Helper,0.72,Jackson 3PT Jump Shot (18 PTS) (Morris Sr. 3 AST),,,,LAC,1610612746.0,202694.0
Shot Chart Detail,22101044,327,0,Opponent,1610612761,Toronto Raptors,3,6,20,Made Shot,Cutting Layup Shot,,Restricted Area,Center(C),Less Than 8 ft.,2,-5,22,1,1,20220316,LAC,TOR,22101044327,|1627783|1627832|1629018|1630567|203920,1,REG,,,2022,203920|1630567,-11.0,,,,,,,,LAC,1610612746.0,202704.0
Shot Chart Detail,22101044,333,0,Opponent,1610612761,Toronto Raptors,3,5,45,Made Shot,Driving Layup Shot,,In The Paint (Non-RA),Center(C),Less Than 8 ft.,4,28,33,1,1,20220316,LAC,TOR,22101044333,|1627783|1627832|1629018|1630567|203920,0,REG,,,2022,1627832|1630567,-12.0,,,,,,,,LAC,1610612746.0,
Shot Chart Detail,22101044,348,0,Opponent,1610612761,Toronto Raptors,3,4,53,Made Shot,Layup Shot,,Restricted Area,Center(C),Less Than 8 ft.,2,18,15,1,1,20220316,LAC,TOR,22101044348,|1627783|1627832|1629018|1630173|1630567,1,REG,,,2022,1627832,-11.0,PG,Point of Attack,0.9,Batum 2' Layup (5 PTS) (Jackson 8 AST),,,,LAC,1610612746.0,202704.0
Shot Chart Detail,22101044,352,0,Opponent,1610612761,Toronto Raptors,3,4,9,Missed Shot,Jump Shot,,Above the Break 3,Right Side Center(RC),24+ ft.,25,91,242,1,0,20220316,LAC,TOR,22101044352,|1627783|1627832|1629018|1630173|1630567,0,REG,,,2022,1627832,-11.0,PG,Point of Attack,0.9,MISS Batum 26' 3PT Jump Shot,,,,LAC,1610612746.0,
Shot Chart Detail,22101044,367,0,Opponent,1610612761,Toronto Raptors,3,3,9,Made Shot,Floating Jump shot,,In The Paint (Non-RA),Center(C),8-16 ft.,8,-17,80,1,1,20220316,LAC,TOR,22101044367,|1627783|1627832|1628449|1629018|1630173,1,REG,,,2022,1627832,-9.0,PG,Point of Attack,0.9,Hartenstein 8' Floating Jump Shot (8 PTS) (Morris Sr. 4 AST),,,,LAC,1610612746.0,202694.0
Shot Chart Detail,22101044,371,0,Opponent,1610612761,Toronto Raptors,3,2,30,Missed Shot,Jump Shot,,Left Corner 3,Left Side(L),24+ ft.,23,-230,39,1,0,20220316,LAC,TOR,22101044371,|1627783|1627832|1628449|1629018|1630173,0,REG,,,2022,1630173,-9.0,C,Mobile Big,0.24,MISS Morris Sr. 3PT Jump Shot,,,,LAC,1610612746.0,
Shot Chart Detail,22101044,375,0,Opponent,1610612761,Toronto Raptors,3,2,11,Missed Shot,Driving Hook Shot,,In The Paint (Non-RA),Center(C),Less Than 8 ft.,4,28,37,1,0,20220316,LAC,TOR,22101044375,|1627783|1627832|1628449|1629018|1630173,0,REG,,,2022,1627832,-9.0,PG,Point of Attack,0.9,MISS Jackson 5' Driving Hook Shot,,,,LAC,1610612746.0,
Shot Chart Detail,22101044,387,0,Opponent,1610612761,Toronto Raptors,3,1,36,Missed Shot,Driving Dunk Shot,,Restricted Area,Center(C),Less Than 8 ft.,3,-1,36,1,0,20220316,LAC,TOR,22101044387,|1627783|1628449|1629018|1629717|1630173,0,REG,,,2022,1630173,-9.0,C,Mobile Big,0.24,MISS Morris Sr. 4' Driving Dunk,,,,LAC,1610612746.0,
Shot Chart Detail,22101044,391,0,Opponent,1610612761,Toronto Raptors,3,1,2,Made Shot,Step Back Jump shot,,Mid-Range,Right Side(R),8-16 ft.,9,93,28,1,1,20220316,LAC,TOR,22101044391,|1627783|1628449|1629018|1629717|1630173,0,REG,,,2022,1630173,-7.0,C,Mobile Big,0.24,Mann 10' Step Back Jump Shot (11 PTS),,,,LAC,1610612746.0,
Shot Chart Detail,22101044,394,0,Opponent,1610612761,Toronto Raptors,3,0,32,Made Shot,Jump Shot,,Above the Break 3,Center(C),24+ ft.,25,38,254,1,1,20220316,LAC,TOR,22101044394,|1627783|1628449|1629018|1629717|1630173,1,REG,,,2022,1627783,-4.0,PF,Helper,0.72,Covington 26' 3PT Jump Shot (3 PTS) (Mann 3 AST),,,,LAC,1610612746.0,1629611.0
Shot Chart Detail,22101044,398,0,Opponent,1610612761,Toronto Raptors,3,0,2,Missed Shot,Turnaround Fadeaway Bank Jump Shot,,In The Paint (Non-RA),Left Side(L),8-16 ft.,9,-65,65,1,0,20220316,LAC,TOR,22101044398,|1627783|1628449|1629018|1629717|1630173,0,REG,,,2022,1630173,-4.0,C,Mobile Big,0.24,MISS Morris Sr. 9' Turnaround Fadeaway Bank Jump Shot,,,,LAC,1610612746.0,
Shot Chart Detail,22101044,408,0,Opponent,1610612761,Toronto Raptors,4,11,50,Missed Shot,Floating Jump shot,,In The Paint (Non-RA),Center(C),8-16 ft.,9,4,94,1,0,20220316,LAC,TOR,22101044408,|1628449|1629717|1630173|1630567|201152,0,REG,,,2022,1629717,-4.0,SG-PG,Low Activity,-0.97,MISS Hartenstein 9' Floating Jump Shot,,,,LAC,1610612746.0,
Shot Chart Detail,22101044,410,0,Opponent,1610612761,Toronto Raptors,4,11,45,Made Shot,Tip Layup Shot,,Restricted Area,Center(C),Less Than 8 ft.,0,0,0,1,1,20220316,LAC,TOR,22101044410,|1628449|1629717|1630173|1630567|201152,0,REG,,,2022,1628449|201152,-2.0,,,,,,,,LAC,1610612746.0,
Shot Chart Detail,22101044,415,0,Opponent,1610612761,Toronto Raptors,4,10,58,Missed Shot,Jump Shot,,Above the Break 3,Center(C),24+ ft.,27,-54,269,1,0,20220316,LAC,TOR,22101044415,|1628449|1629717|1630173|1630567|201152,0,REG,,,2022,1630567,-5.0,PF,Helper,0.63,MISS Mann 27' 3PT Jump Shot,,,,LAC,1610612746.0,
Shot Chart Detail,22101044,419,0,Opponent,1610612761,Toronto Raptors,4,10,17,Missed Shot,Jump Shot,,Right Corner 3,Right Side(R),24+ ft.,23,230,20,1,0,20220316,LAC,TOR,22101044419,|1628449|1629717|1630173|1630567|201152,0,REG,,,2022,1629717,-5.0,SG-PG,Low Activity,-0.97,MISS Batum 3PT Jump Shot,,,,LAC,1610612746.0,
Shot Chart Detail,22101044,423,0,Opponent,1610612761,Toronto Raptors,4,9,54,Missed Shot,Step Back Jump shot,,Above the Break 3,Left Side Center(LC),24+ ft.,27,-124,241,1,0,20220316,LAC,TOR,22101044423,|1628449|1629717|1630173|1630567|201152,0,REG,,,2022,1630567,-5.0,PF,Helper,0.63,MISS Covington 27' 3PT Step Back Jump Shot,,,,LAC,1610612746.0,
Shot Chart Detail,22101044,427,0,Opponent,1610612761,Toronto Raptors,4,9,31,Missed Shot,Pullup Jump shot,,In The Paint (Non-RA),Center(C),8-16 ft.,11,38,106,1,0,20220316,LAC,TOR,22101044427,|1628449|1629717|1630173|1630567|201152,0,REG,,,2022,1628449|1630173,-5.0,,,,,,,,LAC,1610612746.0,
Shot Chart Detail,22101044,431,0,Opponent,1610612761,Toronto Raptors,4,8,51,Made Shot,Alley Oop Dunk Shot,,Restricted Area,Center(C),Less Than 8 ft.,0,5,2,1,1,20220316,LAC,TOR,22101044431,|1628449|1629717|1630173|1630567|201152,1,REG,,,2022,1630173,-5.0,C,Mobile Big,0.24,Hartenstein 1' Alley Oop Dunk (10 PTS) (Mann 4 AST),,,,LAC,1610612746.0,1629611.0
Shot Chart Detail,22101044,435,0,Opponent,1610612761,Toronto Raptors,4,8,18,Made Shot,Running Jump Shot,,Above the Break 3,Right Side Center(RC),24+ ft.,25,203,160,1,1,20220316,LAC,TOR,22101044435,|1628449|1629717|1630173|1630567|201152,1,REG,,,2022,1629717|1630567,-2.0,,,,,,,,LAC,1610612746.0,201587.0
Shot Chart Detail,22101044,464,0,Opponent,1610612761,Toronto Raptors,4,6,19,Made Shot,Pullup Jump shot,,Mid-Range,Left Side Center(LC),16-24 ft.,17,-83,158,1,1,20220316,LAC,TOR,22101044464,|1627783|1627832|1628449|1630173|1630567,0,REG,,,2022,1630173,-8.0,C,Mobile Big,0.24,Morris Sr. 18' Pullup Jump Shot (19 PTS),,,,LAC,1610612746.0,
Shot Chart Detail,22101044,471,0,Opponent,1610612761,Toronto Raptors,4,5,45,Missed Shot,Jump Shot,,Right Corner 3,Right Side(R),24+ ft.,23,230,12,1,0,20220316,LAC,TOR,22101044471,|1627783|1627832|1628449|1630173|1630567,0,REG,,,2022,1630567,-8.0,PF,Helper,0.63,MISS Jackson 3PT Jump Shot,,,,LAC,1610612746.0,
Shot Chart Detail,22101044,475,0,Opponent,1610612761,Toronto Raptors,4,5,12,Missed Shot,Jump Shot,,Above the Break 3,Left Side Center(LC),24+ ft.,27,-205,181,1,0,20220316,LAC,TOR,22101044475,|1627783|1627832|1628449|1630173|1630567,0,REG,,,2022,1630567,-8.0,PF,Helper,0.63,MISS Covington 27' 3PT Jump Shot,,,,LAC,1610612746.0,
Shot Chart Detail,22101044,479,0,Opponent,1610612761,Toronto Raptors,4,4,33,Missed Shot,Driving Floating Jump Shot,,In The Paint (Non-RA),Center(C),Less Than 8 ft.,7,23,74,1,0,20220316,LAC,TOR,22101044479,|1627783|1627832|1628449|1630173|1630567,0,REG,,,2022,1630173,-8.0,C,Mobile Big,0.24,MISS Jackson 8' Driving Floating Jump Shot,,,,LAC,1610612746.0,
Shot Chart Detail,22101044,481,0,Opponent,1610612761,Toronto Raptors,4,4,28,Missed Shot,Jump Shot,,Right Corner 3,Right Side(R),24+ ft.,23,233,10,1,0,20220316,LAC,TOR,22101044481,|1627783|1627832|1628449|1630173|1630567,0,REG,,,2022,,,,,,,,,,LAC,1610612746.0,
Shot Chart Detail,22101044,483,0,Opponent,1610612761,Toronto Raptors,4,4,14,Missed Shot,Driving Layup Shot,,Restricted Area,Center(C),Less Than 8 ft.,3,25,27,1,0,20220316,LAC,TOR,22101044483,|1627783|1627832|1628449|1630173|1630567,0,REG,,,2022,1628449|1630173,-8.0,,,,,,,,LAC,1610612746.0,
Shot Chart Detail,22101044,487,0,Opponent,1610612761,Toronto Raptors,4,3,52,Made Shot,Running Finger Roll Layup Shot,,Restricted Area,Center(C),Less Than 8 ft.,2,-6,25,1,1,20220316,LAC,TOR,22101044487,|1627783|1627832|1628449|1630173|1630567,1,REG,,,2022,1627832,-6.0,PG,Point of Attack,0.9,Covington 3' Running Finger Roll Layup (5 PTS) (Morris Sr. 5 AST),,,,LAC,1610612746.0,202694.0
Shot Chart Detail,22101044,491,0,Opponent,1610612761,Toronto Raptors,4,3,9,Made Shot,Jump Shot,,Above the Break 3,Center(C),24+ ft.,26,-77,252,1,1,20220316,LAC,TOR,22101044491,|1627783|1627832|1628449|1630173|1630567,1,REG,,,2022,1627832,-3.0,PG,Point of Attack,0.9,Morris Sr. 26' 3PT Jump Shot (22 PTS) (Jackson 9 AST),,,,LAC,1610612746.0,202704.0
Shot Chart Detail,22101044,499,0,Opponent,1610612761,Toronto Raptors,4,2,34,Made Shot,Driving Layup Shot,,Restricted Area,Center(C),Less Than 8 ft.,3,2,32,1,1,20220316,LAC,TOR,22101044499,|1627783|1627832|1628449|1630173|1630567,0,REG,,,2022,1628449|1630567,-3.0,,,,,,,,LAC,1610612746.0,
Shot Chart Detail,22101044,512,0,Opponent,1610612761,Toronto Raptors,4,1,45,Made Shot,Cutting Layup Shot,,Restricted Area,Center(C),Less Than 8 ft.,2,20,8,1,1,20220316,LAC,TOR,22101044512,|1627783|1627832|1629018|1630173|1630567,1,REG,,,2022,1627783,-4.0,PF,Helper,0.72,Covington 2' Cutting Layup Shot (7 PTS) (Morris Sr. 6 AST),,,,LAC,1610612746.0,202694.0
Shot Chart Detail,22101044,515,0,Opponent,1610612761,Toronto Raptors,4,1,28,Made Shot,Driving Reverse Layup Shot,,Restricted Area,Center(C),Less Than 8 ft.,2,-12,22,1,1,20220316,LAC,TOR,22101044515,|1627783|1627832|1629018|1630173|1630567,0,REG,,,2022,1630567,-2.0,PF,Helper,0.63,Jackson 3' Driving Reverse Layup (23 PTS),,,,LAC,1610612746.0,
Shot Chart Detail,22101044,521,0,Opponent,1610612761,Toronto Raptors,4,0,43,Missed Shot,Driving Layup Shot,,Restricted Area,Center(C),Less Than 8 ft.,2,10,26,1,0,20220316,LAC,TOR,22101044521,|1627783|1627832|1629018|1630173|1630567,0,REG,,,2022,1627783|1630567,-4.0,,,,,,,,LAC,1610612746.0,
Shot Chart Detail,22101044,523,0,Opponent,1610612761,Toronto Raptors,4,0,40,Missed Shot,Jump Shot,,Above the Break 3,Left Side Center(LC),24+ ft.,28,-96,264,1,0,20220316,LAC,TOR,22101044523,|1627783|1627832|1629018|1630173|1630567,0,REG,,,2022,1627832,-4.0,PG,Point of Attack,0.9,MISS Morris Sr. 28' 3PT Jump Shot,,,,LAC,1610612746.0,
Shot Chart Detail,22101044,525,0,Opponent,1610612761,Toronto Raptors,4,0,35,Made Shot,Jump Shot,,Right Corner 3,Right Side(R),24+ ft.,23,238,20,1,1,20220316,LAC,TOR,22101044525,|1627783|1627832|1629018|1630173|1630567,1,REG,,,2022,1629018,-1.0,SG,Chaser,0.19,Batum 24' 3PT Jump Shot (8 PTS) (Morris Sr. 7 AST),,,,LAC,1610612746.0,202694.0
Shot Chart Detail,22101044,544,0,Opponent,1610612761,Toronto Raptors,4,0,1,Missed Shot,Jump Shot,,Above the Break 3,Right Side Center(RC),24+ ft.,26,121,236,1,0,20220316,LAC,TOR,22101044544,|1627783|1627832|1629018|1630173|1630567,0,REG,,,2022,1630173,-3.0,C,Mobile Big,0.24,MISS Morris Sr. 27' 3PT Jump Shot,,,,LAC,1610612746.0,
Shot Chart Detail,22101051,7,0,Opponent,1610612761,Toronto Raptors,1,11,44,Made Shot,Driving Floating Jump Shot,,In The Paint (Non-RA),Center(C),Less Than 8 ft.,7,6,73,1,1,20220318,TOR,LAL,221010517,|1627783|1627832|1629018|1630567|203920,1,REG,,,2022,1627783,2.0,PF,Helper,0.72,Gabriel 7' Driving Floating Jump Shot (2 PTS) (Westbrook 1 AST),,,,LAL,1610612747.0,201566.0
Shot Chart Detail,22101051,10,0,Opponent,1610612761,Toronto Raptors,1,11,4,Made Shot,Layup Shot,,Restricted Area,Center(C),Less Than 8 ft.,1,-16,-1,1,1,20220318,TOR,LAL,2210105110,|1627783|1627832|1629018|1630567|203920,1,REG,,,2022,1627832,1.0,PG,Point of Attack,0.9,Westbrook 2' Layup (2 PTS) (James 1 AST),,,,LAL,1610612747.0,2544.0
Shot Chart Detail,22101051,14,0,Opponent,1610612761,Toronto Raptors,1,10,42,Made Shot,Running Reverse Layup Shot,,Restricted Area,Center(C),Less Than 8 ft.,1,1,16,1,1,20220318,TOR,LAL,2210105114,|1627783|1627832|1629018|1630567|203920,1,REG,,,2022,203920|1627783,3.0,,,,,,,,LAL,1610612747.0,201566.0
Shot Chart Detail,22101051,18,0,Opponent,1610612761,Toronto Raptors,1,10,4,Made Shot,Jump Shot,,Right Corner 3,Right Side(R),24+ ft.,24,241,9,1,1,20220318,TOR,LAL,2210105118,|1627783|1627832|1629018|1630567|203920,1,REG,,,2022,1627783,4.0,PF,Helper,0.72,Gabriel 24' 3PT Jump Shot (7 PTS) (Westbrook 3 AST),,,,LAL,1610612747.0,201566.0
Shot Chart Detail,22101051,22,0,Opponent,1610612761,Toronto Raptors,1,9,30,Made Shot,Jump Shot,,Left Corner 3,Left Side(L),24+ ft.,22,-229,21,1,1,20220318,TOR,LAL,2210105122,|1627783|1627832|1629018|1630567|203920,1,REG,,,2022,1627783,7.0,PF,Helper,0.72,Westbrook 3PT Jump Shot (5 PTS) (James 2 AST),,,,LAL,1610612747.0,2544.0
Shot Chart Detail,22101051,26,0,Opponent,1610612761,Toronto Raptors,1,9,6,Made Shot,Jump Shot,,Left Corner 3,Left Side(L),24+ ft.,23,-237,17,1,1,20220318,TOR,LAL,2210105126,|1627783|1627832|1629018|1630567|203920,1,REG,,,2022,1630567,10.0,PF,Helper,0.63,Gabriel 24' 3PT Jump Shot (10 PTS) (Monk 1 AST),,,,LAL,1610612747.0,1628370.0
Shot Chart Detail,22101051,37,0,Opponent,1610612761,Toronto Raptors,1,8,21,Missed Shot,Alley Oop Layup shot,,Restricted Area,Center(C),Less Than 8 ft.,3,1,31,1,0,20220318,TOR,LAL,2210105137,|1627783|1627832|1629018|1630567|203920,0,REG,,,2022,1627832,5.0,PG,Point of Attack,0.9,MISS Howard 3' Alley Oop Layup,,,,LAL,1610612747.0,
Shot Chart Detail,22101051,56,0,Opponent,1610612761,Toronto Raptors,1,7,4,Made Shot,Driving Finger Roll Layup Shot,,Restricted Area,Center(C),Less Than 8 ft.,3,-13,31,1,1,20220318,TOR,LAL,2210105156,|1627783|1627832|1629018|1630567|203920,0,REG,,,2022,1627832,2.0,PG,Point of Attack,0.9,Westbrook 3' Driving Finger Roll Layup (7 PTS),,,,LAL,1610612747.0,
Shot Chart Detail,22101051,67,0,Opponent,1610612761,Toronto Raptors,1,6,9,Missed Shot,Step Back Jump shot,,Above the Break 3,Center(C),24+ ft.,25,76,239,1,0,20220318,TOR,LAL,2210105167,|1627783|1627832|1629018|1630567|203920,0,REG,,,2022,1627832|203920,-1.0,,,,,,,,LAL,1610612747.0,
Shot Chart Detail,22101051,71,0,Opponent,1610612761,Toronto Raptors,1,5,35,Missed Shot,Turnaround Fadeaway Bank Jump Shot,,Mid-Range,Left Side(L),8-16 ft.,14,-116,83,1,0,20220318,TOR,LAL,2210105171,|1627783|1627832|1629018|1630567|203920,0,REG,,,2022,1629018,-3.0,SG,Chaser,0.19,MISS Westbrook 14' Turnaround Fadeaway Bank Jump Shot,,,,LAL,1610612747.0,
Shot Chart Detail,22101051,85,0,Opponent,1610612761,Toronto Raptors,1,4,54,Missed Shot,Pullup Jump shot,,Mid-Range,Left Side(L),16-24 ft.,16,-145,83,1,0,20220318,TOR,LAL,2210105185,|1627783|1627832|1628449|1629018|1630173,0,REG,,,2022,1630173,-5.0,C,Mobile Big,0.24,MISS James 17' Pullup Jump Shot,,,,LAL,1610612747.0,
Shot Chart Detail,22101051,90,0,Opponent,1610612761,Toronto Raptors,1,4,45,Made Shot,Fadeaway Jump Shot,,Mid-Range,Left Side(L),8-16 ft.,13,-129,25,1,1,20220318,TOR,LAL,2210105190,|1627783|1627832|1628449|1629018|1630173,0,REG,,,2022,1630173,-3.0,C,Mobile Big,0.24,James 13' Fadeaway Jumper (3 PTS),,,,LAL,1610612747.0,
Shot Chart Detail,22101051,93,0,Opponent,1610612761,Toronto Raptors,1,4,15,Missed Shot,Turnaround Fadeaway shot,,In The Paint (Non-RA),Center(C),8-16 ft.,14,-44,135,1,0,20220318,TOR,LAL,2210105193,|1627783|1627832|1628449|1629018|1630173,0,REG,,,2022,1630173,-3.0,C,Mobile Big,0.24,MISS James 14' Turnaround Fadeaway Shot,,,,LAL,1610612747.0,
Shot Chart Detail,22101051,100,0,Opponent,1610612761,Toronto Raptors,1,3,42,Made Shot,Pullup Jump shot,,Above the Break 3,Center(C),24+ ft.,25,12,257,1,1,20220318,TOR,LAL,22101051100,|1627783|1627832|1628449|1629018|1630173,0,REG,,,2022,,,,,,,,,,LAL,1610612747.0,
Shot Chart Detail,22101051,113,0,Opponent,1610612761,Toronto Raptors,1,2,51,Made Shot,Cutting Dunk Shot,,Restricted Area,Center(C),Less Than 8 ft.,1,2,16,1,1,20220318,TOR,LAL,22101051113,|1627783|1627832|1628449|1629018|1630173,1,REG,,,2022,1629018|1630173,-2.0,,,,,,,,LAL,1610612747.0,1626169.0
Shot Chart Detail,22101051,118,0,Opponent,1610612761,Toronto Raptors,1,2,19,Missed Shot,Jump Shot,,Right Corner 3,Right Side(R),24+ ft.,23,233,9,1,0,20220318,TOR,LAL,22101051118,|1627783|1627832|1628449|1629018|1630173,0,REG,,,2022,1627783,-2.0,PF,Helper,0.72,MISS Johnson 3PT Jump Shot,,,,LAL,1610612747.0,
Shot Chart Detail,22101051,120,0,Opponent,1610612761,Toronto Raptors,1,2,8,Made Shot,Driving Bank Hook Shot,,Restricted Area,Center(C),Less Than 8 ft.,1,-12,11,1,1,20220318,TOR,LAL,22101051120,|1627783|1627832|1628449|1629018|1630173,1,REG,,,2022,1628449,0.0,SF,Helper,0.4,Gabriel 2' Driving Bank Hook Shot (14 PTS) (Johnson 2 AST),,,,LAL,1610612747.0,1626169.0
Shot Chart Detail,22101051,141,0,Opponent,1610612761,Toronto Raptors,1,1,45,Missed Shot,Jump Shot,,Right Corner 3,Right Side(R),24+ ft.,24,240,21,1,0,20220318,TOR,LAL,22101051141,|1628449|1629018|1630173|1630567|1630625,0,REG,,,2022,1630625,-1.0,PG,Chaser,0.27,MISS Augustin 24' 3PT Jump Shot,,,,LAL,1610612747.0,
Shot Chart Detail,22101051,152,0,Opponent,1610612761,Toronto Raptors,1,1,13,Missed Shot,Jump Shot,,Right Corner 3,Right Side(R),24+ ft.,23,230,58,1,0,20220318,TOR,LAL,22101051152,|1628449|1629018|1630173|1630567|1630625,0,REG,,,2022,1630567,0.0,PF,Helper,0.63,MISS Reaves 24' 3PT Jump Shot,,,,LAL,1610612747.0,
Shot Chart Detail,22101051,155,0,Opponent,1610612761,Toronto Raptors,1,1,0,Made Shot,Driving Floating Jump Shot,,Mid-Range,Left Side(L),8-16 ft.,11,-105,37,1,1,20220318,TOR,LAL,22101051155,|1628449|1629018|1630173|1630567|1630625,1,REG,,,2022,1628449,2.0,SF,Helper,0.4,Johnson 11' Driving Floating Jump Shot (2 PTS) (Westbrook 4 AST),,,,LAL,1610612747.0,201566.0
Shot Chart Detail,22101051,160,0,Opponent,1610612761,Toronto Raptors,1,0,29,Made Shot,Jump Shot,,Right Corner 3,Right Side(R),24+ ft.,23,235,15,1,1,20220318,TOR,LAL,22101051160,|1628449|1629018|1630173|1630567|1630625,1,REG,,,2022,,,,,,,,,,LAL,1610612747.0,201571.0
Shot Chart Detail,22101051,163,0,Opponent,1610612761,Toronto Raptors,1,0,0,Missed Shot,Pullup Jump shot,,Above the Break 3,Left Side Center(LC),24+ ft.,26,-89,253,1,0,20220318,TOR,LAL,22101051163,|1628449|1629018|1630173|1630567|1630625,0,REG,,,2022,1630567,3.0,PF,Helper,0.63,MISS Reaves 27' 3PT Pullup Jump Shot,,,,LAL,1610612747.0,
Shot Chart Detail,22101051,177,0,Opponent,1610612761,Toronto Raptors,2,11,33,Made Shot,Running Finger Roll Layup Shot,,Restricted Area,Center(C),Less Than 8 ft.,1,6,9,1,1,20220318,TOR,LAL,22101051177,|1627783|1630173|1630567|1630625|201152,1,REG,,,2022,1627783,5.0,PF,Helper,0.72,James 1' Running Finger Roll Layup (5 PTS) (Reaves 1 AST),,,,LAL,1610612747.0,1630559.0
Shot Chart Detail,22101051,183,0,Opponent,1610612761,Toronto Raptors,2,10,40,Missed Shot,Running Layup Shot,,Restricted Area,Center(C),Less Than 8 ft.,2,-9,24,1,0,20220318,TOR,LAL,22101051183,|1627783|1630173|1630567|1630625|201152,0,REG,,,2022,201152,3.0,PF,Helper,0.84,MISS Johnson 3' Running Layup,,,,LAL,1610612747.0,
Shot Chart Detail,22101051,185,0,Opponent,1610612761,Toronto Raptors,2,10,36,Missed Shot,Putback Layup Shot,,Restricted Area,Center(C),Less Than 8 ft.,0,0,0,1,0,20220318,TOR,LAL,22101051185,|1627783|1630173|1630567|1630625|201152,0,REG,,,2022,1630567,3.0,PF,Helper,0.63,MISS James Putback Layup,,,,LAL,1610612747.0,
Shot Chart Detail,22101051,187,0,Opponent,1610612761,Toronto Raptors,2,10,34,Made Shot,Reverse Layup Shot,,Restricted Area,Center(C),Less Than 8 ft.,1,4,19,1,1,20220318,TOR,LAL,22101051187,|1627783|1630173|1630567|1630625|201152,0,REG,,,2022,1630625|1630173,5.0,,,,,,,,LAL,1610612747.0,
Shot Chart Detail,22101051,191,0,Opponent,1610612761,Toronto Raptors,2,10,3,Missed Shot,Jump Shot,,Above the Break 3,Left Side Center(LC),24+ ft.,24,-205,143,1,0,20220318,TOR,LAL,22101051191,|1627783|1630173|1630567|1630625|201152,0,REG,,,2022,201152,5.0,PF,Helper,0.84,MISS James 25' 3PT Jump Shot,,,,LAL,1610612747.0,
Shot Chart Detail,22101051,201,0,Opponent,1610612761,Toronto Raptors,2,9,49,Made Shot,Driving Finger Roll Layup Shot,,In The Paint (Non-RA),Center(C),Less Than 8 ft.,6,32,51,1,1,20220318,TOR,LAL,22101051201,|1627783|1627832|1630173|1630625|201152,0,REG,,,2022,1630625|201152,5.0,,,,,,,,LAL,1610612747.0,
Shot Chart Detail,22101051,209,0,Opponent,1610612761,Toronto Raptors,2,8,41,Missed Shot,Cutting Layup Shot,,Restricted Area,Center(C),Less Than 8 ft.,1,-7,14,1,0,20220318,TOR,LAL,22101051209,|1627783|1627832|1630173|1630625|201152,0,REG,,,2022,1630625|1627783,5.0,,,,,,,,LAL,1610612747.0,
Shot Chart Detail,22101051,216,0,Opponent,1610612761,Toronto Raptors,2,8,8,Missed Shot,Jump Shot,,Above the Break 3,Center(C),24+ ft.,25,-67,247,1,0,20220318,TOR,LAL,22101051216,|1627783|1627832|1630173|1630625|201152,0,REG,,,2022,1630173,5.0,C,Mobile Big,0.24,MISS Augustin 26' 3PT Jump Shot,,,,LAL,1610612747.0,
Shot Chart Detail,22101051,229,0,Opponent,1610612761,Toronto Raptors,2,7,36,Made Shot,Turnaround Fadeaway shot,,In The Paint (Non-RA),Center(C),8-16 ft.,15,76,138,1,1,20220318,TOR,LAL,22101051229,|1627783|1627832|1629018|1630173|201152,0,REG,,,2022,1630173,6.0,C,Mobile Big,0.24,James 16' Turnaround Fadeaway (9 PTS),,,,LAL,1610612747.0,
Shot Chart Detail,22101051,232,0,Opponent,1610612761,Toronto Raptors,2,7,1,Missed Shot,Pullup Jump shot,,Above the Break 3,Right Side Center(RC),24+ ft.,25,235,106,1,0,20220318,TOR,LAL,22101051232,|1627783|1627832|1629018|1630173|201152,0,REG,,,2022,1630173,6.0,C,Mobile Big,0.24,MISS James 26' 3PT Pullup Jump Shot,,,,LAL,1610612747.0,
Shot Chart Detail,22101051,245,0,Opponent,1610612761,Toronto Raptors,2,5,57,Made Shot,Jump Shot,,Above the Break 3,Left Side Center(LC),24+ ft.,26,-181,188,1,1,20220318,TOR,LAL,22101051245,|1627783|1627832|1629018|201152|203920,1,REG,,,2022,1627832,6.0,PG,Point of Attack,0.9,Bradley 26' 3PT Jump Shot (3 PTS) (James 3 AST),,,,LAL,1610612747.0,2544.0
Shot Chart Detail,22101051,248,0,Opponent,1610612761,Toronto Raptors,2,5,27,Missed Shot,Jump Shot,,Left Corner 3,Left Side(L),24+ ft.,23,-230,8,1,0,20220318,TOR,LAL,22101051248,|1627783|1627832|1629018|201152|203920,0,REG,,,2022,201152,4.0,PF,Helper,0.84,MISS Bradley 3PT Jump Shot,,,,LAL,1610612747.0,
Shot Chart Detail,22101051,255,0,Opponent,1610612761,Toronto Raptors,2,4,55,Made Shot,Jump Shot,,Above the Break 3,Left Side Center(LC),24+ ft.,25,-195,162,1,1,20220318,TOR,LAL,22101051255,|1627783|1627832|1629018|201152|203920,1,REG,,,2022,201152,7.0,PF,Helper,0.84,Monk 25' 3PT Jump Shot (3 PTS) (Bradley 1 AST),,,,LAL,1610612747.0,202340.0
Shot Chart Detail,22101051,258,0,Opponent,1610612761,Toronto Raptors,2,4,35,Made Shot,Cutting Dunk Shot,,Restricted Area,Center(C),Less Than 8 ft.,1,9,5,1,1,20220318,TOR,LAL,22101051258,|1627783|1627832|1629018|201152|203920,1,REG,,,2022,1629018,6.0,SG,Chaser,0.19,Monk 1' Cutting Dunk Shot (5 PTS) (Westbrook 5 AST),,,,LAL,1610612747.0,201566.0
Shot Chart Detail,22101051,264,0,Opponent,1610612761,Toronto Raptors,2,4,6,Missed Shot,Driving Layup Shot,,Restricted Area,Center(C),Less Than 8 ft.,3,-12,34,1,0,20220318,TOR,LAL,22101051264,|1627783|1627832|1629018|1630567|203920,0,REG,,,2022,203920,6.0,C,Mobile Big,0.63,MISS Westbrook 4' Driving Layup,,,,LAL,1610612747.0,
Shot Chart Detail,22101051,266,0,Opponent,1610612761,Toronto Raptors,2,3,53,Missed Shot,Driving Floating Jump Shot,,In The Paint (Non-RA),Center(C),8-16 ft.,9,-29,93,1,0,20220318,TOR,LAL,22101051266,|1627783|1627832|1629018|1630567|203920,0,REG,,,2022,1630567,6.0,PF,Helper,0.63,MISS Monk 10' Driving Floating Jump Shot,,,,LAL,1610612747.0,
Shot Chart Detail,22101051,268,0,Opponent,1610612761,Toronto Raptors,2,3,49,Made Shot,Driving Reverse Layup Shot,,Restricted Area,Center(C),Less Than 8 ft.,1,16,6,1,1,20220318,TOR,LAL,22101051268,|1627783|1627832|1629018|1630567|203920,0,REG,,,2022,203920|1627783,8.0,,,,,,,,LAL,1610612747.0,
Shot Chart Detail,22101051,276,0,Opponent,1610612761,Toronto Raptors,2,3,14,Made Shot,Cutting Dunk Shot,,Restricted Area,Center(C),Less Than 8 ft.,1,2,13,1,1,20220318,TOR,LAL,22101051276,|1627783|1627832|1629018|1630567|203920,1,REG,,,2022,203920,8.0,C,Mobile Big,0.63,James 1' Cutting Dunk Shot (11 PTS) (Johnson 3 AST),,,,LAL,1610612747.0,1626169.0
Shot Chart Detail,22101051,286,0,Opponent,1610612761,Toronto Raptors,2,2,48,Made Shot,Driving Floating Jump Shot,,In The Paint (Non-RA),Center(C),Less Than 8 ft.,5,-6,59,1,1,20220318,TOR,LAL,22101051286,|1627783|1627832|1629018|1630173|1630567,0,REG,,,2022,1627783,9.0,PF,Helper,0.72,Westbrook 6' Driving Floating Jump Shot (11 PTS),,,,LAL,1610612747.0,
Shot Chart Detail,22101051,289,0,Opponent,1610612761,Toronto Raptors,2,2,34,Made Shot,Running Layup Shot,,Restricted Area,Center(C),Less Than 8 ft.,1,6,16,1,1,20220318,TOR,LAL,22101051289,|1627783|1627832|1629018|1630173|1630567,1,REG,,,2022,1630173,11.0,C,Mobile Big,0.24,James 2' Running Layup (13 PTS) (Reaves 2 AST),,,,LAL,1610612747.0,1630559.0
Shot Chart Detail,22101051,304,0,Opponent,1610612761,Toronto Raptors,2,1,22,Missed Shot,Driving Finger Roll Layup Shot,,Restricted Area,Center(C),Less Than 8 ft.,2,-15,21,1,0,20220318,TOR,LAL,22101051304,|1627783|1627832|1629018|1630173|1630567,0,REG,,,2022,1627783,8.0,PF,Helper,0.72,MISS Westbrook 3' Driving Finger Roll Layup,,,,LAL,1610612747.0,
Shot Chart Detail,22101051,311,0,Opponent,1610612761,Toronto Raptors,2,0,40,Missed Shot,Step Back Jump shot,,Above the Break 3,Left Side Center(LC),24+ ft.,25,-129,224,1,0,20220318,TOR,LAL,22101051311,|1627783|1627832|1629018|1630173|1630567,0,REG,,,2022,1627783,6.0,PF,Helper,0.72,MISS Monk 26' 3PT Step Back Jump Shot,,,,LAL,1610612747.0,
Shot Chart Detail,22101051,318,0,Opponent,1610612761,Toronto Raptors,2,0,1,Missed Shot,Driving Layup Shot,,Restricted Area,Center(C),Less Than 8 ft.,3,-16,26,1,0,20220318,TOR,LAL,22101051318,|1627783|1627832|1629018|1630173|1630567,0,REG,,,2022,1627832|1627783,4.0,,,,,,,,LAL,1610612747.0,
Shot Chart Detail,22101051,338,0,Opponent,1610612761,Toronto Raptors,3,11,4,Made Shot,Jump Shot,,Right Corner 3,Right Side(R),24+ ft.,22,227,11,1,1,20220318,TOR,LAL,22101051338,|1627783|1627832|1629018|1630567|203920,1,REG,,,2022,,,,,,,,,,LAL,1610612747.0,2544.0
Shot Chart Detail,22101051,342,0,Opponent,1610612761,Toronto Raptors,3,10,22,Missed Shot,Turnaround Fadeaway Bank Jump Shot,,Mid-Range,Left Side(L),8-16 ft.,11,-107,54,1,0,20220318,TOR,LAL,22101051342,|1627783|1627832|1629018|1630567|203920,0,REG,,,2022,203920|1630567,0.0,,,,,,,,LAL,1610612747.0,
Shot Chart Detail,22101051,349,0,Opponent,1610612761,Toronto Raptors,3,9,39,Missed Shot,Jump Shot,,Left Corner 3,Left Side(L),24+ ft.,23,-232,18,1,0,20220318,TOR,LAL,22101051349,|1627783|1627832|1629018|1630567|203920,0,REG,,,2022,1627832,0.0,PG,Point of Attack,0.9,MISS Westbrook 3PT Jump Shot,,,,LAL,1610612747.0,
Shot Chart Detail,22101051,356,0,Opponent,1610612761,Toronto Raptors,3,9,14,Missed Shot,Turnaround Fadeaway shot,,Mid-Range,Right Side(R),16-24 ft.,16,148,67,1,0,20220318,TOR,LAL,22101051356,|1627783|1627832|1629018|1630567|203920,0,REG,,,2022,203920|1630567,-3.0,,,,,,,,LAL,1610612747.0,
Shot Chart Detail,22101051,361,0,Opponent,1610612761,Toronto Raptors,3,8,31,Missed Shot,Jump Shot,,Left Corner 3,Left Side(L),24+ ft.,24,-234,58,1,0,20220318,TOR,LAL,22101051361,|1627783|1627832|1629018|1630567|203920,0,REG,,,2022,1627783,-5.0,PF,Helper,0.72,MISS Johnson 24' 3PT Jump Shot,,,,LAL,1610612747.0,
Shot Chart Detail,22101051,366,0,Opponent,1610612761,Toronto Raptors,3,7,57,Made Shot,Dunk Shot,,Restricted Area,Center(C),Less Than 8 ft.,0,2,-5,1,1,20220318,TOR,LAL,22101051366,|1627783|1627832|1629018|1630567|203920,1,REG,,,2022,1629018,-5.0,SG,Chaser,0.19,Howard 1' Dunk (5 PTS) (Westbrook 6 AST),,,,LAL,1610612747.0,201566.0
Shot Chart Detail,22101051,374,0,Opponent,1610612761,Toronto Raptors,3,7,45,Made Shot,Running Layup Shot,,Restricted Area,Center(C),Less Than 8 ft.,1,-9,10,1,1,20220318,TOR,LAL,22101051374,|1627783|1627832|1629018|1630567|203920,1,REG,,,2022,1630567,-2.0,PF,Helper,0.63,James 1' Running Layup (17 PTS) (Johnson 4 AST),,,,LAL,1610612747.0,1626169.0
Shot Chart Detail,22101051,383,0,Opponent,1610612761,Toronto Raptors,3,7,15,Missed Shot,Jump Shot,,Left Corner 3,Left Side(L),24+ ft.,22,-229,11,1,0,20220318,TOR,LAL,22101051383,|1627783|1627832|1629018|1630567|203920,0,REG,,,2022,1627783,-2.0,PF,Helper,0.72,MISS Monk 3PT Jump Shot,,,,LAL,1610612747.0,
Shot Chart Detail,22101051,392,0,Opponent,1610612761,Toronto Raptors,3,6,31,Made Shot,Jump Shot,,Left Corner 3,Left Side(L),24+ ft.,22,-224,16,1,1,20220318,TOR,LAL,22101051392,|1627783|1627832|1629018|1630567|203920,1,REG,,,2022,,,,,,,,,,LAL,1610612747.0,2544.0
Shot Chart Detail,22101051,400,0,Opponent,1610612761,Toronto Raptors,3,5,45,Missed Shot,Jump Shot,,Above the Break 3,Right Side Center(RC),24+ ft.,28,91,268,1,0,20220318,TOR,LAL,22101051400,|1627783|1627832|1629018|1630567|203920,0,REG,,,2022,1630567,0.0,PF,Helper,0.63,MISS James 28' 3PT Jump Shot,,,,LAL,1610612747.0,
Shot Chart Detail,22101051,410,0,Opponent,1610612761,Toronto Raptors,3,5,18,Missed Shot,Jump Shot,,Left Corner 3,Left Side(L),24+ ft.,23,-237,4,1,0,20220318,TOR,LAL,22101051410,|1627783|1627832|1629018|1630173|1630567,0,REG,,,2022,1627783,-1.0,PF,Helper,0.72,MISS Augustin 24' 3PT Jump Shot,,,,LAL,1610612747.0,
Shot Chart Detail,22101051,414,0,Opponent,1610612761,Toronto Raptors,3,4,54,Made Shot,Driving Finger Roll Layup Shot,,Restricted Area,Center(C),Less Than 8 ft.,2,-20,15,1,1,20220318,TOR,LAL,22101051414,|1627783|1627832|1629018|1630173|1630567,1,REG,,,2022,1630567,-1.0,PF,Helper,0.63,Johnson 3' Driving Finger Roll Layup (4 PTS) (James 6 AST),,,,LAL,1610612747.0,2544.0
Shot Chart Detail,22101051,418,0,Opponent,1610612761,Toronto Raptors,3,4,6,Made Shot,Driving Dunk Shot,,Restricted Area,Center(C),Less Than 8 ft.,1,1,-11,1,1,20220318,TOR,LAL,22101051418,|1627783|1627832|1629018|1630173|1630567,1,REG,,,2022,1630567,-2.0,PF,Helper,0.63,Monk 1' Driving Dunk (9 PTS) (Johnson 5 AST),,,,LAL,1610612747.0,1626169.0
Shot Chart Detail,22101051,436,0,Opponent,1610612761,Toronto Raptors,3,2,59,Made Shot,Jump Shot,,Above the Break 3,Center(C),24+ ft.,27,-38,272,1,1,20220318,TOR,LAL,22101051436,|1627783|1627832|1628449|1629018|1630173,1,REG,,,2022,1629018|1630173,1.0,,,,,,,,LAL,1610612747.0,1630559.0
Shot Chart Detail,22101051,444,0,Opponent,1610612761,Toronto Raptors,3,2,20,Made Shot,Jump Shot,,Left Corner 3,Left Side(L),24+ ft.,23,-235,-1,1,1,20220318,TOR,LAL,22101051444,|1627783|1627832|1628449|1629018|1630173,1,REG,,,2022,1627832,2.0,PG,Point of Attack,0.9,Augustin 24' 3PT Jump Shot (9 PTS) (Gabriel 1 AST),,,,LAL,1610612747.0,1629117.0
Shot Chart Detail,22101051,454,0,Opponent,1610612761,Toronto Raptors,3,1,47,Missed Shot,Jump Shot,,Right Corner 3,Right Side(R),24+ ft.,22,229,-3,1,0,20220318,TOR,LAL,22101051454,|1627783|1628449|1629018|1630173|1630567,0,REG,,,2022,1629018,0.0,SG,Chaser,0.19,MISS Reaves 3PT Jump Shot,,,,LAL,1610612747.0,
Shot Chart Detail,22101051,469,0,Opponent,1610612761,Toronto Raptors,3,0,33,Made Shot,Pullup Jump shot,,Above the Break 3,Left Side Center(LC),24+ ft.,26,-173,195,1,1,20220318,TOR,LAL,22101051469,|1627783|1628449|1629018|1630173|1630567,0,REG,,,2022,1630173,1.0,C,Mobile Big,0.24,Westbrook 26' 3PT Pullup Jump Shot (19 PTS),,,,LAL,1610612747.0,
Shot Chart Detail,22101051,473,0,Opponent,1610612761,Toronto Raptors,3,0,0,Missed Shot,Layup Shot,,Restricted Area,Center(C),Less Than 8 ft.,2,16,21,1,0,20220318,TOR,LAL,22101051473,|1627783|1628449|1629018|1630173|1630567,0,REG,,,2022,1630173|1630567,-1.0,,,,,,,,LAL,1610612747.0,
Shot Chart Detail,22101051,486,0,Opponent,1610612761,Toronto Raptors,4,11,43,Made Shot,Cutting Layup Shot,,Restricted Area,Center(C),Less Than 8 ft.,0,7,4,1,1,20220318,TOR,LAL,22101051486,|1627832|1628449|1630173|1630567|201152,1,REG,,,2022,1628449|1630567|201152,1.0,,,,,,,,LAL,1610612747.0,201566.0
Shot Chart Detail,22101051,494,0,Opponent,1610612761,Toronto Raptors,4,10,50,Made Shot,Jump Shot,,Above the Break 3,Left Side Center(LC),24+ ft.,25,-167,193,1,1,20220318,TOR,LAL,22101051494,|1627832|1628449|1630173|1630567|201152,1,REG,,,2022,1627832,4.0,PG,Point of Attack,0.9,Bradley 26' 3PT Jump Shot (6 PTS) (Reaves 4 AST),,,,LAL,1610612747.0,1630559.0
Shot Chart Detail,22101051,499,0,Opponent,1610612761,Toronto Raptors,4,10,9,Made Shot,Cutting Dunk Shot,,Restricted Area,Center(C),Less Than 8 ft.,0,0,-5,1,1,20220318,TOR,LAL,22101051499,|1627832|1628449|1630173|1630567|201152,1,REG,,,2022,1630173,4.0,C,Mobile Big,0.24,James 1' Cutting Dunk Shot (21 PTS) (Gabriel 2 AST),,,,LAL,1610612747.0,1629117.0
Shot Chart Detail,22101051,505,0,Opponent,1610612761,Toronto Raptors,4,9,8,Missed Shot,Jump Shot,,Left Corner 3,Left Side(L),24+ ft.,24,-240,4,1,0,20220318,TOR,LAL,22101051505,|1627832|1628449|1630173|1630567|201152,0,REG,,,2022,1630567,2.0,PF,Helper,0.63,MISS Westbrook 24' 3PT Jump Shot,,,,LAL,1610612747.0,
Shot Chart Detail,22101051,512,0,Opponent,1610612761,Toronto Raptors,4,8,44,Made Shot,Cutting Dunk Shot,,Restricted Area,Center(C),Less Than 8 ft.,1,-10,5,1,1,20220318,TOR,LAL,22101051512,|1627832|1628449|1630173|1630567|201152,1,REG,,,2022,1628449,1.0,SF,Helper,0.4,James 1' Cutting Dunk Shot (23 PTS) (Reaves 5 AST),,,,LAL,1610612747.0,1630559.0
Shot Chart Detail,22101051,516,0,Opponent,1610612761,Toronto Raptors,4,8,9,Missed Shot,Jump Shot,,Above the Break 3,Left Side Center(LC),24+ ft.,25,-217,130,1,0,20220318,TOR,LAL,22101051516,|1627832|1628449|1630173|1630567|201152,0,REG,,,2022,1630173,-2.0,C,Mobile Big,0.24,MISS Bradley 25' 3PT Jump Shot,,,,LAL,1610612747.0,
Shot Chart Detail,22101051,520,0,Opponent,1610612761,Toronto Raptors,4,7,44,Missed Shot,Driving Layup Shot,,In The Paint (Non-RA),Center(C),Less Than 8 ft.,5,22,53,1,0,20220318,TOR,LAL,22101051520,|1627832|1628449|1630173|1630567|201152,0,REG,,,2022,1628449|1630567|201152,-2.0,,,,,,,,LAL,1610612747.0,
Shot Chart Detail,22101051,523,0,Opponent,1610612761,Toronto Raptors,4,7,39,Made Shot,Layup Shot,,Restricted Area,Center(C),Less Than 8 ft.,1,7,-11,1,1,20220318,TOR,LAL,22101051523,|1627832|1628449|1630173|1630567|201152,0,REG,,,2022,1630567|201152,0.0,,,,,,,,LAL,1610612747.0,
Shot Chart Detail,22101051,529,0,Opponent,1610612761,Toronto Raptors,4,7,17,Missed Shot,Jump Shot,,Above the Break 3,Left Side Center(LC),24+ ft.,25,-230,118,1,0,20220318,TOR,LAL,22101051529,|1627832|1628449|1630173|1630567|201152,0,REG,,,2022,1630567,0.0,PF,Helper,0.63,MISS Reaves 26' 3PT Jump Shot,,,,LAL,1610612747.0,
Shot Chart Detail,22101051,537,0,Opponent,1610612761,Toronto Raptors,4,6,48,Made Shot,Jump Shot,,Left Corner 3,Left Side(L),24+ ft.,23,-234,16,1,1,20220318,TOR,LAL,22101051537,|1627783|1627832|1628449|1630173|1630567,1,REG,,,2022,1630173,3.0,C,Mobile Big,0.24,Reaves 3PT Jump Shot (6 PTS) (James 7 AST),,,,LAL,1610612747.0,2544.0
Shot Chart Detail,22101051,540,0,Opponent,1610612761,Toronto Raptors,4,6,8,Missed Shot,Driving Floating Jump Shot,,Mid-Range,Left Side(L),8-16 ft.,10,-102,20,1,0,20220318,TOR,LAL,22101051540,|1627783|1627832|1628449|1630173|1630567,0,REG,,,2022,1627783,1.0,PF,Helper,0.72,MISS Bradley 10' Driving Floating Jump Shot,,,,LAL,1610612747.0,
Shot Chart Detail,22101051,550,0,Opponent,1610612761,Toronto Raptors,4,5,50,Missed Shot,Pullup Jump shot,,In The Paint (Non-RA),Center(C),8-16 ft.,9,31,92,1,0,20220318,TOR,LAL,22101051550,|1627783|1627832|1628449|1630173|1630567,0,REG,,,2022,1628449,1.0,SF,Helper,0.4,MISS Johnson 10' Pullup Jump Shot,,,,LAL,1610612747.0,
Shot Chart Detail,22101051,554,0,Opponent,1610612761,Toronto Raptors,4,5,21,Made Shot,Jump Shot,,Above the Break 3,Left Side Center(LC),24+ ft.,26,-114,242,1,1,20220318,TOR,LAL,22101051554,|1627783|1627832|1628449|1630173|1630567,1,REG,,,2022,1630567,4.0,PF,Helper,0.63,Bradley 27' 3PT Jump Shot (9 PTS) (Westbrook 8 AST),,,,LAL,1610612747.0,201566.0
Shot Chart Detail,22101051,560,0,Opponent,1610612761,Toronto Raptors,4,4,34,Missed Shot,Driving Floating Jump Shot,,In The Paint (Non-RA),Left Side(L),8-16 ft.,8,-55,69,1,0,20220318,TOR,LAL,22101051560,|1627783|1627832|1629018|1630173|1630567,0,REG,,,2022,1629018,2.0,SG,Chaser,0.19,MISS Monk 9' Driving Floating Jump Shot,,,,LAL,1610612747.0,
Shot Chart Detail,22101051,564,0,Opponent,1610612761,Toronto Raptors,4,4,0,Missed Shot,Driving Layup Shot,,Restricted Area,Center(C),Less Than 8 ft.,1,15,5,1,0,20220318,TOR,LAL,22101051564,|1627783|1627832|1629018|1630173|1630567,0,REG,,,2022,1630567,0.0,PF,Helper,0.63,MISS Westbrook 2' Driving Layup,,,,LAL,1610612747.0,
Shot Chart Detail,22101051,568,0,Opponent,1610612761,Toronto Raptors,4,3,41,Missed Shot,Jump Shot,,Left Corner 3,Left Side(L),24+ ft.,23,-232,11,1,0,20220318,TOR,LAL,22101051568,|1627783|1627832|1629018|1630173|1630567,0,REG,,,2022,1627832,0.0,PG,Point of Attack,0.9,MISS Bradley 3PT Jump Shot,,,,LAL,1610612747.0,
Shot Chart Detail,22101051,574,0,Opponent,1610612761,Toronto Raptors,4,3,17,Missed Shot,Running Jump Shot,,Left Corner 3,Left Side(L),24+ ft.,23,-229,23,1,0,20220318,TOR,LAL,22101051574,|1627783|1627832|1629018|1630173|1630567,0,REG,,,2022,1627832,0.0,PG,Point of Attack,0.9,MISS James 3PT Running Jump Shot,,,,LAL,1610612747.0,
Shot Chart Detail,22101051,581,0,Opponent,1610612761,Toronto Raptors,4,2,35,Made Shot,Turnaround Fadeaway Bank Jump Shot,,Above the Break 3,Right Side Center(RC),24+ ft.,24,202,141,1,1,20220318,TOR,LAL,22101051581,|1627783|1627832|1629018|1630173|1630567,0,REG,,,2022,1630173,1.0,C,Mobile Big,0.24,James 25' 3PT Turnaround Fadeaway Bank Jump Shot (28 PTS),,,,LAL,1610612747.0,
Shot Chart Detail,22101051,587,0,Opponent,1610612761,Toronto Raptors,4,1,57,Missed Shot,Driving Layup Shot,,Restricted Area,Center(C),Less Than 8 ft.,2,-16,18,1,0,20220318,TOR,LAL,22101051587,|1627783|1627832|1629018|1630173|1630567,0,REG,,,2022,1627832|1627783,-2.0,,,,,,,,LAL,1610612747.0,
Shot Chart Detail,22101051,589,0,Opponent,1610612761,Toronto Raptors,4,1,55,Made Shot,Turnaround Fadeaway Bank Jump Shot,,Mid-Range,Left Side(L),16-24 ft.,18,-180,11,1,1,20220318,TOR,LAL,22101051589,|1627783|1627832|1629018|1630173|1630567,0,REG,,,2022,1627832,0.0,PG,Point of Attack,0.9,James 18' Turnaround Fadeaway Bank Jump Shot (30 PTS),,,,LAL,1610612747.0,
Shot Chart Detail,22101051,592,0,Opponent,1610612761,Toronto Raptors,4,1,22,Made Shot,Fadeaway Jump Shot,,Above the Break 3,Right Side Center(RC),24+ ft.,25,183,181,1,1,20220318,TOR,LAL,22101051592,|1627783|1627832|1629018|1630173|1630567,1,REG,,,2022,1630173,0.0,C,Mobile Big,0.24,James 26' 3PT Fadeaway Jumper (33 PTS) (Westbrook 9 AST),,,,LAL,1610612747.0,201566.0
Shot Chart Detail,22101051,602,0,Opponent,1610612761,Toronto Raptors,4,0,17,Missed Shot,Pullup Jump shot,,Above the Break 3,Center(C),24+ ft.,28,-29,284,1,0,20220318,TOR,LAL,22101051602,|1627783|1627832|1629018|1630173|1630567,0,REG,,,2022,1630173,-3.0,C,Mobile Big,0.24,MISS James 29' 3PT Pullup Jump Shot,,,,LAL,1610612747.0,
Shot Chart Detail,22101051,604,0,Opponent,1610612761,Toronto Raptors,4,0,12,Missed Shot,Step Back Jump shot,,Above the Break 3,Left Side Center(LC),24+ ft.,26,-241,109,1,0,20220318,TOR,LAL,22101051604,|1627783|1627832|1629018|1630173|1630567,0,REG,,,2022,1627783,-3.0,PF,Helper,0.72,MISS Westbrook 26' 3PT Step Back Jump Shot,,,,LAL,1610612747.0,
Shot Chart Detail,22101051,614,0,Opponent,1610612761,Toronto Raptors,4,0,0,Made Shot,Running Pull-Up Jump Shot,,Above the Break 3,Right Side Center(RC),24+ ft.,26,179,194,1,1,20220318,TOR,LAL,22101051614,|1627783|1627832|1629018|1630173|1630567,0,REG,,,2022,1630567,0.0,PF,Helper,0.63,Westbrook 26' 3PT Running Pull-Up Jump Shot (22 PTS),,,,LAL,1610612747.0,
Shot Chart Detail,22101051,623,0,Opponent,1610612761,Toronto Raptors,5,4,46,Made Shot,Driving Layup Shot,,Restricted Area,Center(C),Less Than 8 ft.,0,7,4,1,1,20220318,TOR,LAL,22101051623,|1627783|1627832|1629018|1630173|1630567,0,REG,,,2022,1629018,2.0,SG,Chaser,0.19,Reaves 1' Driving Layup (8 PTS),,,,LAL,1610612747.0,
Shot Chart Detail,22101051,626,0,Opponent,1610612761,Toronto Raptors,5,4,21,Missed Shot,Running Jump Shot,,Right Corner 3,Right Side(R),24+ ft.,22,221,23,1,0,20220318,TOR,LAL,22101051626,|1627783|1627832|1629018|1630173|1630567,0,REG,,,2022,1629018,2.0,SG,Chaser,0.19,MISS Reaves 3PT Running Jump Shot,,,,LAL,1610612747.0,
Shot Chart Detail,22101051,629,0,Opponent,1610612761,Toronto Raptors,5,3,26,Missed Shot,Driving Floating Jump Shot,,In The Paint (Non-RA),Center(C),Less Than 8 ft.,5,-11,58,1,0,20220318,TOR,LAL,22101051629,|1627783|1627832|1629018|1630173|1630567,0,REG,,,2022,1630567,0.0,PF,Helper,0.63,MISS Reaves 6' Driving Floating Jump Shot,,,,LAL,1610612747.0,
Shot Chart Detail,22101051,631,0,Opponent,1610612761,Toronto Raptors,5,3,23,Missed Shot,Tip Layup Shot,,Restricted Area,Center(C),Less Than 8 ft.,0,0,0,1,0,20220318,TOR,LAL,22101051631,|1627783|1627832|1629018|1630173|1630567,0,REG,,,2022,1627783,0.0,PF,Helper,0.72,MISS Gabriel Tip Layup Shot,,,,LAL,1610612747.0,
Shot Chart Detail,22101051,633,0,Opponent,1610612761,Toronto Raptors,5,3,21,Made Shot,Driving Floating Jump Shot,,In The Paint (Non-RA),Center(C),Less Than 8 ft.,6,-1,63,1,1,20220318,TOR,LAL,22101051633,|1627783|1627832|1629018|1630173|1630567,1,REG,,,2022,1627783|1630173,2.0,,,,,,,,LAL,1610612747.0,1630559.0
Shot Chart Detail,22101051,637,0,Opponent,1610612761,Toronto Raptors,5,2,43,Missed Shot,Driving Finger Roll Layup Shot,,In The Paint (Non-RA),Center(C),Less Than 8 ft.,5,5,58,1,0,20220318,TOR,LAL,22101051637,|1627783|1627832|1629018|1630173|1630567,0,REG,,,2022,1629018,2.0,SG,Chaser,0.19,Trent Jr. BLOCK (1 BLK),,,,LAL,1610612747.0,
Shot Chart Detail,22101051,645,0,Opponent,1610612761,Toronto Raptors,5,2,11,Missed Shot,Fadeaway Jump Shot,,Mid-Range,Right Side(R),8-16 ft.,12,109,55,1,0,20220318,TOR,LAL,22101051645,|1627783|1627832|1629018|1630173|1630567,0,REG,,,2022,1630173,2.0,C,Mobile Big,0.24,MISS Westbrook 12' Fadeaway Jumper,,,,LAL,1610612747.0,
Shot Chart Detail,22101051,659,0,Opponent,1610612761,Toronto Raptors,5,1,2,Missed Shot,Cutting Finger Roll Layup Shot,,In The Paint (Non-RA),Center(C),Less Than 8 ft.,5,5,54,1,0,20220318,TOR,LAL,22101051659,|1627783|1627832|1629018|1630173|1630567,0,REG,,,2022,1627783|1630567,0.0,,,,,,,,LAL,1610612747.0,
Shot Chart Detail,22101051,666,0,Opponent,1610612761,Toronto Raptors,5,0,32,Made Shot,Jump Shot,,Right Corner 3,Right Side(R),24+ ft.,23,228,52,1,1,20220318,TOR,LAL,22101051666,|1627783|1627832|1629018|1630173|1630567,1,REG,,,2022,1627783,2.0,PF,Helper,0.72,Bradley 3PT Jump Shot (12 PTS) (Westbrook 10 AST),,,,LAL,1610612747.0,201566.0
Shot Chart Detail,22101069,7,0,Opponent,1610612761,Toronto Raptors,1,11,32,Made Shot,Jump Shot,,Left Corner 3,Left Side(L),24+ ft.,23,-234,20,1,1,20220320,PHI,TOR,221010697,|1627783|1629018|1630173|1630567|203920,1,REG,,,2022,1627783,3.0,PF,Helper,0.72,Thybulle 3PT Jump Shot (3 PTS) (Maxey 1 AST),,,,PHI,1610612755.0,1630178.0
Shot Chart Detail,22101069,10,0,Opponent,1610612761,Toronto Raptors,1,10,56,Made Shot,Cutting Layup Shot,,Restricted Area,Center(C),Less Than 8 ft.,2,10,19,1,1,20220320,PHI,TOR,2210106910,|1627783|1629018|1630173|1630567|203920,1,REG,,,2022,1630567,3.0,PF,Helper,0.63,Thybulle 2' Cutting Layup Shot (5 PTS) (Harden 1 AST),,,,PHI,1610612755.0,201935.0
Shot Chart Detail,22101069,17,0,Opponent,1610612761,Toronto Raptors,1,10,43,Missed Shot,Jump Shot,,Above the Break 3,Left Side Center(LC),24+ ft.,25,-147,213,1,0,20220320,PHI,TOR,2210106917,|1627783|1629018|1630173|1630567|203920,0,REG,,,2022,1630173,3.0,C,Mobile Big,0.24,MISS Harris 26' 3PT Jump Shot,,,,PHI,1610612755.0,
Shot Chart Detail,22101069,22,0,Opponent,1610612761,Toronto Raptors,1,10,19,Made Shot,Driving Finger Roll Layup Shot,,Restricted Area,Center(C),Less Than 8 ft.,1,12,8,1,1,20220320,PHI,TOR,2210106922,|1627783|1629018|1630173|1630567|203920,0,REG,,,2022,1630567,3.0,PF,Helper,0.63,Harden 1' Driving Finger Roll Layup (2 PTS),,,,PHI,1610612755.0,
Shot Chart Detail,22101069,25,0,Opponent,1610612761,Toronto Raptors,1,9,52,Made Shot,Driving Hook Shot,,Restricted Area,Center(C),Less Than 8 ft.,3,-4,36,1,1,20220320,PHI,TOR,2210106925,|1627783|1629018|1630173|1630567|203920,0,REG,,,2022,1630173|203920,5.0,,,,,,,,PHI,1610612755.0,
Shot Chart Detail,22101069,27,0,Opponent,1610612761,Toronto Raptors,1,9,20,Missed Shot,Driving Floating Jump Shot,,In The Paint (Non-RA),Center(C),8-16 ft.,12,-20,124,1,0,20220320,PHI,TOR,2210106927,|1627783|1629018|1630173|1630567|203920,0,REG,,,2022,1629018,3.0,SG,Chaser,0.19,MISS Maxey 13' Driving Floating Jump Shot,,,,PHI,1610612755.0,
Shot Chart Detail,22101069,29,0,Opponent,1610612761,Toronto Raptors,1,9,14,Made Shot,Jump Shot,,Above the Break 3,Left Side Center(LC),24+ ft.,25,-170,185,1,1,20220320,PHI,TOR,2210106929,|1627783|1629018|1630173|1630567|203920,1,REG,,,2022,,,,,,,,,,PHI,1610612755.0,202699.0
Shot Chart Detail,22101069,33,0,Opponent,1610612761,Toronto Raptors,1,8,31,Made Shot,Layup Shot,,Restricted Area,Center(C),Less Than 8 ft.,3,28,14,1,1,20220320,PHI,TOR,2210106933,|1627783|1629018|1630173|1630567|203920,1,REG,,,2022,203920,6.0,C,Mobile Big,0.63,Embiid 3' Layup (2 PTS) (Harris 2 AST),,,,PHI,1610612755.0,202699.0
Shot Chart Detail,22101069,43,0,Opponent,1610612761,Toronto Raptors,1,7,22,Missed Shot,Jump Shot,,Left Corner 3,Left Side(L),24+ ft.,23,-234,41,1,0,20220320,PHI,TOR,2210106943,|1627783|1629018|1630173|1630567|203920,0,REG,,,2022,,,,,,,,,,PHI,1610612755.0,
Shot Chart Detail,22101069,46,0,Opponent,1610612761,Toronto Raptors,1,7,7,Made Shot,Jump Shot,,Mid-Range,Left Side Center(LC),16-24 ft.,16,-78,146,1,1,20220320,PHI,TOR,2210106946,|1627783|1629018|1630173|1630567|203920,1,REG,,,2022,203920,10.0,C,Mobile Big,0.63,Embiid 17' Jump Shot (4 PTS) (Harden 2 AST),,,,PHI,1610612755.0,201935.0
Shot Chart Detail,22101069,64,0,Opponent,1610612761,Toronto Raptors,1,5,54,Missed Shot,Fadeaway Jump Shot,,In The Paint (Non-RA),Right Side(R),8-16 ft.,12,74,106,1,0,20220320,PHI,TOR,2210106964,|1627783|1629018|1630173|1630567|203920,0,REG,,,2022,1630173,9.0,C,Mobile Big,0.24,MISS Embiid 13' Fadeaway Jumper,,,,PHI,1610612755.0,
Shot Chart Detail,22101069,66,0,Opponent,1610612761,Toronto Raptors,1,5,49,Made Shot,Tip Layup Shot,,Restricted Area,Center(C),Less Than 8 ft.,0,0,0,1,1,20220320,PHI,TOR,2210106966,|1627783|1629018|1630173|1630567|203920,0,REG,,,2022,203920,11.0,C,Mobile Big,0.63,Harris Tip Layup Shot (2 PTS),,,,PHI,1610612755.0,
Shot Chart Detail,22101069,69,0,Opponent,1610612761,Toronto Raptors,1,5,30,Made Shot,Running Finger Roll Layup Shot,,Restricted Area,Center(C),Less Than 8 ft.,1,-15,3,1,1,20220320,PHI,TOR,2210106969,|1627783|1629018|1630173|1630567|203920,0,REG,,,2022,1630567,13.0,PF,Helper,0.63,Harden 2' Running Finger Roll Layup (6 PTS),,,,PHI,1610612755.0,
Shot Chart Detail,22101069,72,0,Opponent,1610612761,Toronto Raptors,1,5,2,Missed Shot,Jump Shot,,Left Corner 3,Left Side(L),24+ ft.,23,-232,22,1,0,20220320,PHI,TOR,2210106972,|1627783|1629018|1630173|1630567|203920,0,REG,,,2022,1630173,13.0,C,Mobile Big,0.24,MISS Harris 3PT Jump Shot,,,,PHI,1610612755.0,
Shot Chart Detail,22101069,76,0,Opponent,1610612761,Toronto Raptors,1,4,31,Made Shot,Jump Shot,,Left Corner 3,Left Side(L),24+ ft.,23,-235,19,1,1,20220320,PHI,TOR,2210106976,|1627783|1629018|1630173|1630567|203920,1,REG,,,2022,1627783,14.0,PF,Helper,0.72,Maxey 24' 3PT Jump Shot (5 PTS) (Harris 3 AST),,,,PHI,1610612755.0,202699.0
Shot Chart Detail,22101069,87,0,Opponent,1610612761,Toronto Raptors,1,4,19,Made Shot,Running Dunk Shot,,Restricted Area,Center(C),Less Than 8 ft.,0,-6,-4,1,1,20220320,PHI,TOR,2210106987,|1627783|1628449|1629018|1630173|1630567,1,REG,,,2022,1628449,16.0,SF,Helper,0.4,Maxey 1' Running Dunk (7 PTS) (Embiid 1 AST),,,,PHI,1610612755.0,203954.0
Shot Chart Detail,22101069,91,0,Opponent,1610612761,Toronto Raptors,1,3,42,Missed Shot,Turnaround Fadeaway shot,,In The Paint (Non-RA),Center(C),Less Than 8 ft.,5,25,50,1,0,20220320,PHI,TOR,2210106991,|1627783|1628449|1629018|1630173|1630567,0,REG,,,2022,1630173|1628449,13.0,,,,,,,,PHI,1610612755.0,
Shot Chart Detail,22101069,95,0,Opponent,1610612761,Toronto Raptors,1,3,19,Made Shot,Driving Floating Jump Shot,,In The Paint (Non-RA),Center(C),Less Than 8 ft.,5,28,52,1,1,20220320,PHI,TOR,2210106995,|1627783|1628449|1629018|1630173|1630567,0,REG,,,2022,1630567|1628449|1629018,13.0,,,,,,,,PHI,1610612755.0,
Shot Chart Detail,22101069,99,0,Opponent,1610612761,Toronto Raptors,1,2,44,Made Shot,Step Back Jump shot,,Mid-Range,Left Side Center(LC),16-24 ft.,16,-83,140,1,1,20220320,PHI,TOR,2210106999,|1627783|1628449|1629018|1630173|1630567,1,REG,,,2022,1630173,13.0,C,Mobile Big,0.24,Embiid 16' Step Back Jump Shot (7 PTS) (Maxey 2 AST),,,,PHI,1610612755.0,1630178.0
Shot Chart Detail,22101069,102,0,Opponent,1610612761,Toronto Raptors,1,2,13,Made Shot,Jump Shot,,Above the Break 3,Right Side Center(RC),24+ ft.,25,173,189,1,1,20220320,PHI,TOR,22101069102,|1627783|1628449|1629018|1630173|1630567,1,REG,,,2022,1627783,14.0,PF,Helper,0.72,Niang 26' 3PT Jump Shot (3 PTS) (Milton 1 AST),,,,PHI,1610612755.0,1629003.0
Shot Chart Detail,22101069,114,0,Opponent,1610612761,Toronto Raptors,1,1,42,Missed Shot,Driving Floating Jump Shot,,Restricted Area,Center(C),Less Than 8 ft.,2,-25,8,1,0,20220320,PHI,TOR,22101069114,|1627783|1628449|1629018|1630173|201152,0,REG,,,2022,1629018,12.0,SG,Chaser,0.19,MISS Maxey 3' Driving Floating Jump Shot,,,,PHI,1610612755.0,
Shot Chart Detail,22101069,117,0,Opponent,1610612761,Toronto Raptors,1,1,16,Missed Shot,Jump Shot,,Mid-Range,Left Side(L),8-16 ft.,9,-89,45,1,0,20220320,PHI,TOR,22101069117,|1627783|1628449|1629018|1630173|201152,0,REG,,,2022,1630173,10.0,C,Mobile Big,0.24,MISS Embiid 10' Jump Shot,,,,PHI,1610612755.0,
Shot Chart Detail,22101069,120,0,Opponent,1610612761,Toronto Raptors,1,0,50,Missed Shot,Driving Layup Shot,,Restricted Area,Center(C),Less Than 8 ft.,2,-12,27,1,0,20220320,PHI,TOR,22101069120,|1627783|1628449|1629018|1630173|201152,0,REG,,,2022,1630173,8.0,C,Mobile Big,0.24,MISS Embiid 3' Driving Layup,,,,PHI,1610612755.0,
Shot Chart Detail,22101069,124,0,Opponent,1610612761,Toronto Raptors,1,0,27,Made Shot,Running Finger Roll Layup Shot,,Restricted Area,Center(C),Less Than 8 ft.,0,1,8,1,1,20220320,PHI,TOR,22101069124,|1627783|1628449|1629018|1630173|201152,1,REG,,,2022,,,,,,,,,,PHI,1610612755.0,203954.0
Shot Chart Detail,22101069,127,0,Opponent,1610612761,Toronto Raptors,1,0,1,Missed Shot,Pullup Jump shot,,Above the Break 3,Left Side Center(LC),24+ ft.,34,-207,279,1,0,20220320,PHI,TOR,22101069127,|1627783|1628449|1629018|1630173|201152,0,REG,,,2022,1630173,10.0,C,Mobile Big,0.24,MISS Embiid 35' 3PT Pullup Jump Shot,,,,PHI,1610612755.0,
Shot Chart Detail,22101069,143,0,Opponent,1610612761,Toronto Raptors,2,11,23,Made Shot,Jump Shot,,Above the Break 3,Right Side Center(RC),24+ ft.,26,191,184,1,1,20220320,PHI,TOR,22101069143,|1628449|1629717|1630567|201152|203920,1,REG,,,2022,201152,10.0,PF,Helper,0.84,Niang 27' 3PT Jump Shot (6 PTS) (Harden 3 AST),,,,PHI,1610612755.0,201935.0
Shot Chart Detail,22101069,147,0,Opponent,1610612761,Toronto Raptors,2,10,52,Missed Shot,Jump Shot,,Above the Break 3,Right Side Center(RC),24+ ft.,25,172,185,1,0,20220320,PHI,TOR,22101069147,|1628449|1629717|1630567|201152|203920,0,REG,,,2022,1630567,10.0,PF,Helper,0.63,MISS Niang 25' 3PT Jump Shot,,,,PHI,1610612755.0,
Shot Chart Detail,22101069,151,0,Opponent,1610612761,Toronto Raptors,2,10,28,Missed Shot,Driving Layup Shot,,In The Paint (Non-RA),Right Side(R),8-16 ft.,11,70,96,1,0,20220320,PHI,TOR,22101069151,|1628449|1629717|1630567|201152|203920,0,REG,,,2022,201152,8.0,PF,Helper,0.84,MISS Harden 12' Driving Layup,,,,PHI,1610612755.0,
Shot Chart Detail,22101069,158,0,Opponent,1610612761,Toronto Raptors,2,9,56,Made Shot,Driving Layup Shot,,Restricted Area,Center(C),Less Than 8 ft.,2,11,25,1,1,20220320,PHI,TOR,22101069158,|1628449|1629717|1630567|201152|203920,1,REG,,,2022,1628449,8.0,SF,Helper,0.4,Niang 3' Driving Layup (8 PTS) (Harden 4 AST),,,,PHI,1610612755.0,201935.0
Shot Chart Detail,22101069,176,0,Opponent,1610612761,Toronto Raptors,2,8,34,Missed Shot,Running Layup Shot,,Restricted Area,Center(C),Less Than 8 ft.,3,18,29,1,0,20220320,PHI,TOR,22101069176,|1628449|1629717|1630567|201152|203920,0,REG,,,2022,203920,7.0,C,Mobile Big,0.63,MISS Harden 3' Running Layup,,,,PHI,1610612755.0,
Shot Chart Detail,22101069,185,0,Opponent,1610612761,Toronto Raptors,2,8,4,Missed Shot,Step Back Jump shot,,Above the Break 3,Right Side Center(RC),24+ ft.,26,184,192,1,0,20220320,PHI,TOR,22101069185,|1628449|1629717|1630567|201152|203920,0,REG,,,2022,1630567,5.0,PF,Helper,0.63,MISS Harden 27' 3PT Step Back Jump Shot,,,,PHI,1610612755.0,
Shot Chart Detail,22101069,206,0,Opponent,1610612761,Toronto Raptors,2,7,4,Made Shot,Dunk Shot,,Restricted Area,Center(C),Less Than 8 ft.,1,4,10,1,1,20220320,PHI,TOR,22101069206,|1627783|1628449|1629717|201152|203920,1,REG,,,2022,203920,8.0,C,Mobile Big,0.63,Harris 1' Dunk (4 PTS) (Maxey 3 AST),,,,PHI,1610612755.0,1630178.0
Shot Chart Detail,22101069,219,0,Opponent,1610612761,Toronto Raptors,2,6,10,Missed Shot,Jump Shot,,Left Corner 3,Left Side(L),24+ ft.,22,-229,21,1,0,20220320,PHI,TOR,22101069219,|1627783|1628449|1629717|201152|203920,0,REG,,,2022,1629717,8.0,SG-PG,Low Activity,-0.97,MISS Maxey 3PT Jump Shot,,,,PHI,1610612755.0,
Shot Chart Detail,22101069,224,0,Opponent,1610612761,Toronto Raptors,2,5,31,Missed Shot,Jump Shot,,Left Corner 3,Left Side(L),24+ ft.,23,-234,6,1,0,20220320,PHI,TOR,22101069224,|1627783|1628449|1629717|201152|203920,0,REG,,,2022,1627783,6.0,PF,Helper,0.72,MISS Thybulle 3PT Jump Shot,,,,PHI,1610612755.0,
Shot Chart Detail,22101069,226,0,Opponent,1610612761,Toronto Raptors,2,5,24,Missed Shot,Putback Layup Shot,,Restricted Area,Center(C),Less Than 8 ft.,0,0,0,1,0,20220320,PHI,TOR,22101069226,|1627783|1628449|1629717|201152|203920,0,REG,,,2022,201152|1628449,6.0,,,,,,,,PHI,1610612755.0,
Shot Chart Detail,22101069,233,0,Opponent,1610612761,Toronto Raptors,2,5,4,Missed Shot,Driving Floating Jump Shot,,In The Paint (Non-RA),Center(C),Less Than 8 ft.,7,78,-4,1,0,20220320,PHI,TOR,22101069233,|1627783|1628449|1629018|1630567|203920,0,REG,,,2022,1628449,6.0,SF,Helper,0.4,MISS Maxey 8' Driving Floating Jump Shot,,,,PHI,1610612755.0,
Shot Chart Detail,22101069,237,0,Opponent,1610612761,Toronto Raptors,2,4,39,Made Shot,Cutting Dunk Shot,,Restricted Area,Center(C),Less Than 8 ft.,1,15,0,1,1,20220320,PHI,TOR,22101069237,|1627783|1628449|1629018|1630567|203920,1,REG,,,2022,1627783,8.0,PF,Helper,0.72,Thybulle 2' Cutting Dunk Shot (10 PTS) (Harden 5 AST),,,,PHI,1610612755.0,201935.0
Shot Chart Detail,22101069,246,0,Opponent,1610612761,Toronto Raptors,2,4,0,Made Shot,Driving Layup Shot,,Restricted Area,Center(C),Less Than 8 ft.,1,-15,3,1,1,20220320,PHI,TOR,22101069246,|1627783|1628449|1629018|1630173|1630567,1,REG,,,2022,1627783,9.0,PF,Helper,0.72,Maxey 2' Driving Layup (11 PTS) (Harris 4 AST),,,,PHI,1610612755.0,202699.0
Shot Chart Detail,22101069,265,0,Opponent,1610612761,Toronto Raptors,2,2,52,Missed Shot,Pullup Jump shot,,In The Paint (Non-RA),Center(C),8-16 ft.,9,-1,90,1,0,20220320,PHI,TOR,22101069265,|1627783|1628449|1629018|1630173|1630567,0,REG,,,2022,1630173|1630567,6.0,,,,,,,,PHI,1610612755.0,
Shot Chart Detail,22101069,272,0,Opponent,1610612761,Toronto Raptors,2,2,18,Made Shot,Driving Reverse Layup Shot,,Restricted Area,Center(C),Less Than 8 ft.,1,10,17,1,1,20220320,PHI,TOR,22101069272,|1627783|1628449|1629018|1630173|1630567,0,REG,,,2022,1627783|1630173,5.0,,,,,,,,PHI,1610612755.0,
Shot Chart Detail,22101069,280,0,Opponent,1610612761,Toronto Raptors,2,1,24,Missed Shot,Driving Layup Shot,,Restricted Area,Center(C),Less Than 8 ft.,0,2,8,1,0,20220320,PHI,TOR,22101069280,|1627783|1628449|1629018|1630173|1630567,0,REG,,,2022,1630173,3.0,C,Mobile Big,0.24,MISS Embiid 1' Driving Layup,,,,PHI,1610612755.0,
Shot Chart Detail,22101069,286,0,Opponent,1610612761,Toronto Raptors,2,0,57,Missed Shot,Step Back Jump shot,,Above the Break 3,Right Side Center(RC),24+ ft.,25,168,187,1,0,20220320,PHI,TOR,22101069286,|1627783|1628449|1629018|1630173|1630567,0,REG,,,2022,1630173,1.0,C,Mobile Big,0.24,MISS Harden 25' 3PT Step Back Jump Shot,,,,PHI,1610612755.0,
Shot Chart Detail,22101069,292,0,Opponent,1610612761,Toronto Raptors,2,0,29,Missed Shot,Turnaround Fadeaway shot,,In The Paint (Non-RA),Center(C),8-16 ft.,11,7,115,1,0,20220320,PHI,TOR,22101069292,|1627783|1628449|1629018|1630173|1630567,0,REG,,,2022,1630173,-1.0,C,Mobile Big,0.24,MISS Embiid 12' Turnaround Fadeaway Shot,,,,PHI,1610612755.0,
Shot Chart Detail,22101069,320,0,Opponent,1610612761,Toronto Raptors,3,10,50,Missed Shot,Jump Shot,,Mid-Range,Center(C),8-16 ft.,15,-33,155,1,0,20220320,PHI,TOR,22101069320,|1627783|1628449|1629018|1630567|203920,0,REG,,,2022,203920,-1.0,C,Mobile Big,0.63,MISS Embiid 16' Jump Shot,,,,PHI,1610612755.0,
Shot Chart Detail,22101069,325,0,Opponent,1610612761,Toronto Raptors,3,10,34,Missed Shot,Running Layup Shot,,Restricted Area,Center(C),Less Than 8 ft.,2,-27,-3,1,0,20220320,PHI,TOR,22101069325,|1627783|1628449|1629018|1630567|203920,0,REG,,,2022,1627783,-1.0,PF,Helper,0.72,MISS Maxey 3' Running Layup,,,,PHI,1610612755.0,
Shot Chart Detail,22101069,329,0,Opponent,1610612761,Toronto Raptors,3,10,21,Made Shot,Step Back Jump shot,,Mid-Range,Center(C),8-16 ft.,15,11,157,1,1,20220320,PHI,TOR,22101069329,|1627783|1628449|1629018|1630567|203920,0,REG,,,2022,1630567,1.0,PF,Helper,0.63,Harden 16' Step Back Jump Shot (11 PTS),,,,PHI,1610612755.0,
Shot Chart Detail,22101069,331,0,Opponent,1610612761,Toronto Raptors,3,9,33,Missed Shot,Driving Floating Jump Shot,,In The Paint (Non-RA),Center(C),8-16 ft.,14,48,133,1,0,20220320,PHI,TOR,22101069331,|1627783|1628449|1629018|1630567|203920,0,REG,,,2022,1630567,-1.0,PF,Helper,0.63,MISS Harris 14' Driving Floating Jump Shot,,,,PHI,1610612755.0,
Shot Chart Detail,22101069,345,0,Opponent,1610612761,Toronto Raptors,3,8,31,Missed Shot,Jump Shot,,Above the Break 3,Center(C),24+ ft.,25,65,244,1,0,20220320,PHI,TOR,22101069345,|1627783|1628449|1629018|1630567|203920,0,REG,,,2022,1627783,-1.0,PF,Helper,0.72,MISS Embiid 25' 3PT Jump Shot,,,,PHI,1610612755.0,
Shot Chart Detail,22101069,351,0,Opponent,1610612761,Toronto Raptors,3,7,56,Missed Shot,Jump Shot,,Above the Break 3,Right Side Center(RC),24+ ft.,24,127,215,1,0,20220320,PHI,TOR,22101069351,|1627783|1628449|1629018|1630567|203920,0,REG,,,2022,1627783,-3.0,PF,Helper,0.72,MISS Niang 25' 3PT Jump Shot,,,,PHI,1610612755.0,
Shot Chart Detail,22101069,364,0,Opponent,1610612761,Toronto Raptors,3,6,28,Missed Shot,Jump Shot,,Above the Break 3,Left Side Center(LC),24+ ft.,25,-191,174,1,0,20220320,PHI,TOR,22101069364,|1627783|1628449|1629018|1630567|203920,0,REG,,,2022,,,,,,,,,,PHI,1610612755.0,
Shot Chart Detail,22101069,372,0,Opponent,1610612761,Toronto Raptors,3,6,4,Made Shot,Running Reverse Layup Shot,,Restricted Area,Center(C),Less Than 8 ft.,2,-22,-3,1,1,20220320,PHI,TOR,22101069372,|1627783|1628449|1629018|1630567|203920,1,REG,,,2022,1627783,-1.0,PF,Helper,0.72,Maxey 2' Running Reverse Layup (14 PTS) (Harden 6 AST),,,,PHI,1610612755.0,201935.0
Shot Chart Detail,22101069,376,0,Opponent,1610612761,Toronto Raptors,3,5,34,Made Shot,Jump Shot,,Above the Break 3,Right Side Center(RC),24+ ft.,25,103,232,1,1,20220320,PHI,TOR,22101069376,|1627783|1628449|1629018|1630567|203920,1,REG,,,2022,203920,2.0,C,Mobile Big,0.63,Maxey 25' 3PT Jump Shot (17 PTS) (Harden 7 AST),,,,PHI,1610612755.0,201935.0
Shot Chart Detail,22101069,387,0,Opponent,1610612761,Toronto Raptors,3,5,0,Missed Shot,Driving Reverse Layup Shot,,Restricted Area,Center(C),Less Than 8 ft.,2,-16,15,1,0,20220320,PHI,TOR,22101069387,|1627783|1628449|1629018|1630173|1630567,0,REG,,,2022,1627783,2.0,PF,Helper,0.72,MISS Niang 2' Driving Reverse Layup,,,,PHI,1610612755.0,
Shot Chart Detail,22101069,394,0,Opponent,1610612761,Toronto Raptors,3,4,34,Missed Shot,Jump Shot,,Above the Break 3,Left Side Center(LC),24+ ft.,27,-102,253,1,0,20220320,PHI,TOR,22101069394,|1627783|1628449|1629018|1630173|1630567,0,REG,,,2022,1628449,2.0,SF,Helper,0.4,MISS Embiid 27' 3PT Jump Shot,,,,PHI,1610612755.0,
Shot Chart Detail,22101069,418,0,Opponent,1610612761,Toronto Raptors,3,2,54,Missed Shot,Jump Shot,,Above the Break 3,Left Side Center(LC),24+ ft.,27,-150,226,1,0,20220320,PHI,TOR,22101069418,|1627783|1629018|1630173|1630567|201152,0,REG,,,2022,1630567,6.0,PF,Helper,0.63,MISS Maxey 27' 3PT Jump Shot,,,,PHI,1610612755.0,
Shot Chart Detail,22101069,432,0,Opponent,1610612761,Toronto Raptors,3,2,1,Missed Shot,Turnaround Jump Shot,,In The Paint (Non-RA),Center(C),Less Than 8 ft.,6,33,52,1,0,20220320,PHI,TOR,22101069432,|1627783|1629018|1630173|1630567|201152,0,REG,,,2022,1627783|1630173|1630567,4.0,,,,,,,,PHI,1610612755.0,
Shot Chart Detail,22101069,443,0,Opponent,1610612761,Toronto Raptors,3,1,30,Missed Shot,Step Back Jump shot,,Above the Break 3,Center(C),24+ ft.,25,40,253,1,0,20220320,PHI,TOR,22101069443,|1627783|1628449|1629018|1630173|201152,0,REG,,,2022,201152,3.0,PF,Helper,0.84,MISS Harden 26' 3PT Step Back Jump Shot,,,,PHI,1610612755.0,
Shot Chart Detail,22101069,447,0,Opponent,1610612761,Toronto Raptors,3,1,6,Made Shot,Driving Floating Jump Shot,,In The Paint (Non-RA),Center(C),Less Than 8 ft.,6,-36,53,1,1,20220320,PHI,TOR,22101069447,|1627783|1628449|1629018|1630173|201152,0,REG,,,2022,201152,5.0,PF,Helper,0.84,Harden 6' Driving Floating Jump Shot (13 PTS),,,,PHI,1610612755.0,
Shot Chart Detail,22101069,458,0,Opponent,1610612761,Toronto Raptors,3,0,1,Made Shot,Driving Floating Jump Shot,,In The Paint (Non-RA),Center(C),8-16 ft.,12,0,122,1,1,20220320,PHI,TOR,22101069458,|1627783|1628449|1629018|1630173|201152,0,REG,,,2022,1629018,5.0,SG,Chaser,0.19,Harden 12' Driving Floating Jump Shot (15 PTS),,,,PHI,1610612755.0,
Shot Chart Detail,22101069,465,0,Opponent,1610612761,Toronto Raptors,4,11,37,Missed Shot,Cutting Dunk Shot,,Restricted Area,Center(C),Less Than 8 ft.,2,-18,11,1,0,20220320,PHI,TOR,22101069465,|1628449|1629717|1630173|1630567|201152,0,REG,,,2022,1630173,5.0,C,Mobile Big,0.24,MISS Reed 2' Cutting Dunk Shot,,,,PHI,1610612755.0,
Shot Chart Detail,22101069,484,0,Opponent,1610612761,Toronto Raptors,4,9,49,Missed Shot,Jump Shot,,Right Corner 3,Right Side(R),24+ ft.,22,222,21,1,0,20220320,PHI,TOR,22101069484,|1628449|1629717|1630173|1630567|201152,0,REG,,,2022,1630173,1.0,C,Mobile Big,0.24,MISS Harris 3PT Jump Shot,,,,PHI,1610612755.0,
Shot Chart Detail,22101069,486,0,Opponent,1610612761,Toronto Raptors,4,9,39,Made Shot,Jump Shot,,Above the Break 3,Right Side Center(RC),24+ ft.,25,105,227,1,1,20220320,PHI,TOR,22101069486,|1628449|1629717|1630173|1630567|201152,1,REG,,,2022,1630173,4.0,C,Mobile Big,0.24,Niang 25' 3PT Jump Shot (11 PTS) (Green 1 AST),,,,PHI,1610612755.0,201980.0
Shot Chart Detail,22101069,490,0,Opponent,1610612761,Toronto Raptors,4,9,8,Missed Shot,Jump Shot,,Above the Break 3,Center(C),24+ ft.,25,28,252,1,0,20220320,PHI,TOR,22101069490,|1628449|1629717|1630173|1630567|201152,0,REG,,,2022,1630567,1.0,PF,Helper,0.63,MISS Niang 25' 3PT Jump Shot,,,,PHI,1610612755.0,
Shot Chart Detail,22101069,504,0,Opponent,1610612761,Toronto Raptors,4,8,10,Missed Shot,Jump Shot,,Above the Break 3,Right Side Center(RC),24+ ft.,24,180,169,1,0,20220320,PHI,TOR,22101069504,|1628449|1629717|1630173|1630567|201152,0,REG,,,2022,1630173,1.0,C,Mobile Big,0.24,MISS Green 25' 3PT Jump Shot,,,,PHI,1610612755.0,
Shot Chart Detail,22101069,507,0,Opponent,1610612761,Toronto Raptors,4,7,43,Missed Shot,Step Back Jump shot,,Above the Break 3,Right Side Center(RC),24+ ft.,24,179,169,1,0,20220320,PHI,TOR,22101069507,|1628449|1629717|1630173|1630567|201152,0,REG,,,2022,1630173,-1.0,C,Mobile Big,0.24,MISS Harden 25' 3PT Step Back Jump Shot,,,,PHI,1610612755.0,
Shot Chart Detail,22101069,516,0,Opponent,1610612761,Toronto Raptors,4,7,12,Missed Shot,Pullup Jump shot,,Left Corner 3,Left Side(L),24+ ft.,25,-244,71,1,0,20220320,PHI,TOR,22101069516,|1628449|1629717|1630173|1630567|201152,0,REG,,,2022,201152,-3.0,PF,Helper,0.84,MISS Niang 25' 3PT Pullup Jump Shot,,,,PHI,1610612755.0,
Shot Chart Detail,22101069,527,0,Opponent,1610612761,Toronto Raptors,4,6,20,Made Shot,Driving Floating Bank Jump Shot,,In The Paint (Non-RA),Center(C),Less Than 8 ft.,4,-32,36,1,1,20220320,PHI,TOR,22101069527,|1628449|1629717|1630173|1630567|201152,1,REG,,,2022,1630173,-1.0,C,Mobile Big,0.24,Embiid 5' Driving Floating Bank Jump Shot (18 PTS) (Maxey 4 AST),,,,PHI,1610612755.0,1630178.0
Shot Chart Detail,22101069,534,0,Opponent,1610612761,Toronto Raptors,4,5,40,Missed Shot,Driving Layup Shot,,Restricted Area,Center(C),Less Than 8 ft.,3,18,27,1,0,20220320,PHI,TOR,22101069534,|1628449|1629717|1630173|1630567|201152,0,REG,,,2022,1630567|201152|1629717,0.0,,,,,,,,PHI,1610612755.0,
Shot Chart Detail,22101069,542,0,Opponent,1610612761,Toronto Raptors,4,4,34,Made Shot,Layup Shot,,Restricted Area,Center(C),Less Than 8 ft.,1,-13,7,1,1,20220320,PHI,TOR,22101069542,|1628449|1629717|1630173|1630567|201152,1,REG,,,2022,1630173|1630567,-1.0,,,,,,,,PHI,1610612755.0,1627777.0
Shot Chart Detail,22101069,559,0,Opponent,1610612761,Toronto Raptors,4,3,24,Missed Shot,Fadeaway Jump Shot,,Mid-Range,Right Side(R),8-16 ft.,12,115,49,1,0,20220320,PHI,TOR,22101069559,|1627783|1628449|1629018|1630173|1630567,0,REG,,,2022,1630173,-1.0,C,Mobile Big,0.24,MISS Embiid 13' Fadeaway Jumper,,,,PHI,1610612755.0,
Shot Chart Detail,22101069,579,0,Opponent,1610612761,Toronto Raptors,4,1,45,Missed Shot,Turnaround Fadeaway shot,,In The Paint (Non-RA),Center(C),Less Than 8 ft.,7,61,44,1,0,20220320,PHI,TOR,22101069579,|1627783|1628449|1629018|1630173|1630567,0,REG,,,2022,1630173|1630567,-3.0,,,,,,,,PHI,1610612755.0,
Shot Chart Detail,22101069,591,0,Opponent,1610612761,Toronto Raptors,4,0,58,Missed Shot,Driving Layup Shot,,Restricted Area,Center(C),Less Than 8 ft.,2,-21,12,1,0,20220320,PHI,TOR,22101069591,|1627783|1628449|1629018|1630173|1630567,0,REG,,,2022,1630173,-3.0,C,Mobile Big,0.24,MISS Harden 2' Driving Layup,,,,PHI,1610612755.0,
Shot Chart Detail,22101069,621,0,Opponent,1610612761,Toronto Raptors,4,0,8,Made Shot,Driving Dunk Shot,,Restricted Area,Center(C),Less Than 8 ft.,1,-13,6,1,1,20220320,PHI,TOR,22101069621,|1627783|1628449|1629018|1630173|1630567,1,REG,,,2022,1628449,-2.0,SF,Helper,0.4,Maxey 1' Driving Dunk (19 PTS) (Harden 8 AST),,,,PHI,1610612755.0,201935.0
Shot Chart Detail,22101076,9,0,Opponent,1610612761,Toronto Raptors,1,11,23,Missed Shot,Jump Shot,,In The Paint (Non-RA),Center(C),Less Than 8 ft.,8,0,80,1,0,20220321,CHI,TOR,221010769,|1627783|1627832|1630173|1630567|203920,0,REG,,,2022,203920,-2.0,C,Mobile Big,0.63,MISS Caruso 8' Jump Shot,,,,CHI,1610612741.0,
Shot Chart Detail,22101076,16,0,Opponent,1610612761,Toronto Raptors,1,10,50,Made Shot,Pullup Jump shot,,In The Paint (Non-RA),Center(C),8-16 ft.,9,-36,88,1,1,20220321,CHI,TOR,2210107616,|1627783|1627832|1630173|1630567|203920,0,REG,,,2022,1627832|1630173,-3.0,,,,,,,,CHI,1610612741.0,
Shot Chart Detail,22101076,19,0,Opponent,1610612761,Toronto Raptors,1,10,26,Made Shot,Driving Dunk Shot,,Restricted Area,Center(C),Less Than 8 ft.,0,1,3,1,1,20220321,CHI,TOR,2210107619,|1627783|1627832|1630173|1630567|203920,1,REG,,,2022,1627783|1630173,-1.0,,,,,,,,CHI,1610612741.0,1627936.0
Shot Chart Detail,22101076,27,0,Opponent,1610612761,Toronto Raptors,1,9,39,Missed Shot,Driving Finger Roll Layup Shot,,Restricted Area,Center(C),Less Than 8 ft.,1,13,13,1,0,20220321,CHI,TOR,2210107627,|1627783|1627832|1630173|1630567|203920,0,REG,,,2022,1627832,-1.0,PG,Point of Attack,0.9,MISS Caruso 2' Driving Finger Roll Layup,,,,CHI,1610612741.0,
Shot Chart Detail,22101076,29,0,Opponent,1610612761,Toronto Raptors,1,9,36,Missed Shot,Tip Layup Shot,,Restricted Area,Center(C),Less Than 8 ft.,0,0,0,1,0,20220321,CHI,TOR,2210107629,|1627783|1627832|1630173|1630567|203920,0,REG,,,2022,1627832,-1.0,PG,Point of Attack,0.9,MISS Vucevic Tip Layup Shot,,,,CHI,1610612741.0,
Shot Chart Detail,22101076,31,0,Opponent,1610612761,Toronto Raptors,1,9,33,Made Shot,Putback Layup Shot,,Restricted Area,Center(C),Less Than 8 ft.,0,0,0,1,1,20220321,CHI,TOR,2210107631,|1627783|1627832|1630173|1630567|203920,0,REG,,,2022,1627832|1630567,1.0,,,,,,,,CHI,1610612741.0,
Shot Chart Detail,22101076,39,0,Opponent,1610612761,Toronto Raptors,1,8,48,Made Shot,Step Back Jump shot,,Mid-Range,Left Side Center(LC),16-24 ft.,16,-92,134,1,1,20220321,CHI,TOR,2210107639,|1627783|1627832|1630173|1630567|203920,0,REG,,,2022,1630173,1.0,C,Mobile Big,0.24,DeRozan 16' Step Back Jump Shot (4 PTS),,,,CHI,1610612741.0,
Shot Chart Detail,22101076,50,0,Opponent,1610612761,Toronto Raptors,1,7,53,Made Shot,Driving Layup Shot,,Restricted Area,Center(C),Less Than 8 ft.,1,-12,8,1,1,20220321,CHI,TOR,2210107650,|1627783|1627832|1630173|1630567|203920,1,REG,,,2022,1630567,3.0,PF,Helper,0.63,Green 1' Driving Layup (2 PTS) (Caruso 2 AST),,,,CHI,1610612741.0,1627936.0
Shot Chart Detail,22101076,55,0,Opponent,1610612761,Toronto Raptors,1,7,35,Made Shot,Running Dunk Shot,,Restricted Area,Center(C),Less Than 8 ft.,0,2,0,1,1,20220321,CHI,TOR,2210107655,|1627783|1627832|1630173|1630567|203920,1,REG,,,2022,1627832,5.0,PG,Point of Attack,0.9,DeRozan Running Dunk (6 PTS) (Vucevic 1 AST),,,,CHI,1610612741.0,202696.0
Shot Chart Detail,22101076,66,0,Opponent,1610612761,Toronto Raptors,1,6,40,Made Shot,Jump Shot,,Above the Break 3,Right Side Center(RC),24+ ft.,25,168,187,1,1,20220321,CHI,TOR,2210107666,|1627783|1627832|1628449|1630567|203920,1,REG,,,2022,1627832,8.0,PG,Point of Attack,0.9,Caruso 25' 3PT Jump Shot (3 PTS) (Green 1 AST),,,,CHI,1610612741.0,1629750.0
Shot Chart Detail,22101076,70,0,Opponent,1610612761,Toronto Raptors,1,6,3,Missed Shot,Fadeaway Jump Shot,,In The Paint (Non-RA),Center(C),8-16 ft.,8,25,77,1,0,20220321,CHI,TOR,2210107670,|1627783|1627832|1628449|1630567|203920,0,REG,,,2022,1628449|203920|1630567,8.0,,,,,,,,CHI,1610612741.0,
Shot Chart Detail,22101076,74,0,Opponent,1610612761,Toronto Raptors,1,5,39,Missed Shot,Jump Shot,,Above the Break 3,Right Side Center(RC),24+ ft.,26,132,225,1,0,20220321,CHI,TOR,2210107674,|1627783|1627832|1628449|1630567|203920,0,REG,,,2022,203920,5.0,C,Mobile Big,0.63,MISS Vucevic 26' 3PT Jump Shot,,,,CHI,1610612741.0,
Shot Chart Detail,22101076,78,0,Opponent,1610612761,Toronto Raptors,1,5,23,Missed Shot,Jump Shot,,Left Corner 3,Left Side(L),24+ ft.,22,-223,-29,1,0,20220321,CHI,TOR,2210107678,|1627783|1627832|1628449|1630567|203920,0,REG,,,2022,1627783,3.0,PF,Helper,0.72,MISS LaVine 3PT Jump Shot,,,,CHI,1610612741.0,
Shot Chart Detail,22101076,97,0,Opponent,1610612761,Toronto Raptors,1,4,32,Missed Shot,Hook Shot,,In The Paint (Non-RA),Center(C),Less Than 8 ft.,7,-4,78,1,0,20220321,CHI,TOR,2210107697,|1627783|1627832|1628449|201152|203920,0,REG,,,2022,203920,2.0,C,Mobile Big,0.63,MISS Vucevic 8' Hook Shot,,,,CHI,1610612741.0,
Shot Chart Detail,22101076,105,0,Opponent,1610612761,Toronto Raptors,1,3,43,Missed Shot,Jump Shot,,Left Corner 3,Left Side(L),24+ ft.,22,-225,-11,1,0,20220321,CHI,TOR,22101076105,|1627783|1627832|1628449|201152|203920,0,REG,,,2022,203920,0.0,C,Mobile Big,0.63,MISS Dosunmu 3PT Jump Shot,,,,CHI,1610612741.0,
Shot Chart Detail,22101076,107,0,Opponent,1610612761,Toronto Raptors,1,3,38,Missed Shot,Layup Shot,,Restricted Area,Center(C),Less Than 8 ft.,1,1,19,1,0,20220321,CHI,TOR,22101076107,|1627783|1627832|1628449|201152|203920,0,REG,,,2022,1628449|201152,0.0,,,,,,,,CHI,1610612741.0,
Shot Chart Detail,22101076,110,0,Opponent,1610612761,Toronto Raptors,1,3,10,Missed Shot,Driving Layup Shot,,Restricted Area,Center(C),Less Than 8 ft.,2,18,17,1,0,20220321,CHI,TOR,22101076110,|1627783|1627832|1628449|201152|203920,0,REG,,,2022,1628449|1627832|203920,-2.0,,,,,,,,CHI,1610612741.0,
Shot Chart Detail,22101076,118,0,Opponent,1610612761,Toronto Raptors,1,3,6,Made Shot,Step Back Jump shot,,Above the Break 3,Right Side Center(RC),24+ ft.,24,183,159,1,1,20220321,CHI,TOR,22101076118,|1627783|1627832|1628449|201152|203920,1,REG,,,2022,1627783,1.0,PF,Helper,0.72,LaVine 24' 3PT Step Back Jump Shot (4 PTS) (Dosunmu 1 AST),,,,CHI,1610612741.0,1630245.0
Shot Chart Detail,22101076,129,0,Opponent,1610612761,Toronto Raptors,1,2,32,Made Shot,Hook Shot,,In The Paint (Non-RA),Center(C),Less Than 8 ft.,6,25,59,1,1,20220321,CHI,TOR,22101076129,|1627783|1628449|1630173|1630567|201152,1,REG,,,2022,1630173,3.0,C,Mobile Big,0.24,Thompson 6' Hook Shot (2 PTS) (LaVine 1 AST),,,,CHI,1610612741.0,203897.0
Shot Chart Detail,22101076,132,0,Opponent,1610612761,Toronto Raptors,1,1,54,Made Shot,Driving Layup Shot,,Restricted Area,Center(C),Less Than 8 ft.,2,22,11,1,1,20220321,CHI,TOR,22101076132,|1627783|1628449|1630173|1630567|201152,1,REG,,,2022,1630173,3.0,C,Mobile Big,0.24,Thompson 2' Driving Layup (4 PTS) (Dosunmu 2 AST),,,,CHI,1610612741.0,1630245.0
Shot Chart Detail,22101076,136,0,Opponent,1610612761,Toronto Raptors,1,1,23,Made Shot,Jump Shot,,Right Corner 3,Right Side(R),24+ ft.,22,228,4,1,1,20220321,CHI,TOR,22101076136,|1627783|1628449|1630173|1630567|201152,1,REG,,,2022,1630567,6.0,PF,Helper,0.63,Williams 3PT Jump Shot (3 PTS) (White 1 AST),,,,CHI,1610612741.0,1629632.0
Shot Chart Detail,22101076,143,0,Opponent,1610612761,Toronto Raptors,1,0,52,Made Shot,Pullup Jump shot,,Mid-Range,Center(C),16-24 ft.,17,2,174,1,1,20220321,CHI,TOR,22101076143,|1627783|1628449|1630173|1630567|201152,0,REG,,,2022,1630173,6.0,C,Mobile Big,0.24,DeRozan 17' Pullup Jump Shot (8 PTS),,,,CHI,1610612741.0,
Shot Chart Detail,22101076,146,0,Opponent,1610612761,Toronto Raptors,1,0,29,Made Shot,Driving Floating Bank Jump Shot,,Mid-Range,Right Side(R),8-16 ft.,13,109,72,1,1,20220321,CHI,TOR,22101076146,|1627783|1628449|1630173|1630567|201152,1,REG,,,2022,1627783,6.0,PF,Helper,0.72,White 13' Driving Floating Bank Jump Shot (2 PTS) (Thompson 1 AST),,,,CHI,1610612741.0,202684.0
Shot Chart Detail,22101076,150,0,Opponent,1610612761,Toronto Raptors,1,0,0,Missed Shot,Jump Shot,,Above the Break 3,Left Side Center(LC),24+ ft.,24,-142,205,1,0,20220321,CHI,TOR,22101076150,|1627783|1628449|1630173|1630567|201152,0,REG,,,2022,1630567,6.0,PF,Helper,0.63,MISS White 25' 3PT Jump Shot,,,,CHI,1610612741.0,
Shot Chart Detail,22101076,156,0,Opponent,1610612761,Toronto Raptors,2,11,44,Missed Shot,Driving Layup Shot,,Restricted Area,Center(C),Less Than 8 ft.,0,-2,6,1,0,20220321,CHI,TOR,22101076156,|1627832|1628449|1630173|1630567|201152,0,REG,,,2022,1630567|201152,6.0,,,,,,,,CHI,1610612741.0,
Shot Chart Detail,22101076,162,0,Opponent,1610612761,Toronto Raptors,2,11,13,Missed Shot,Jump Shot,,Left Corner 3,Left Side(L),24+ ft.,22,-225,-2,1,0,20220321,CHI,TOR,22101076162,|1627832|1628449|1630173|1630567|201152,0,REG,,,2022,1627832,4.0,PG,Point of Attack,0.9,MISS White 3PT Jump Shot,,,,CHI,1610612741.0,
Shot Chart Detail,22101076,168,0,Opponent,1610612761,Toronto Raptors,2,10,35,Made Shot,Driving Layup Shot,,Restricted Area,Center(C),Less Than 8 ft.,1,-16,-1,1,1,20220321,CHI,TOR,22101076168,|1627832|1628449|1630173|1630567|201152,1,REG,,,2022,1627832|1630173,4.0,,,,,,,,CHI,1610612741.0,1630245.0
Shot Chart Detail,22101076,179,0,Opponent,1610612761,Toronto Raptors,2,9,49,Missed Shot,Driving Layup Shot,,Restricted Area,Center(C),Less Than 8 ft.,2,26,4,1,0,20220321,CHI,TOR,22101076179,|1627832|1628449|1630173|1630567|201152,0,REG,,,2022,1628449,4.0,SF,Helper,0.4,MISS Green 3' Driving Layup,,,,CHI,1610612741.0,
Shot Chart Detail,22101076,183,0,Opponent,1610612761,Toronto Raptors,2,9,7,Missed Shot,Hook Shot,,In The Paint (Non-RA),Center(C),Less Than 8 ft.,7,-23,69,1,0,20220321,CHI,TOR,22101076183,|1627832|1628449|1630173|1630567|201152,0,REG,,,2022,201152,1.0,PF,Helper,0.84,MISS Thompson 7' Hook Shot,,,,CHI,1610612741.0,
Shot Chart Detail,22101076,191,0,Opponent,1610612761,Toronto Raptors,2,8,52,Made Shot,Driving Finger Roll Layup Shot,,Restricted Area,Center(C),Less Than 8 ft.,0,-7,6,1,1,20220321,CHI,TOR,22101076191,|1627832|1628449|1629717|1630567|201152,0,REG,,,2022,1630567,3.0,PF,Helper,0.63,Dosunmu 1' Driving Finger Roll Layup (2 PTS),,,,CHI,1610612741.0,
Shot Chart Detail,22101076,194,0,Opponent,1610612761,Toronto Raptors,2,8,15,Missed Shot,Driving Floating Jump Shot,,In The Paint (Non-RA),Center(C),Less Than 8 ft.,6,0,63,1,0,20220321,CHI,TOR,22101076194,|1627832|1628449|1629717|1630567|201152,0,REG,,,2022,1629717,0.0,SG-PG,Low Activity,-0.97,MISS Dosunmu 6' Driving Floating Jump Shot,,,,CHI,1610612741.0,
Shot Chart Detail,22101076,196,0,Opponent,1610612761,Toronto Raptors,2,8,11,Missed Shot,Putback Layup Shot,,Restricted Area,Center(C),Less Than 8 ft.,0,0,0,1,0,20220321,CHI,TOR,22101076196,|1627832|1628449|1629717|1630567|201152,0,REG,,,2022,1629717|1627832,0.0,,,,,,,,CHI,1610612741.0,
Shot Chart Detail,22101076,207,0,Opponent,1610612761,Toronto Raptors,2,7,50,Made Shot,Jump Shot,,Above the Break 3,Right Side Center(RC),24+ ft.,25,80,240,1,1,20220321,CHI,TOR,22101076207,|1627832|1628449|1629717|1630567|201152,1,REG,,,2022,1629717,3.0,SG-PG,Low Activity,-0.97,DeRozan 25' 3PT Jump Shot (11 PTS) (Dosunmu 4 AST),,,,CHI,1610612741.0,1630245.0
Shot Chart Detail,22101076,212,0,Opponent,1610612761,Toronto Raptors,2,7,25,Made Shot,Running Finger Roll Layup Shot,,Restricted Area,Center(C),Less Than 8 ft.,1,-11,11,1,1,20220321,CHI,TOR,22101076212,|1627832|1628449|1629717|1630567|201152,0,REG,,,2022,1630567,5.0,PF,Helper,0.63,Dosunmu 2' Running Finger Roll Layup (4 PTS),,,,CHI,1610612741.0,
Shot Chart Detail,22101076,223,0,Opponent,1610612761,Toronto Raptors,2,6,43,Missed Shot,Driving Floating Jump Shot,,Mid-Range,Center(C),8-16 ft.,15,45,151,1,0,20220321,CHI,TOR,22101076223,|1627783|1627832|1629717|1630567|203920,0,REG,,,2022,203920|1630567,3.0,,,,,,,,CHI,1610612741.0,
Shot Chart Detail,22101076,228,0,Opponent,1610612761,Toronto Raptors,2,6,16,Missed Shot,Jump Shot,,Above the Break 3,Right Side Center(RC),24+ ft.,25,141,209,1,0,20220321,CHI,TOR,22101076228,|1627783|1627832|1629717|1630567|203920,0,REG,,,2022,1627783,1.0,PF,Helper,0.72,MISS Caruso 25' 3PT Jump Shot,,,,CHI,1610612741.0,
Shot Chart Detail,22101076,232,0,Opponent,1610612761,Toronto Raptors,2,5,52,Made Shot,Pullup Jump shot,,Mid-Range,Right Side Center(RC),16-24 ft.,20,161,129,1,1,20220321,CHI,TOR,22101076232,|1627783|1627832|1629717|1630567|203920,1,REG,,,2022,1627783,1.0,PF,Helper,0.72,Dosunmu 21' Pullup Jump Shot (6 PTS) (Vucevic 2 AST),,,,CHI,1610612741.0,202696.0
Shot Chart Detail,22101076,238,0,Opponent,1610612761,Toronto Raptors,2,6,41,Missed Shot,Tip Layup Shot,,Restricted Area,Center(C),Less Than 8 ft.,0,-1,5,1,0,20220321,CHI,TOR,22101076238,|1627783|1627832|1629717|1630567|203920,0,REG,,,2022,203920|1627783|1630567,3.0,,,,,,,,CHI,1610612741.0,
Shot Chart Detail,22101076,249,0,Opponent,1610612761,Toronto Raptors,2,4,40,Made Shot,Driving Layup Shot,,Restricted Area,Center(C),Less Than 8 ft.,1,15,9,1,1,20220321,CHI,TOR,22101076249,|1627783|1628449|1629717|1630567|203920,1,REG,,,2022,1630567,2.0,PF,Helper,0.63,Green 2' Driving Layup (4 PTS) (LaVine 2 AST),,,,CHI,1610612741.0,203897.0
Shot Chart Detail,22101076,258,0,Opponent,1610612761,Toronto Raptors,2,4,18,Made Shot,Driving Layup Shot,,Restricted Area,Center(C),Less Than 8 ft.,1,7,9,1,1,20220321,CHI,TOR,22101076258,|1627783|1628449|1629717|1630567|203920,0,REG,,,2022,1629717|1630567,5.0,,,,,,,,CHI,1610612741.0,
Shot Chart Detail,22101076,280,0,Opponent,1610612761,Toronto Raptors,2,3,31,Missed Shot,Jump Shot,,Above the Break 3,Center(C),24+ ft.,25,-4,252,1,0,20220321,CHI,TOR,22101076280,|1627783|1627832|1628449|1630173|203920,0,REG,,,2022,203920,0.0,C,Mobile Big,0.63,MISS Vucevic 25' 3PT Jump Shot,,,,CHI,1610612741.0,
Shot Chart Detail,22101076,284,0,Opponent,1610612761,Toronto Raptors,2,3,11,Made Shot,Layup Shot,,Restricted Area,Center(C),Less Than 8 ft.,1,12,3,1,1,20220321,CHI,TOR,22101076284,|1627783|1627832|1628449|1630173|203920,1,REG,,,2022,1628449,0.0,SF,Helper,0.4,Vucevic 1' Layup (6 PTS) (Caruso 3 AST),,,,CHI,1610612741.0,1627936.0
Shot Chart Detail,22101076,291,0,Opponent,1610612761,Toronto Raptors,2,2,43,Missed Shot,Jump Shot,,Right Corner 3,Right Side(R),24+ ft.,22,224,48,1,0,20220321,CHI,TOR,22101076291,|1627783|1627832|1628449|1630173|203920,0,REG,,,2022,203920,-1.0,C,Mobile Big,0.63,MISS Williams 3PT Jump Shot,,,,CHI,1610612741.0,
Shot Chart Detail,22101076,294,0,Opponent,1610612761,Toronto Raptors,2,2,3,Missed Shot,Jump Shot,,Above the Break 3,Left Side Center(LC),24+ ft.,24,-103,219,1,0,20220321,CHI,TOR,22101076294,|1627783|1627832|1628449|1630173|203920,0,REG,,,2022,1630173,-3.0,C,Mobile Big,0.24,MISS DeRozan 24' 3PT Jump Shot,,,,CHI,1610612741.0,
Shot Chart Detail,22101076,307,0,Opponent,1610612761,Toronto Raptors,2,0,59,Made Shot,Pullup Jump shot,,In The Paint (Non-RA),Left Side(L),8-16 ft.,12,-62,105,1,1,20220321,CHI,TOR,22101076307,|1627783|1627832|1628449|1630173|203920,1,REG,,,2022,203920,1.0,C,Mobile Big,0.63,DeRozan 12' Pullup Jump Shot (13 PTS) (LaVine 3 AST),,,,CHI,1610612741.0,203897.0
Shot Chart Detail,22101076,312,0,Opponent,1610612761,Toronto Raptors,2,0,35,Missed Shot,Jump Shot,,Left Corner 3,Left Side(L),24+ ft.,23,-235,-15,1,0,20220321,CHI,TOR,22101076312,|1627783|1627832|1628449|1630173|203920,0,REG,,,2022,1628449,-1.0,SF,Helper,0.4,MISS Williams 24' 3PT Jump Shot,,,,CHI,1610612741.0,
Shot Chart Detail,22101076,314,0,Opponent,1610612761,Toronto Raptors,2,0,28,Missed Shot,Jump Shot,,Left Corner 3,Left Side(L),24+ ft.,22,-224,22,1,0,20220321,CHI,TOR,22101076314,|1627783|1627832|1628449|1630173|203920,0,REG,,,2022,1627832,-1.0,PG,Point of Attack,0.9,MISS Caruso 3PT Jump Shot,,,,CHI,1610612741.0,
Shot Chart Detail,22101076,326,0,Opponent,1610612761,Toronto Raptors,3,11,52,Missed Shot,Pullup Jump shot,,Mid-Range,Center(C),16-24 ft.,18,-6,189,1,0,20220321,CHI,TOR,22101076326,|1627783|1627832|1630173|1630567|203920,0,REG,,,2022,203920,-1.0,C,Mobile Big,0.63,MISS Vucevic 19' Pullup Jump Shot,,,,CHI,1610612741.0,
Shot Chart Detail,22101076,330,0,Opponent,1610612761,Toronto Raptors,3,11,12,Missed Shot,Jump Shot,,Above the Break 3,Left Side Center(LC),24+ ft.,26,-119,236,1,0,20220321,CHI,TOR,22101076330,|1627783|1627832|1630173|1630567|203920,0,REG,,,2022,203920,-1.0,C,Mobile Big,0.63,MISS DeRozan 26' 3PT Jump Shot,,,,CHI,1610612741.0,
Shot Chart Detail,22101076,335,0,Opponent,1610612761,Toronto Raptors,3,10,42,Made Shot,Jump Shot,,Above the Break 3,Center(C),24+ ft.,25,-12,258,1,1,20220321,CHI,TOR,22101076335,|1627783|1627832|1630173|1630567|203920,1,REG,,,2022,1627832,0.0,PG,Point of Attack,0.9,Vucevic 26' 3PT Jump Shot (10 PTS) (Green 2 AST),,,,CHI,1610612741.0,1629750.0
Shot Chart Detail,22101076,341,0,Opponent,1610612761,Toronto Raptors,3,9,51,Missed Shot,Driving Layup Shot,,Restricted Area,Center(C),Less Than 8 ft.,2,-21,2,1,0,20220321,CHI,TOR,22101076341,|1627783|1627832|1630173|1630567|203920,0,REG,,,2022,203920,0.0,C,Mobile Big,0.63,MISS Vucevic 2' Driving Layup,,,,CHI,1610612741.0,
Shot Chart Detail,22101076,346,0,Opponent,1610612761,Toronto Raptors,3,9,16,Made Shot,Jump Shot,,Mid-Range,Left Side Center(LC),16-24 ft.,16,-120,109,1,1,20220321,CHI,TOR,22101076346,|1627783|1627832|1630173|1630567|203920,0,REG,,,2022,1630173,0.0,C,Mobile Big,0.24,DeRozan 16' Jump Shot (15 PTS),,,,CHI,1610612741.0,
Shot Chart Detail,22101076,350,0,Opponent,1610612761,Toronto Raptors,3,8,47,Made Shot,Pullup Jump shot,,In The Paint (Non-RA),Center(C),8-16 ft.,13,-2,134,1,1,20220321,CHI,TOR,22101076350,|1627783|1627832|1630173|1630567|203920,0,REG,,,2022,203920,2.0,C,Mobile Big,0.63,DeRozan 13' Pullup Jump Shot (17 PTS),,,,CHI,1610612741.0,
Shot Chart Detail,22101076,371,0,Opponent,1610612761,Toronto Raptors,3,6,49,Missed Shot,Jump Shot,,Above the Break 3,Left Side Center(LC),24+ ft.,26,-118,235,1,0,20220321,CHI,TOR,22101076371,|1627783|1627832|1630173|1630567|203920,0,REG,,,2022,1627832,0.0,PG,Point of Attack,0.9,MISS LaVine 26' 3PT Jump Shot,,,,CHI,1610612741.0,
Shot Chart Detail,22101076,383,0,Opponent,1610612761,Toronto Raptors,3,6,18,Made Shot,Jump Shot,,Above the Break 3,Left Side Center(LC),24+ ft.,25,-168,191,1,1,20220321,CHI,TOR,22101076383,|1627783|1627832|1628449|1630567|203920,1,REG,,,2022,1627832,1.0,PG,Point of Attack,0.9,Caruso 25' 3PT Jump Shot (7 PTS) (LaVine 4 AST),,,,CHI,1610612741.0,203897.0
Shot Chart Detail,22101076,388,0,Opponent,1610612761,Toronto Raptors,3,5,47,Missed Shot,Jump Shot,,Right Corner 3,Right Side(R),24+ ft.,23,237,-26,1,0,20220321,CHI,TOR,22101076388,|1627783|1627832|1628449|1630567|203920,0,REG,,,2022,1628449,1.0,SF,Helper,0.4,MISS Green 24' 3PT Jump Shot,,,,CHI,1610612741.0,
Shot Chart Detail,22101076,393,0,Opponent,1610612761,Toronto Raptors,3,5,13,Missed Shot,Turnaround Jump Shot,,Mid-Range,Left Side(L),8-16 ft.,9,-92,34,1,0,20220321,CHI,TOR,22101076393,|1627783|1627832|1628449|1630567|203920,0,REG,,,2022,1630567,1.0,PF,Helper,0.63,MISS Vucevic 10' Turnaround Jump Shot,,,,CHI,1610612741.0,
Shot Chart Detail,22101076,395,0,Opponent,1610612761,Toronto Raptors,3,5,10,Made Shot,Putback Layup Shot,,Restricted Area,Center(C),Less Than 8 ft.,0,0,0,1,1,20220321,CHI,TOR,22101076395,|1627783|1627832|1628449|1630567|203920,0,REG,,,2022,1628449|1627832|203920,3.0,,,,,,,,CHI,1610612741.0,
Shot Chart Detail,22101076,399,0,Opponent,1610612761,Toronto Raptors,3,4,34,Made Shot,Jump Shot,,Mid-Range,Center(C),16-24 ft.,23,47,231,1,1,20220321,CHI,TOR,22101076399,|1627783|1627832|1628449|1630567|203920,0,REG,,,2022,1630567,5.0,PF,Helper,0.63,LaVine 24' Jump Shot (14 PTS),,,,CHI,1610612741.0,
Shot Chart Detail,22101076,402,0,Opponent,1610612761,Toronto Raptors,3,3,51,Made Shot,Driving Layup Shot,,Restricted Area,Center(C),Less Than 8 ft.,0,-6,2,1,1,20220321,CHI,TOR,22101076402,|1627783|1627832|1628449|1630567|203920,1,REG,,,2022,1628449,7.0,SF,Helper,0.4,LaVine 1' Driving Layup (16 PTS) (Caruso 4 AST),,,,CHI,1610612741.0,1627936.0
Shot Chart Detail,22101076,414,0,Opponent,1610612761,Toronto Raptors,3,3,13,Made Shot,Driving Floating Jump Shot,,In The Paint (Non-RA),Center(C),Less Than 8 ft.,6,-2,67,1,1,20220321,CHI,TOR,22101076414,|1627783|1627832|1628449|1629717|201152,1,REG,,,2022,201152,9.0,PF,Helper,0.84,Vucevic 7' Driving Floating Jump Shot (12 PTS) (Caruso 5 AST),,,,CHI,1610612741.0,1627936.0
Shot Chart Detail,22101076,418,0,Opponent,1610612761,Toronto Raptors,3,2,48,Made Shot,Running Finger Roll Layup Shot,,Restricted Area,Center(C),Less Than 8 ft.,1,4,12,1,1,20220321,CHI,TOR,22101076418,|1627783|1627832|1628449|1629717|201152,1,REG,,,2022,1627832,11.0,PG,Point of Attack,0.9,LaVine 1' Running Finger Roll Layup (18 PTS) (Caruso 6 AST),,,,CHI,1610612741.0,1627936.0
Shot Chart Detail,22101076,422,0,Opponent,1610612761,Toronto Raptors,3,2,29,Made Shot,Running Finger Roll Layup Shot,,Restricted Area,Center(C),Less Than 8 ft.,0,-7,2,1,1,20220321,CHI,TOR,22101076422,|1627783|1627832|1628449|1629717|201152,0,REG,,,2022,1627783,13.0,PF,Helper,0.72,Williams 1' Running Finger Roll Layup (7 PTS),,,,CHI,1610612741.0,
Shot Chart Detail,22101076,425,0,Opponent,1610612761,Toronto Raptors,3,1,57,Made Shot,Jump Shot,,Above the Break 3,Center(C),24+ ft.,25,78,242,1,1,20220321,CHI,TOR,22101076425,|1627783|1627832|1628449|1629717|201152,0,REG,,,2022,1629717,14.0,SG-PG,Low Activity,-0.97,LaVine 25' 3PT Jump Shot (21 PTS),,,,CHI,1610612741.0,
Shot Chart Detail,22101076,427,0,Opponent,1610612761,Toronto Raptors,3,1,29,Missed Shot,Pullup Jump shot,,Mid-Range,Right Side Center(RC),16-24 ft.,16,77,151,1,0,20220321,CHI,TOR,22101076427,|1627783|1627832|1628449|1629717|201152,0,REG,,,2022,201152,12.0,PF,Helper,0.84,MISS Williams 17' Pullup Jump Shot,,,,CHI,1610612741.0,
Shot Chart Detail,22101076,432,0,Opponent,1610612761,Toronto Raptors,3,1,15,Missed Shot,Driving Finger Roll Layup Shot,,Restricted Area,Center(C),Less Than 8 ft.,0,-1,6,1,0,20220321,CHI,TOR,22101076432,|1627783|1627832|1628449|1629717|201152,0,REG,,,2022,1627783,12.0,PF,Helper,0.72,MISS LaVine 1' Driving Finger Roll Layup,,,,CHI,1610612741.0,
Shot Chart Detail,22101076,443,0,Opponent,1610612761,Toronto Raptors,3,0,56,Missed Shot,Driving Layup Shot,,Restricted Area,Center(C),Less Than 8 ft.,2,23,5,1,0,20220321,CHI,TOR,22101076443,|1627783|1628449|1629717|1630567|201152,0,REG,,,2022,1627783,12.0,PF,Helper,0.72,MISS Dosunmu 2' Driving Layup,,,,CHI,1610612741.0,
Shot Chart Detail,22101076,452,0,Opponent,1610612761,Toronto Raptors,3,0,5,Made Shot,Jump Shot,,Above the Break 3,Left Side Center(LC),24+ ft.,29,-100,278,1,1,20220321,CHI,TOR,22101076452,|1627783|1628449|1629717|1630567|201152,1,REG,,,2022,1630567,11.0,PF,Helper,0.63,LaVine 30' 3PT Jump Shot (24 PTS) (White 2 AST),,,,CHI,1610612741.0,1629632.0
Shot Chart Detail,22101076,471,0,Opponent,1610612761,Toronto Raptors,4,10,57,Made Shot,Jump Shot,,Above the Break 3,Right Side Center(RC),24+ ft.,24,188,157,1,1,20220321,CHI,TOR,22101076471,|1628449|1629717|1630173|1630567|201152,1,REG,,,2022,1630567,16.0,PF,Helper,0.63,Dosunmu 24' 3PT Jump Shot (9 PTS) (White 3 AST),,,,CHI,1610612741.0,1629632.0
Shot Chart Detail,22101076,484,0,Opponent,1610612761,Toronto Raptors,4,10,24,Made Shot,Driving Floating Jump Shot,,Mid-Range,Right Side(R),8-16 ft.,12,127,15,1,1,20220321,CHI,TOR,22101076484,|1627783|1627832|1628449|1630567|203920,1,REG,,,2022,1627832,18.0,PG,Point of Attack,0.9,Dosunmu 13' Driving Floating Jump Shot (11 PTS) (White 4 AST),,,,CHI,1610612741.0,1629632.0
Shot Chart Detail,22101076,500,0,Opponent,1610612761,Toronto Raptors,4,9,17,Made Shot,Turnaround Fadeaway shot,,Mid-Range,Left Side Center(LC),16-24 ft.,18,-150,115,1,1,20220321,CHI,TOR,22101076500,|1627783|1627832|1628449|1630567|203920,1,REG,,,2022,1630567,17.0,PF,Helper,0.63,DeRozan 19' Turnaround Fadeaway (22 PTS) (Dosunmu 5 AST),,,,CHI,1610612741.0,1630245.0
Shot Chart Detail,22101076,509,0,Opponent,1610612761,Toronto Raptors,4,8,21,Made Shot,Pullup Jump shot,,In The Paint (Non-RA),Center(C),8-16 ft.,9,-11,99,1,1,20220321,CHI,TOR,22101076509,|1627783|1627832|1630173|1630567|203920,0,REG,,,2022,203920|1630567,17.0,,,,,,,,CHI,1610612741.0,
Shot Chart Detail,22101076,512,0,Opponent,1610612761,Toronto Raptors,4,7,38,Missed Shot,Fadeaway Jump Shot,,Mid-Range,Right Side(R),8-16 ft.,12,119,26,1,0,20220321,CHI,TOR,22101076512,|1627783|1627832|1630173|1630567|203920,0,REG,,,2022,203920,17.0,C,Mobile Big,0.63,MISS White 12' Fadeaway Jumper,,,,CHI,1610612741.0,
Shot Chart Detail,22101076,521,0,Opponent,1610612761,Toronto Raptors,4,7,9,Missed Shot,Jump Shot,,Mid-Range,Right Side Center(RC),16-24 ft.,20,138,157,1,0,20220321,CHI,TOR,22101076521,|1627783|1627832|1630173|1630567|203920,0,REG,,,2022,1627783,16.0,PF,Helper,0.72,MISS White 21' Jump Shot,,,,CHI,1610612741.0,
Shot Chart Detail,22101076,532,0,Opponent,1610612761,Toronto Raptors,4,6,29,Missed Shot,Driving Layup Shot,,In The Paint (Non-RA),Center(C),Less Than 8 ft.,4,-34,34,1,0,20220321,CHI,TOR,22101076532,|1627783|1627832|1630173|1630567|203920,0,REG,,,2022,1630567,14.0,PF,Helper,0.63,MISS LaVine 5' Driving Layup,,,,CHI,1610612741.0,
Shot Chart Detail,22101076,535,0,Opponent,1610612761,Toronto Raptors,4,6,26,Missed Shot,Jump Shot,,In The Paint (Non-RA),Center(C),Less Than 8 ft.,6,17,62,1,0,20220321,CHI,TOR,22101076535,|1627783|1627832|1630173|1630567|203920,0,REG,,,2022,1627783|1630567,14.0,,,,,,,,CHI,1610612741.0,
Shot Chart Detail,22101076,537,0,Opponent,1610612761,Toronto Raptors,4,6,26,Made Shot,Tip Layup Shot,,Restricted Area,Center(C),Less Than 8 ft.,0,0,0,1,1,20220321,CHI,TOR,22101076537,|1627783|1627832|1630173|1630567|203920,0,REG,,,2022,203920,16.0,C,Mobile Big,0.63,Green Tip Layup Shot (7 PTS),,,,CHI,1610612741.0,
Shot Chart Detail,22101076,543,0,Opponent,1610612761,Toronto Raptors,4,5,55,Made Shot,Driving Floating Jump Shot,,In The Paint (Non-RA),Center(C),Less Than 8 ft.,5,4,58,1,1,20220321,CHI,TOR,22101076543,|1627783|1627832|1630173|1630567|203920,1,REG,,,2022,203920|1627783,16.0,,,,,,,,CHI,1610612741.0,201942.0
Shot Chart Detail,22101076,557,0,Opponent,1610612761,Toronto Raptors,4,4,58,Made Shot,Driving Layup Shot,,Restricted Area,Center(C),Less Than 8 ft.,1,-16,0,1,1,20220321,CHI,TOR,22101076557,|1627783|1627832|1628449|1630173|1630567,0,REG,,,2022,1627783|1630567,18.0,,,,,,,,CHI,1610612741.0,
Shot Chart Detail,22101076,564,0,Opponent,1610612761,Toronto Raptors,4,4,0,Made Shot,Turnaround Jump Shot,,Mid-Range,Left Side(L),8-16 ft.,15,-153,33,1,1,20220321,CHI,TOR,22101076564,|1627783|1627832|1628449|1630173|1630567,1,REG,,,2022,1627832,20.0,PG,Point of Attack,0.9,DeRozan 16' Turnaround Jump Shot (26 PTS) (LaVine 5 AST),,,,CHI,1610612741.0,203897.0
Shot Chart Detail,22101076,580,0,Opponent,1610612761,Toronto Raptors,4,3,23,Missed Shot,Jump Shot,,Above the Break 3,Left Side Center(LC),24+ ft.,29,-113,277,1,0,20220321,CHI,TOR,22101076580,|1628449|1629139|1629717|1630173|1630625,0,REG,,,2022,1630625,20.0,PG,Chaser,0.27,MISS LaVine 30' 3PT Jump Shot,,,,CHI,1610612741.0,
Shot Chart Detail,22101076,584,0,Opponent,1610612761,Toronto Raptors,4,2,57,Made Shot,Jump Shot,,Above the Break 3,Left Side Center(LC),24+ ft.,27,-107,249,1,1,20220321,CHI,TOR,22101076584,|1628449|1629139|1629717|1630173|1630625,1,REG,,,2022,1630173,21.0,C,Mobile Big,0.24,Vucevic 27' 3PT Jump Shot (19 PTS) (LaVine 6 AST),,,,CHI,1610612741.0,203897.0
Shot Chart Detail,22101076,590,0,Opponent,1610612761,Toronto Raptors,4,2,12,Missed Shot,Jump Shot,,Above the Break 3,Right Side Center(RC),24+ ft.,25,115,230,1,0,20220321,CHI,TOR,22101076590,|1628449|1629139|1629717|1630173|1630625,0,REG,,,2022,1629139,21.0,SF,Helper,0.1,MISS DeRozan 26' 3PT Jump Shot,,,,CHI,1610612741.0,
Shot Chart Detail,22101076,592,0,Opponent,1610612761,Toronto Raptors,4,2,3,Missed Shot,Driving Layup Shot,,Restricted Area,Center(C),Less Than 8 ft.,1,13,0,1,0,20220321,CHI,TOR,22101076592,|1628449|1629139|1629717|1630173|1630625,0,REG,,,2022,1629139,21.0,SF,Helper,0.1,MISS Caruso 1' Driving Layup,,,,CHI,1610612741.0,
Shot Chart Detail,22101076,594,0,Opponent,1610612761,Toronto Raptors,4,2,1,Missed Shot,Tip Layup Shot,,Restricted Area,Center(C),Less Than 8 ft.,0,0,0,1,0,20220321,CHI,TOR,22101076594,|1628449|1629139|1629717|1630173|1630625,0,REG,,,2022,1629717,21.0,SG-PG,Low Activity,-0.97,MISS Vucevic Tip Layup Shot,,,,CHI,1610612741.0,
Shot Chart Detail,22101076,596,0,Opponent,1610612761,Toronto Raptors,4,2,0,Missed Shot,Tip Layup Shot,,Restricted Area,Center(C),Less Than 8 ft.,0,0,0,1,0,20220321,CHI,TOR,22101076596,|1628449|1629139|1629717|1630173|1630625,0,REG,,,2022,1629717,21.0,SG-PG,Low Activity,-0.97,MISS Vucevic Tip Layup Shot,,,,CHI,1610612741.0,
Shot Chart Detail,22101076,614,0,Opponent,1610612761,Toronto Raptors,4,1,43,Missed Shot,Jump Shot,,Mid-Range,Right Side Center(RC),16-24 ft.,19,96,165,1,0,20220321,CHI,TOR,22101076614,|1628449|1629004|1629139|1629717|1630625,0,REG,,,2022,1628449,18.0,SF,Helper,0.4,MISS Williams 19' Jump Shot,,,,CHI,1610612741.0,
Shot Chart Detail,22101076,617,0,Opponent,1610612761,Toronto Raptors,4,1,26,Made Shot,Jump Shot,,Right Corner 3,Right Side(R),24+ ft.,22,229,-11,1,1,20220321,CHI,TOR,22101076617,|1628449|1629004|1629139|1629717|1630625,1,REG,,,2022,1629139,19.0,SF,Helper,0.1,Brown Jr. 3PT Jump Shot (3 PTS) (Dosunmu 6 AST),,,,CHI,1610612741.0,1630245.0
Shot Chart Detail,22101076,625,0,Opponent,1610612761,Toronto Raptors,4,1,0,Missed Shot,Jump Shot,,Left Corner 3,Left Side(L),24+ ft.,23,-230,2,1,0,20220321,CHI,TOR,22101076625,|1628449|1629004|1629139|1629717|1630625,0,REG,,,2022,1629717,17.0,SG-PG,Low Activity,-0.97,MISS Brown Jr. 3PT Jump Shot,,,,CHI,1610612741.0,
Shot Chart Detail,22101076,630,0,Opponent,1610612761,Toronto Raptors,4,0,37,Missed Shot,Driving Dunk Shot,,Restricted Area,Center(C),Less Than 8 ft.,2,14,21,1,0,20220321,CHI,TOR,22101076630,|1628449|1629004|1629139|1629717|1630625,0,REG,,,2022,1629004,15.0,SF,Chaser,-0.31,MISS Bradley 3' Driving Dunk,,,,CHI,1610612741.0,
Shot Chart Detail,22101095,7,0,Opponent,1610612761,Toronto Raptors,1,11,38,Made Shot,Cutting Dunk Shot,,Restricted Area,Center(C),Less Than 8 ft.,1,-13,13,1,1,20220324,TOR,CLE,221010957,|1627783|1627832|1628384|1630567|203920,1,REG,,,2022,1627783,2.0,PF,Helper,0.72,Mobley 2' Cutting Dunk Shot (2 PTS) (Garland 1 AST),,,,CLE,1610612739.0,1629636.0
Shot Chart Detail,22101095,11,0,Opponent,1610612761,Toronto Raptors,1,11,8,Missed Shot,Running Layup Shot,,Restricted Area,Center(C),Less Than 8 ft.,3,23,30,1,0,20220324,TOR,CLE,2210109511,|1627783|1627832|1628384|1630567|203920,0,REG,,,2022,1627832,2.0,PG,Point of Attack,0.9,Anunoby BLOCK (1 BLK),,,,CLE,1610612739.0,
Shot Chart Detail,22101095,16,0,Opponent,1610612761,Toronto Raptors,1,10,48,Made Shot,Jump Shot,,Mid-Range,Left Side Center(LC),16-24 ft.,19,-82,180,1,1,20220324,TOR,CLE,2210109516,|1627783|1627832|1628384|1630567|203920,1,REG,,,2022,203920,4.0,C,Mobile Big,0.63,Love 20' Jump Shot (2 PTS) (Garland 2 AST),,,,CLE,1610612739.0,1629636.0
Shot Chart Detail,22101095,19,0,Opponent,1610612761,Toronto Raptors,1,10,16,Missed Shot,Driving Floating Bank Jump Shot,,Restricted Area,Center(C),Less Than 8 ft.,3,-21,34,1,0,20220324,TOR,CLE,2210109519,|1627783|1627832|1628384|1630567|203920,0,REG,,,2022,1627832|1630567,1.0,,,,,,,,CLE,1610612739.0,
Shot Chart Detail,22101095,23,0,Opponent,1610612761,Toronto Raptors,1,9,55,Made Shot,Driving Finger Roll Layup Shot,,Restricted Area,Center(C),Less Than 8 ft.,3,-5,37,1,1,20220324,TOR,CLE,2210109523,|1627783|1627832|1628384|1630567|203920,0,REG,,,2022,1627832,3.0,PG,Point of Attack,0.9,Garland 4' Driving Finger Roll Layup (2 PTS),,,,CLE,1610612739.0,
Shot Chart Detail,22101095,32,0,Opponent,1610612761,Toronto Raptors,1,9,26,Missed Shot,Jump Shot,,Above the Break 3,Center(C),24+ ft.,25,26,256,1,0,20220324,TOR,CLE,2210109532,|1627783|1627832|1628384|1630567|203920,0,REG,,,2022,1628384,4.0,SF,Wing Stopper,1.03,MISS Love 26' 3PT Jump Shot,,,,CLE,1610612739.0,
Shot Chart Detail,22101095,37,0,Opponent,1610612761,Toronto Raptors,1,8,53,Missed Shot,Running Jump Shot,,Above the Break 3,Right Side Center(RC),24+ ft.,24,115,221,1,0,20220324,TOR,CLE,2210109537,|1627783|1627832|1628384|1630567|203920,0,REG,,,2022,1627783,4.0,PF,Helper,0.72,MISS Markkanen 25' 3PT Running Jump Shot,,,,CLE,1610612739.0,
Shot Chart Detail,22101095,42,0,Opponent,1610612761,Toronto Raptors,1,8,33,Missed Shot,Jump Shot,,Above the Break 3,Right Side Center(RC),24+ ft.,26,119,239,1,0,20220324,TOR,CLE,2210109542,|1627783|1627832|1628384|1630567|203920,0,REG,,,2022,203920,4.0,C,Mobile Big,0.63,MISS Garland 27' 3PT Jump Shot,,,,CLE,1610612739.0,
Shot Chart Detail,22101095,46,0,Opponent,1610612761,Toronto Raptors,1,7,47,Made Shot,Jump Shot,,Right Corner 3,Right Side(R),24+ ft.,23,235,-2,1,1,20220324,TOR,CLE,2210109546,|1627783|1627832|1628384|1630567|203920,1,REG,,,2022,1627832,5.0,PG,Point of Attack,0.9,Okoro 24' 3PT Jump Shot (3 PTS) (Mobley 1 AST),,,,CLE,1610612739.0,1630596.0
Shot Chart Detail,22101095,50,0,Opponent,1610612761,Toronto Raptors,1,7,20,Missed Shot,Jump Shot,,Right Corner 3,Right Side(R),24+ ft.,22,227,-16,1,0,20220324,TOR,CLE,2210109550,|1627783|1627832|1628384|1630567|203920,0,REG,,,2022,1627783,5.0,PF,Helper,0.72,MISS Markkanen 3PT Jump Shot,,,,CLE,1610612739.0,
Shot Chart Detail,22101095,59,0,Opponent,1610612761,Toronto Raptors,1,6,25,Missed Shot,Step Back Jump shot,,Left Corner 3,Left Side(L),24+ ft.,22,-224,16,1,0,20220324,TOR,CLE,2210109559,|1627783|1627832|1628384|1630567|203920,0,REG,,,2022,1627783,5.0,PF,Helper,0.72,MISS Garland 3PT Step Back Jump Shot,,,,CLE,1610612739.0,
Shot Chart Detail,22101095,64,0,Opponent,1610612761,Toronto Raptors,1,5,56,Missed Shot,Driving Bank Hook Shot,,In The Paint (Non-RA),Center(C),Less Than 8 ft.,7,27,71,1,0,20220324,TOR,CLE,2210109564,|1627783|1627832|1628384|1630567|203920,0,REG,,,2022,1628384|1630567,2.0,,,,,,,,CLE,1610612739.0,
Shot Chart Detail,22101095,68,0,Opponent,1610612761,Toronto Raptors,1,5,29,Missed Shot,Jump Shot,,Above the Break 3,Left Side Center(LC),24+ ft.,24,-211,131,1,0,20220324,TOR,CLE,2210109568,|1627783|1627832|1628384|1630567|203920,0,REG,,,2022,1630567,0.0,PF,Helper,0.63,MISS Okoro 25' 3PT Jump Shot,,,,CLE,1610612739.0,
Shot Chart Detail,22101095,72,0,Opponent,1610612761,Toronto Raptors,1,5,13,Made Shot,Cutting Layup Shot,,Restricted Area,Center(C),Less Than 8 ft.,1,0,16,1,1,20220324,TOR,CLE,2210109572,|1627783|1627832|1628384|1630567|203920,1,REG,,,2022,1628384,2.0,SF,Wing Stopper,1.03,Markkanen 2' Cutting Layup Shot (2 PTS) (Garland 3 AST),,,,CLE,1610612739.0,1629636.0
Shot Chart Detail,22101095,87,0,Opponent,1610612761,Toronto Raptors,1,4,37,Made Shot,Driving Floating Jump Shot,,Restricted Area,Center(C),Less Than 8 ft.,3,7,30,1,1,20220324,TOR,CLE,2210109587,|1627783|1627832|1628449|1629717|1630173,1,REG,,,2022,1630173,4.0,C,Mobile Big,0.24,Markkanen 3' Driving Floating Jump Shot (4 PTS) (Garland 4 AST),,,,CLE,1610612739.0,1629636.0
Shot Chart Detail,22101095,94,0,Opponent,1610612761,Toronto Raptors,1,4,1,Missed Shot,Driving Floating Jump Shot,,In The Paint (Non-RA),Center(C),Less Than 8 ft.,7,40,63,1,0,20220324,TOR,CLE,2210109594,|1627783|1627832|1628449|1629717|1630173,0,REG,,,2022,1628449,2.0,SF,Helper,0.4,MISS Stevens 7' Driving Floating Jump Shot,,,,CLE,1610612739.0,
Shot Chart Detail,22101095,101,0,Opponent,1610612761,Toronto Raptors,1,3,13,Missed Shot,Driving Finger Roll Layup Shot,,In The Paint (Non-RA),Center(C),Less Than 8 ft.,6,65,14,1,0,20220324,TOR,CLE,22101095101,|1627783|1627832|1628449|1629717|1630173,0,REG,,,2022,1627832|1628449,0.0,,,,,,,,CLE,1610612739.0,
Shot Chart Detail,22101095,112,0,Opponent,1610612761,Toronto Raptors,1,2,46,Missed Shot,Driving Floating Bank Jump Shot,,Mid-Range,Right Side(R),8-16 ft.,10,91,42,1,0,20220324,TOR,CLE,22101095112,|1627783|1628449|1629717|1630173|1630567,0,REG,,,2022,1630173,-2.0,C,Mobile Big,0.24,MISS Garland 10' Driving Floating Bank Jump Shot,,,,CLE,1610612739.0,
Shot Chart Detail,22101095,122,0,Opponent,1610612761,Toronto Raptors,1,2,3,Missed Shot,Turnaround Jump Shot,,In The Paint (Non-RA),Center(C),Less Than 8 ft.,7,49,58,1,0,20220324,TOR,CLE,22101095122,|1627783|1628449|1629717|1630173|1630567,0,REG,,,2022,1630173,-6.0,C,Mobile Big,0.24,MISS Mobley 8' Turnaround Jump Shot,,,,CLE,1610612739.0,
Shot Chart Detail,22101095,128,0,Opponent,1610612761,Toronto Raptors,1,3,16,Missed Shot,Driving Layup Shot,,In The Paint (Non-RA),Center(C),Less Than 8 ft.,6,61,26,1,0,20220324,TOR,CLE,22101095128,|1627783|1627832|1628449|1629717|1630173,0,REG,,,2022,1628449,0.0,SF,Helper,0.4,VanVleet BLOCK (1 BLK),,,,CLE,1610612739.0,
Shot Chart Detail,22101095,135,0,Opponent,1610612761,Toronto Raptors,1,1,17,Missed Shot,Driving Floating Jump Shot,,Mid-Range,Right Side(R),8-16 ft.,9,91,41,1,0,20220324,TOR,CLE,22101095135,|1627783|1628449|1629717|1630173|1630567,0,REG,,,2022,1630173|1628449,-6.0,,,,,,,,CLE,1610612739.0,
Shot Chart Detail,22101095,138,0,Opponent,1610612761,Toronto Raptors,1,1,14,Missed Shot,Jump Shot,,Right Corner 3,Right Side(R),24+ ft.,23,232,25,1,0,20220324,TOR,CLE,22101095138,|1627783|1628449|1629717|1630173|1630567,0,REG,,,2022,1628449,-6.0,SF,Helper,0.4,MISS Love 3PT Jump Shot,,,,CLE,1610612739.0,
Shot Chart Detail,22101095,152,0,Opponent,1610612761,Toronto Raptors,1,0,21,Made Shot,Turnaround Jump Shot,,In The Paint (Non-RA),Center(C),8-16 ft.,12,17,121,1,1,20220324,TOR,CLE,22101095152,|1627783|1628449|1629717|1630173|1630567,1,REG,,,2022,1628449,-8.0,SF,Helper,0.4,Stevens 12' Turnaround Jump Shot (2 PTS) (Love 1 AST),,,,CLE,1610612739.0,201567.0
Shot Chart Detail,22101095,164,0,Opponent,1610612761,Toronto Raptors,2,11,24,Made Shot,Cutting Dunk Shot,,Restricted Area,Center(C),Less Than 8 ft.,2,0,27,1,1,20220324,TOR,CLE,22101095164,|1628449|1629717|1630173|1630567|201152,1,REG,,,2022,201152|1628449,-9.0,,,,,,,,CLE,1610612739.0,201567.0
Shot Chart Detail,22101095,167,0,Opponent,1610612761,Toronto Raptors,2,10,51,Missed Shot,Jump Shot,,Left Corner 3,Left Side(L),24+ ft.,22,-225,25,1,0,20220324,TOR,CLE,22101095167,|1628449|1629717|1630173|1630567|201152,0,REG,,,2022,1630567,-9.0,PF,Helper,0.63,MISS LeVert 3PT Jump Shot,,,,CLE,1610612739.0,
Shot Chart Detail,22101095,173,0,Opponent,1610612761,Toronto Raptors,2,10,34,Missed Shot,Driving Finger Roll Layup Shot,,Restricted Area,Center(C),Less Than 8 ft.,2,-5,20,1,0,20220324,TOR,CLE,22101095173,|1628449|1629717|1630173|1630567|201152,0,REG,,,2022,1630567|1629717,-9.0,,,,,,,,CLE,1610612739.0,
Shot Chart Detail,22101095,176,0,Opponent,1610612761,Toronto Raptors,2,10,32,Made Shot,Putback Layup Shot,,Restricted Area,Center(C),Less Than 8 ft.,3,-4,31,1,1,20220324,TOR,CLE,22101095176,|1628449|1629717|1630173|1630567|201152,0,REG,,,2022,1630173,-7.0,C,Mobile Big,0.24,Osman 3' Putback Layup (2 PTS),,,,CLE,1610612739.0,
Shot Chart Detail,22101095,186,0,Opponent,1610612761,Toronto Raptors,2,10,6,Made Shot,Jump Shot,,Above the Break 3,Left Side Center(LC),24+ ft.,26,-114,239,1,1,20220324,TOR,CLE,22101095186,|1628449|1629717|1630173|1630567|201152,1,REG,,,2022,1628449,-5.0,SF,Helper,0.4,LeVert 26' 3PT Jump Shot (3 PTS) (Markkanen 1 AST),,,,CLE,1610612739.0,1628374.0
Shot Chart Detail,22101095,203,0,Opponent,1610612761,Toronto Raptors,2,8,29,Missed Shot,Jump Shot,,Right Corner 3,Right Side(R),24+ ft.,23,234,16,1,0,20220324,TOR,CLE,22101095203,|1627832|1628449|1630173|1630567|201152,0,REG,,,2022,201152,-5.0,PF,Helper,0.84,MISS Osman 3PT Jump Shot,,,,CLE,1610612739.0,
Shot Chart Detail,22101095,222,0,Opponent,1610612761,Toronto Raptors,2,7,20,Made Shot,Fadeaway Jump Shot,,In The Paint (Non-RA),Center(C),8-16 ft.,13,-45,126,1,1,20220324,TOR,CLE,22101095222,|1627832|1628384|1628449|1630567|201152,0,REG,,,2022,1628384|201152,-4.0,,,,,,,,CLE,1610612739.0,
Shot Chart Detail,22101095,226,0,Opponent,1610612761,Toronto Raptors,2,6,53,Missed Shot,Jump Shot,,Left Corner 3,Left Side(L),24+ ft.,23,-239,10,1,0,20220324,TOR,CLE,22101095226,|1627832|1628384|1628449|1630567|201152,0,REG,,,2022,201152,-7.0,PF,Helper,0.84,MISS Love 24' 3PT Jump Shot,,,,CLE,1610612739.0,
Shot Chart Detail,22101095,231,0,Opponent,1610612761,Toronto Raptors,2,6,27,Made Shot,Jump Shot,,Right Corner 3,Right Side(R),24+ ft.,23,230,4,1,1,20220324,TOR,CLE,22101095231,|1627832|1628384|1628449|1630567|201152,1,REG,,,2022,201152,-6.0,PF,Helper,0.84,Okoro 3PT Jump Shot (6 PTS) (Garland 5 AST),,,,CLE,1610612739.0,1629636.0
Shot Chart Detail,22101095,257,0,Opponent,1610612761,Toronto Raptors,2,4,55,Missed Shot,Cutting Finger Roll Layup Shot,,Restricted Area,Center(C),Less Than 8 ft.,3,16,26,1,0,20220324,TOR,CLE,22101095257,|1627783|1627832|1628384|1628449|201152,0,REG,,,2022,1627832,-10.0,PG,Point of Attack,0.9,MISS Garland 3' Cutting Finger Roll Layup Shot,,,,CLE,1610612739.0,
Shot Chart Detail,22101095,262,0,Opponent,1610612761,Toronto Raptors,2,4,24,Missed Shot,Jump Shot,,Above the Break 3,Right Side Center(RC),24+ ft.,25,132,221,1,0,20220324,TOR,CLE,22101095262,|1627783|1627832|1628384|1628449|201152,0,REG,,,2022,1627832,-12.0,PG,Point of Attack,0.9,MISS Osman 26' 3PT Jump Shot,,,,CLE,1610612739.0,
Shot Chart Detail,22101095,264,0,Opponent,1610612761,Toronto Raptors,2,4,12,Made Shot,Jump Shot,,Mid-Range,Left Side(L),16-24 ft.,21,-219,3,1,1,20220324,TOR,CLE,22101095264,|1627783|1627832|1628384|1628449|201152,1,REG,,,2022,1627832,-9.0,PG,Point of Attack,0.9,Markkanen 3PT Jump Shot (12 PTS) (Okoro 1 AST),,,,CLE,1610612739.0,1630171.0
Shot Chart Detail,22101095,268,0,Opponent,1610612761,Toronto Raptors,2,3,28,Made Shot,Floating Jump shot,,In The Paint (Non-RA),Center(C),8-16 ft.,10,10,105,1,1,20220324,TOR,CLE,22101095268,|1627783|1627832|1628384|1628449|201152,0,REG,,,2022,1628384,-9.0,SF,Wing Stopper,1.03,Garland 11' Floating Jump Shot (5 PTS),,,,CLE,1610612739.0,
Shot Chart Detail,22101095,279,0,Opponent,1610612761,Toronto Raptors,2,2,57,Made Shot,Jump Shot,,Mid-Range,Left Side(L),16-24 ft.,21,-219,15,1,1,20220324,TOR,CLE,22101095279,|1627783|1627832|1628384|1628449|1630567,1,REG,,,2022,1627832,-8.0,PG,Point of Attack,0.9,Stevens 3PT Jump Shot (5 PTS) (Garland 6 AST),,,,CLE,1610612739.0,1629636.0
Shot Chart Detail,22101095,295,0,Opponent,1610612761,Toronto Raptors,2,1,27,Made Shot,Cutting Dunk Shot,,Restricted Area,Center(C),Less Than 8 ft.,2,-2,22,1,1,20220324,TOR,CLE,22101095295,|1627783|1627832|1628384|1628449|1630567,1,REG,,,2022,1630567,-12.0,PF,Helper,0.63,Stevens 2' Cutting Dunk Shot (9 PTS) (Osman 1 AST),,,,CLE,1610612739.0,1626224.0
Shot Chart Detail,22101095,303,0,Opponent,1610612761,Toronto Raptors,2,0,52,Missed Shot,Running Layup Shot,,Restricted Area,Center(C),Less Than 8 ft.,3,22,22,1,0,20220324,TOR,CLE,22101095303,|1627783|1627832|1628384|1628449|1630567,0,REG,,,2022,1630567,-12.0,PF,Helper,0.63,MISS Osman 3' Running Layup,,,,CLE,1610612739.0,
Shot Chart Detail,22101095,305,0,Opponent,1610612761,Toronto Raptors,2,0,50,Made Shot,Tip Dunk Shot,,Restricted Area,Center(C),Less Than 8 ft.,0,0,0,1,1,20220324,TOR,CLE,22101095305,|1627783|1627832|1628384|1628449|1630567,0,REG,,,2022,,,,,,,,,,CLE,1610612739.0,
Shot Chart Detail,22101095,309,0,Opponent,1610612761,Toronto Raptors,2,0,10,Missed Shot,Jump Shot,,Above the Break 3,Right Side Center(RC),24+ ft.,25,162,199,1,0,20220324,TOR,CLE,22101095309,|1627783|1627832|1628384|1628449|1630567,0,REG,,,2022,1628384,-10.0,SF,Wing Stopper,1.03,MISS Osman 26' 3PT Jump Shot,,,,CLE,1610612739.0,
Shot Chart Detail,22101095,326,0,Opponent,1610612761,Toronto Raptors,3,11,18,Missed Shot,Driving Reverse Layup Shot,,Restricted Area,Center(C),Less Than 8 ft.,1,15,10,1,0,20220324,TOR,CLE,22101095326,|1627783|1627832|1628384|1630567|203920,0,REG,,,2022,203920,-12.0,C,Mobile Big,0.63,MISS Okoro 2' Driving Reverse Layup,,,,CLE,1610612739.0,
Shot Chart Detail,22101095,330,0,Opponent,1610612761,Toronto Raptors,3,11,1,Made Shot,Driving Finger Roll Layup Shot,,Restricted Area,Center(C),Less Than 8 ft.,1,-6,11,1,1,20220324,TOR,CLE,22101095330,|1627783|1627832|1628384|1630567|203920,0,REG,,,2022,203920,-10.0,C,Mobile Big,0.63,Mobley 1' Driving Finger Roll Layup (5 PTS),,,,CLE,1610612739.0,
Shot Chart Detail,22101095,335,0,Opponent,1610612761,Toronto Raptors,3,10,15,Missed Shot,Jump Shot,,Above the Break 3,Left Side Center(LC),24+ ft.,26,-104,246,1,0,20220324,TOR,CLE,22101095335,|1627783|1627832|1628384|1630567|203920,0,REG,,,2022,1628384,-13.0,SF,Wing Stopper,1.03,MISS Markkanen 27' 3PT Jump Shot,,,,CLE,1610612739.0,
Shot Chart Detail,22101095,343,0,Opponent,1610612761,Toronto Raptors,3,9,41,Missed Shot,Jump Shot,,Above the Break 3,Right Side Center(RC),24+ ft.,25,162,195,1,0,20220324,TOR,CLE,22101095343,|1627783|1627832|1628384|1630567|203920,0,REG,,,2022,1627832,-13.0,PG,Point of Attack,0.9,MISS Garland 25' 3PT Jump Shot,,,,CLE,1610612739.0,
Shot Chart Detail,22101095,347,0,Opponent,1610612761,Toronto Raptors,3,9,22,Made Shot,Running Finger Roll Layup Shot,,Restricted Area,Center(C),Less Than 8 ft.,1,11,2,1,1,20220324,TOR,CLE,22101095347,|1627783|1627832|1628384|1630567|203920,0,REG,,,2022,1627832,-11.0,PG,Point of Attack,0.9,Garland 1' Running Finger Roll Layup (7 PTS),,,,CLE,1610612739.0,
Shot Chart Detail,22101095,350,0,Opponent,1610612761,Toronto Raptors,3,8,54,Made Shot,Driving Layup Shot,,Restricted Area,Center(C),Less Than 8 ft.,1,-13,10,1,1,20220324,TOR,CLE,22101095350,|1627783|1627832|1628384|1630567|203920,0,REG,,,2022,1627832,-12.0,PG,Point of Attack,0.9,Garland 2' Driving Layup (9 PTS),,,,CLE,1610612739.0,
Shot Chart Detail,22101095,356,0,Opponent,1610612761,Toronto Raptors,3,8,16,Made Shot,Running Finger Roll Layup Shot,,Restricted Area,Center(C),Less Than 8 ft.,2,-7,29,1,1,20220324,TOR,CLE,22101095356,|1627783|1627832|1628384|1630567|203920,1,REG,,,2022,1627832|1628384,-10.0,,,,,,,,CLE,1610612739.0,1630171.0
Shot Chart Detail,22101095,359,0,Opponent,1610612761,Toronto Raptors,3,7,41,Missed Shot,Driving Finger Roll Layup Shot,,In The Paint (Non-RA),Center(C),Less Than 8 ft.,4,-34,31,1,0,20220324,TOR,CLE,22101095359,|1627783|1627832|1628384|1630567|203920,0,REG,,,2022,203920,-12.0,C,Mobile Big,0.63,MISS Garland 5' Driving Finger Roll Layup,,,,CLE,1610612739.0,
Shot Chart Detail,22101095,361,0,Opponent,1610612761,Toronto Raptors,3,7,37,Made Shot,Tip Layup Shot,,Restricted Area,Center(C),Less Than 8 ft.,0,0,0,1,1,20220324,TOR,CLE,22101095361,|1627783|1627832|1628384|1630567|203920,0,REG,,,2022,1627832|1630567,-10.0,,,,,,,,CLE,1610612739.0,
Shot Chart Detail,22101095,367,0,Opponent,1610612761,Toronto Raptors,3,7,5,Made Shot,Cutting Finger Roll Layup Shot,,Restricted Area,Center(C),Less Than 8 ft.,2,20,5,1,1,20220324,TOR,CLE,22101095367,|1627783|1627832|1628384|1630567|203920,1,REG,,,2022,1627832,-8.0,PG,Point of Attack,0.9,Garland 2' Cutting Finger Roll Layup Shot (11 PTS) (Love 3 AST),,,,CLE,1610612739.0,201567.0
Shot Chart Detail,22101095,371,0,Opponent,1610612761,Toronto Raptors,3,6,28,Made Shot,Jump Shot,,Above the Break 3,Left Side Center(LC),24+ ft.,25,-145,204,1,1,20220324,TOR,CLE,22101095371,|1627783|1627832|1628384|1630567|203920,1,REG,,,2022,203920,-8.0,C,Mobile Big,0.63,Love 25' 3PT Jump Shot (9 PTS) (Okoro 3 AST),,,,CLE,1610612739.0,1630171.0
Shot Chart Detail,22101095,388,0,Opponent,1610612761,Toronto Raptors,3,5,18,Made Shot,Driving Layup Shot,,Restricted Area,Center(C),Less Than 8 ft.,2,-10,18,1,1,20220324,TOR,CLE,22101095388,|1627783|1627832|1628384|1628449|1630567,1,REG,,,2022,1628449,-9.0,SF,Helper,0.4,Stevens 2' Driving Layup (11 PTS) (Garland 7 AST),,,,CLE,1610612739.0,1629636.0
Shot Chart Detail,22101095,395,0,Opponent,1610612761,Toronto Raptors,3,4,47,Made Shot,Step Back Jump shot,,Right Corner 3,Right Side(R),24+ ft.,22,229,-1,1,1,20220324,TOR,CLE,22101095395,|1627783|1627832|1628449|1630173|1630567,1,REG,,,2022,1627783,-6.0,PF,Helper,0.72,Garland 3PT Step Back Jump Shot (14 PTS) (Stevens 1 AST),,,,CLE,1610612739.0,1630205.0
Shot Chart Detail,22101095,414,0,Opponent,1610612761,Toronto Raptors,3,3,29,Missed Shot,Jump Shot,,Left Corner 3,Left Side(L),24+ ft.,22,-225,15,1,0,20220324,TOR,CLE,22101095414,|1627783|1627832|1628449|1630173|1630567,0,REG,,,2022,1630567,-5.0,PF,Helper,0.63,MISS Stevens 3PT Jump Shot,,,,CLE,1610612739.0,
Shot Chart Detail,22101095,425,0,Opponent,1610612761,Toronto Raptors,3,2,45,Missed Shot,Driving Layup Shot,,Restricted Area,Center(C),Less Than 8 ft.,2,-7,22,1,0,20220324,TOR,CLE,22101095425,|1627783|1628449|1629717|1630173|1630567,0,REG,,,2022,1627783|1628449,-7.0,,,,,,,,CLE,1610612739.0,
Shot Chart Detail,22101095,427,0,Opponent,1610612761,Toronto Raptors,3,2,39,Made Shot,Driving Dunk Shot,,Restricted Area,Center(C),Less Than 8 ft.,0,4,7,1,1,20220324,TOR,CLE,22101095427,|1627783|1628449|1629717|1630173|1630567,1,REG,,,2022,1628449,-5.0,SF,Helper,0.4,Mobley 1' Driving Dunk (7 PTS) (Garland 8 AST),,,,CLE,1610612739.0,1629636.0
Shot Chart Detail,22101095,446,0,Opponent,1610612761,Toronto Raptors,3,1,49,Missed Shot,Running Layup Shot,,Restricted Area,Center(C),Less Than 8 ft.,2,18,16,1,0,20220324,TOR,CLE,22101095446,|1627783|1628449|1629717|1630173|1630567,0,REG,,,2022,1630567|1629717,-6.0,,,,,,,,CLE,1610612739.0,
Shot Chart Detail,22101095,457,0,Opponent,1610612761,Toronto Raptors,3,1,11,Made Shot,Jump Shot,,Above the Break 3,Center(C),24+ ft.,25,62,243,1,1,20220324,TOR,CLE,22101095457,|1627832|1628449|1629717|1630173|1630567,1,REG,,,2022,1630567,-6.0,PF,Helper,0.63,LeVert 25' 3PT Jump Shot (8 PTS) (Stevens 2 AST),,,,CLE,1610612739.0,1630205.0
Shot Chart Detail,22101095,483,0,Opponent,1610612761,Toronto Raptors,4,11,44,Missed Shot,Cutting Layup Shot,,Restricted Area,Center(C),Less Than 8 ft.,1,-13,8,1,0,20220324,TOR,CLE,22101095483,|1627832|1628449|1629717|1630173|201152,0,REG,,,2022,1629717,-8.0,SG-PG,Low Activity,-0.97,MISS Okoro 2' Cutting Layup Shot,,,,CLE,1610612739.0,
Shot Chart Detail,22101095,486,0,Opponent,1610612761,Toronto Raptors,4,11,8,Missed Shot,Pullup Jump shot,,In The Paint (Non-RA),Center(C),8-16 ft.,11,15,116,1,0,20220324,TOR,CLE,22101095486,|1627832|1628449|1629717|1630173|201152,0,REG,,,2022,201152,-10.0,PF,Helper,0.84,MISS LeVert 12' Pullup Jump Shot,,,,CLE,1610612739.0,
Shot Chart Detail,22101095,488,0,Opponent,1610612761,Toronto Raptors,4,11,1,Made Shot,Jump Shot,,Above the Break 3,Left Side Center(LC),24+ ft.,25,-150,204,1,1,20220324,TOR,CLE,22101095488,|1627832|1628449|1629717|1630173|201152,1,REG,,,2022,,,,,,,,,,CLE,1610612739.0,1630171.0
Shot Chart Detail,22101095,495,0,Opponent,1610612761,Toronto Raptors,4,10,37,Missed Shot,Running Layup Shot,,In The Paint (Non-RA),Center(C),Less Than 8 ft.,5,-49,-24,1,0,20220324,TOR,CLE,22101095495,|1627832|1628449|1629717|1630173|201152,0,REG,,,2022,1627832,-7.0,PG,Point of Attack,0.9,VanVleet BLOCK (2 BLK),,,,CLE,1610612739.0,
Shot Chart Detail,22101095,499,0,Opponent,1610612761,Toronto Raptors,4,10,28,Missed Shot,Driving Finger Roll Layup Shot,,Restricted Area,Center(C),Less Than 8 ft.,1,15,8,1,0,20220324,TOR,CLE,22101095499,|1627832|1628449|1629717|1630173|201152,0,REG,,,2022,201152,-7.0,PF,Helper,0.84,MISS Okoro 2' Driving Finger Roll Layup,,,,CLE,1610612739.0,
Shot Chart Detail,22101095,503,0,Opponent,1610612761,Toronto Raptors,4,9,44,Made Shot,Jump Shot,,Above the Break 3,Right Side Center(RC),24+ ft.,24,151,199,1,1,20220324,TOR,CLE,22101095503,|1627832|1628449|1629717|1630173|201152,1,REG,,,2022,1629717,-7.0,SG-PG,Low Activity,-0.97,Stevens 25' 3PT Jump Shot (16 PTS) (LeVert 1 AST),,,,CLE,1610612739.0,1627747.0
Shot Chart Detail,22101095,512,0,Opponent,1610612761,Toronto Raptors,4,8,52,Missed Shot,Driving Floating Jump Shot,,In The Paint (Non-RA),Left Side(L),8-16 ft.,10,-77,64,1,0,20220324,TOR,CLE,22101095512,|1627832|1628449|1629717|1630173|201152,0,REG,,,2022,201152,-10.0,PF,Helper,0.84,MISS Garland 10' Driving Floating Jump Shot,,,,CLE,1610612739.0,
Shot Chart Detail,22101095,514,0,Opponent,1610612761,Toronto Raptors,4,8,44,Missed Shot,Driving Floating Jump Shot,,In The Paint (Non-RA),Center(C),Less Than 8 ft.,6,17,58,1,0,20220324,TOR,CLE,22101095514,|1627832|1628449|1629717|1630173|201152,0,REG,,,2022,1630173|1628449,-10.0,,,,,,,,CLE,1610612739.0,
Shot Chart Detail,22101095,519,0,Opponent,1610612761,Toronto Raptors,4,8,8,Missed Shot,Jump Shot,,Above the Break 3,Right Side Center(RC),24+ ft.,24,143,204,1,0,20220324,TOR,CLE,22101095519,|1627832|1628449|1629717|1630173|201152,0,REG,,,2022,,,,,,,,,,CLE,1610612739.0,
Shot Chart Detail,22101095,527,0,Opponent,1610612761,Toronto Raptors,4,7,27,Made Shot,Cutting Layup Shot,,Restricted Area,Center(C),Less Than 8 ft.,2,-7,20,1,1,20220324,TOR,CLE,22101095527,|1627832|1628449|1629717|1630173|201152,1,REG,,,2022,201152|1628449,-11.0,,,,,,,,CLE,1610612739.0,201567.0
Shot Chart Detail,22101095,530,0,Opponent,1610612761,Toronto Raptors,4,6,52,Made Shot,Jump Shot,,Above the Break 3,Right Side Center(RC),24+ ft.,24,211,117,1,1,20220324,TOR,CLE,22101095530,|1627832|1628449|1629717|1630173|201152,1,REG,,,2022,1629717,-10.0,SG-PG,Low Activity,-0.97,Markkanen 24' 3PT Jump Shot (17 PTS) (Garland 9 AST),,,,CLE,1610612739.0,1629636.0
Shot Chart Detail,22101095,537,0,Opponent,1610612761,Toronto Raptors,4,5,54,Made Shot,Driving Floating Jump Shot,,Mid-Range,Left Side(L),8-16 ft.,8,-82,34,1,1,20220324,TOR,CLE,22101095537,|1627832|1628449|1629717|1630173|201152,0,REG,,,2022,1627832|1628449,-12.0,,,,,,,,CLE,1610612739.0,
Shot Chart Detail,22101095,540,0,Opponent,1610612761,Toronto Raptors,4,5,35,Missed Shot,Running Jump Shot,,In The Paint (Non-RA),Right Side(R),8-16 ft.,10,58,92,1,0,20220324,TOR,CLE,22101095540,|1627832|1628449|1629717|1630173|201152,0,REG,,,2022,1628449,-12.0,SF,Helper,0.4,MISS Garland 11' Running Jump Shot,,,,CLE,1610612739.0,
Shot Chart Detail,22101095,562,0,Opponent,1610612761,Toronto Raptors,4,4,21,Made Shot,Hook Bank Shot,,Restricted Area,Center(C),Less Than 8 ft.,1,18,2,1,1,20220324,TOR,CLE,22101095562,|1627783|1627832|1628384|1628449|1630567,1,REG,,,2022,1630567|1628449,-8.0,,,,,,,,CLE,1610612739.0,1629636.0
Shot Chart Detail,22101095,566,0,Opponent,1610612761,Toronto Raptors,4,3,42,Missed Shot,Jump Bank Shot,,Left Corner 3,Left Side(L),24+ ft.,22,-228,21,1,0,20220324,TOR,CLE,22101095566,|1627783|1627832|1628384|1628449|1630567,0,REG,,,2022,1627832,-10.0,PG,Point of Attack,0.9,MISS Garland 3PT Jump Bank Shot,,,,CLE,1610612739.0,
Shot Chart Detail,22101095,570,0,Opponent,1610612761,Toronto Raptors,4,3,14,Missed Shot,Jump Shot,,Above the Break 3,Right Side Center(RC),24+ ft.,24,196,139,1,0,20220324,TOR,CLE,22101095570,|1627783|1627832|1628384|1628449|1630567,0,REG,,,2022,1630567,-12.0,PF,Helper,0.63,MISS Markkanen 24' 3PT Jump Shot,,,,CLE,1610612739.0,
Shot Chart Detail,22101095,583,0,Opponent,1610612761,Toronto Raptors,4,2,9,Made Shot,Step Back Jump shot,,Above the Break 3,Left Side Center(LC),24+ ft.,24,-184,162,1,1,20220324,TOR,CLE,22101095583,|1627783|1627832|1628384|1628449|1630567,0,REG,,,2022,1628384,-11.0,SF,Wing Stopper,1.03,LeVert 25' 3PT Step Back Jump Shot (11 PTS),,,,CLE,1610612739.0,
Shot Chart Detail,22101095,611,0,Opponent,1610612761,Toronto Raptors,4,1,20,Missed Shot,Pullup Jump shot,,Mid-Range,Center(C),16-24 ft.,18,-20,183,1,0,20220324,TOR,CLE,22101095611,|1629004|1629139|1629717|1630173|1630625,0,REG,,,2022,1629717,-15.0,SG-PG,Low Activity,-0.97,MISS Nembhard Jr. 18' Pullup Jump Shot,,,,CLE,1610612739.0,
Shot Chart Detail,22101095,614,0,Opponent,1610612761,Toronto Raptors,4,0,56,Made Shot,Driving Finger Roll Layup Shot,,Restricted Area,Center(C),Less Than 8 ft.,2,1,28,1,1,20220324,TOR,CLE,22101095614,|1629004|1629139|1629717|1630173|1630625,0,REG,,,2022,1630625,-15.0,PG,Chaser,0.27,Goodwin 3' Driving Finger Roll Layup (2 PTS),,,,CLE,1610612739.0,
Shot Chart Detail,22101095,621,0,Opponent,1610612761,Toronto Raptors,4,0,31,Made Shot,Driving Finger Roll Layup Shot,,Restricted Area,Center(C),Less Than 8 ft.,3,6,37,1,1,20220324,TOR,CLE,22101095621,|1629004|1629139|1629717|1630173|1630625,0,REG,,,2022,1629004|1629139,-14.0,,,,,,,,CLE,1610612739.0,
Shot Chart Detail,22101109,7,0,Opponent,1610612761,Toronto Raptors,1,11,36,Missed Shot,Step Back Jump shot,,Above the Break 3,Left Side Center(LC),24+ ft.,25,-159,198,1,0,20220326,TOR,IND,221011097,|1627783|1627832|1628384|1630567|203920,0,REG,,,2022,1630567,0.0,PF,Helper,0.63,MISS Hield 25' 3PT Step Back Jump Shot,,,,IND,1610612754.0,
Shot Chart Detail,22101109,15,0,Opponent,1610612761,Toronto Raptors,1,10,43,Made Shot,Driving Floating Jump Shot,,In The Paint (Non-RA),Center(C),Less Than 8 ft.,5,13,58,1,1,20220326,TOR,IND,2210110915,|1627783|1627832|1628384|1630567|203920,1,REG,,,2022,1627783,0.0,PF,Helper,0.72,Brissett 6' Driving Floating Jump Shot (2 PTS) (Hield 1 AST),,,,IND,1610612754.0,1627741.0
Shot Chart Detail,22101109,26,0,Opponent,1610612761,Toronto Raptors,1,9,47,Missed Shot,Pullup Jump shot,,Above the Break 3,Right Side Center(RC),24+ ft.,26,86,247,1,0,20220326,TOR,IND,2210110926,|1627783|1627832|1628384|1630567|203920,0,REG,,,2022,203920,-4.0,C,Mobile Big,0.63,MISS Brissett 26' 3PT Pullup Jump Shot,,,,IND,1610612754.0,
Shot Chart Detail,22101109,31,0,Opponent,1610612761,Toronto Raptors,1,9,11,Made Shot,Pullup Jump shot,,Mid-Range,Left Side(L),8-16 ft.,14,-146,-7,1,1,20220326,TOR,IND,2210110931,|1627783|1627832|1628384|1630567|203920,1,REG,,,2022,1627832,-2.0,PG,Point of Attack,0.9,Haliburton 15' Pullup Jump Shot (2 PTS) (Anderson 1 AST),,,,IND,1610612754.0,1626147.0
Shot Chart Detail,22101109,37,0,Opponent,1610612761,Toronto Raptors,1,8,43,Made Shot,Running Layup Shot,,Restricted Area,Center(C),Less Than 8 ft.,3,9,37,1,1,20220326,TOR,IND,2210110937,|1627783|1627832|1628384|1630567|203920,0,REG,,,2022,203920|1627832,0.0,,,,,,,,IND,1610612754.0,
Shot Chart Detail,22101109,39,0,Opponent,1610612761,Toronto Raptors,1,8,23,Missed Shot,Fadeaway Jump Shot,,Mid-Range,Center(C),16-24 ft.,16,26,162,1,0,20220326,TOR,IND,2210110939,|1627783|1627832|1628384|1630567|203920,0,REG,,,2022,203920|1627832,0.0,,,,,,,,IND,1610612754.0,
Shot Chart Detail,22101109,44,0,Opponent,1610612761,Toronto Raptors,1,8,1,Missed Shot,Jump Shot,,Above the Break 3,Center(C),24+ ft.,26,16,261,1,0,20220326,TOR,IND,2210110944,|1627783|1627832|1628384|1630567|203920,0,REG,,,2022,203920,-2.0,C,Mobile Big,0.63,MISS Smith 26' 3PT Jump Shot,,,,IND,1610612754.0,
Shot Chart Detail,22101109,48,0,Opponent,1610612761,Toronto Raptors,1,7,43,Missed Shot,Jump Shot,,Right Corner 3,Right Side(R),24+ ft.,23,230,24,1,0,20220326,TOR,IND,2210110948,|1627783|1627832|1628384|1630567|203920,0,REG,,,2022,1628384,-2.0,SF,Wing Stopper,1.03,MISS Anderson 3PT Jump Shot,,,,IND,1610612754.0,
Shot Chart Detail,22101109,58,0,Opponent,1610612761,Toronto Raptors,1,7,17,Made Shot,Cutting Finger Roll Layup Shot,,Restricted Area,Center(C),Less Than 8 ft.,3,2,31,1,1,20220326,TOR,IND,2210110958,|1627783|1627832|1628384|1630567|203920,1,REG,,,2022,1627783,-1.0,PF,Helper,0.72,Brissett 3' Cutting Finger Roll Layup Shot (7 PTS) (Haliburton 1 AST),,,,IND,1610612754.0,1630169.0
Shot Chart Detail,22101109,61,0,Opponent,1610612761,Toronto Raptors,1,6,48,Made Shot,Cutting Layup Shot,,Restricted Area,Center(C),Less Than 8 ft.,2,-5,29,1,1,20220326,TOR,IND,2210110961,|1627783|1627832|1628384|1630567|203920,1,REG,,,2022,203920,-1.0,C,Mobile Big,0.63,Brissett 3' Cutting Layup Shot (9 PTS) (Haliburton 2 AST),,,,IND,1610612754.0,1630169.0
Shot Chart Detail,22101109,65,0,Opponent,1610612761,Toronto Raptors,1,6,26,Made Shot,Jump Shot,,Above the Break 3,Left Side Center(LC),24+ ft.,25,-190,172,1,1,20220326,TOR,IND,2210110965,|1627783|1627832|1628384|1630567|203920,1,REG,,,2022,1628384,0.0,SF,Wing Stopper,1.03,Hield 26' 3PT Jump Shot (3 PTS) (Haliburton 3 AST),,,,IND,1610612754.0,1630169.0
Shot Chart Detail,22101109,69,0,Opponent,1610612761,Toronto Raptors,1,5,55,Missed Shot,Driving Layup Shot,,In The Paint (Non-RA),Center(C),Less Than 8 ft.,4,9,46,1,0,20220326,TOR,IND,2210110969,|1627783|1627832|1628384|1630567|203920,0,REG,,,2022,1627783,-2.0,PF,Helper,0.72,Barnes BLOCK (1 BLK),,,,IND,1610612754.0,
Shot Chart Detail,22101109,83,0,Opponent,1610612761,Toronto Raptors,1,5,42,Missed Shot,Jump Shot,,Above the Break 3,Right Side Center(RC),24+ ft.,25,190,164,1,0,20220326,TOR,IND,2210110983,|1627783|1627832|1628384|1628449|1630173,0,REG,,,2022,1627832,-2.0,PG,Point of Attack,0.9,MISS Hield 25' 3PT Jump Shot,,,,IND,1610612754.0,
Shot Chart Detail,22101109,86,0,Opponent,1610612761,Toronto Raptors,1,5,10,Made Shot,Driving Layup Shot,,Restricted Area,Center(C),Less Than 8 ft.,2,20,22,1,1,20220326,TOR,IND,2210110986,|1627783|1627832|1628384|1628449|1630173,1,REG,,,2022,1630173|1627832,-2.0,,,,,,,,IND,1610612754.0,1627741.0
Shot Chart Detail,22101109,90,0,Opponent,1610612761,Toronto Raptors,1,4,41,Missed Shot,Jump Shot,,Above the Break 3,Left Side Center(LC),24+ ft.,25,-216,127,1,0,20220326,TOR,IND,2210110990,|1627783|1627832|1628384|1628449|1630173,0,REG,,,2022,1627783,-5.0,PF,Helper,0.72,MISS Stephenson 25' 3PT Jump Shot,,,,IND,1610612754.0,
Shot Chart Detail,22101109,94,0,Opponent,1610612761,Toronto Raptors,1,4,0,Missed Shot,Jump Shot,,Right Corner 3,Right Side(R),24+ ft.,23,232,11,1,0,20220326,TOR,IND,2210110994,|1627783|1627832|1628384|1628449|1630173,0,REG,,,2022,1627832,-8.0,PG,Point of Attack,0.9,MISS Stephenson 3PT Jump Shot,,,,IND,1610612754.0,
Shot Chart Detail,22101109,98,0,Opponent,1610612761,Toronto Raptors,1,3,27,Missed Shot,Jump Shot,,Above the Break 3,Center(C),24+ ft.,25,-54,253,1,0,20220326,TOR,IND,2210110998,|1627783|1627832|1628384|1628449|1630173,0,REG,,,2022,1628449,-8.0,SF,Helper,0.4,MISS Stephenson 26' 3PT Jump Shot,,,,IND,1610612754.0,
Shot Chart Detail,22101109,100,0,Opponent,1610612761,Toronto Raptors,1,3,24,Made Shot,Jump Shot,,Above the Break 3,Left Side Center(LC),24+ ft.,25,-188,169,1,1,20220326,TOR,IND,22101109100,|1627783|1627832|1628384|1628449|1630173,1,REG,,,2022,1630173,-5.0,C,Mobile Big,0.24,Hield 25' 3PT Jump Shot (6 PTS) (Haliburton 4 AST),,,,IND,1610612754.0,1630169.0
Shot Chart Detail,22101109,116,0,Opponent,1610612761,Toronto Raptors,1,2,37,Made Shot,Driving Finger Roll Layup Shot,,Restricted Area,Center(C),Less Than 8 ft.,3,18,31,1,1,20220326,TOR,IND,22101109116,|1627783|1628449|1629717|1630173|1630567,0,REG,,,2022,1630173,-7.0,C,Mobile Big,0.24,Stephenson 4' Driving Finger Roll Layup (2 PTS),,,,IND,1610612754.0,
Shot Chart Detail,22101109,123,0,Opponent,1610612761,Toronto Raptors,1,1,35,Missed Shot,Step Back Jump shot,,Mid-Range,Left Side Center(LC),16-24 ft.,19,-78,177,1,0,20220326,TOR,IND,22101109123,|1627783|1628449|1629717|1630173|1630567,0,REG,,,2022,1630567,-11.0,PF,Helper,0.63,MISS Stephenson 19' Step Back Jump Shot,,,,IND,1610612754.0,
Shot Chart Detail,22101109,127,0,Opponent,1610612761,Toronto Raptors,1,0,54,Missed Shot,Step Back Jump shot,,Mid-Range,Left Side Center(LC),16-24 ft.,18,-104,148,1,0,20220326,TOR,IND,22101109127,|1627783|1628449|1629717|1630173|1630567,0,REG,,,2022,1628449,-14.0,SF,Helper,0.4,MISS Hield 18' Step Back Jump Shot,,,,IND,1610612754.0,
Shot Chart Detail,22101109,131,0,Opponent,1610612761,Toronto Raptors,1,0,26,Missed Shot,Jump Shot,,Above the Break 3,Right Side Center(RC),24+ ft.,24,129,214,1,0,20220326,TOR,IND,22101109131,|1627783|1628449|1629717|1630173|1630567,0,REG,,,2022,1628449,-17.0,SF,Helper,0.4,MISS Sykes 25' 3PT Jump Shot,,,,IND,1610612754.0,
Shot Chart Detail,22101109,149,0,Opponent,1610612761,Toronto Raptors,2,11,20,Made Shot,Finger Roll Layup Shot,,In The Paint (Non-RA),Center(C),8-16 ft.,12,-45,115,1,1,20220326,TOR,IND,22101109149,|1627832|1628449|1629717|1630173|1630567,0,REG,,,2022,1629717,-21.0,SG-PG,Low Activity,-0.97,Anderson 12' Finger Roll Layup (2 PTS),,,,IND,1610612754.0,
Shot Chart Detail,22101109,155,0,Opponent,1610612761,Toronto Raptors,2,10,31,Missed Shot,Jump Shot,,Above the Break 3,Right Side Center(RC),24+ ft.,29,153,250,1,0,20220326,TOR,IND,22101109155,|1627832|1628449|1629717|1630173|1630567,0,REG,,,2022,1630567,-22.0,PF,Helper,0.63,MISS Anderson 29' 3PT Jump Shot,,,,IND,1610612754.0,
Shot Chart Detail,22101109,161,0,Opponent,1610612761,Toronto Raptors,2,9,56,Missed Shot,Jump Shot,,Above the Break 3,Left Side Center(LC),24+ ft.,24,-120,216,1,0,20220326,TOR,IND,22101109161,|1627832|1628449|1629717|1630173|201152,0,REG,,,2022,201152,-24.0,PF,Helper,0.84,MISS Anderson 25' 3PT Jump Shot,,,,IND,1610612754.0,
Shot Chart Detail,22101109,163,0,Opponent,1610612761,Toronto Raptors,2,9,50,Missed Shot,Step Back Jump shot,,Above the Break 3,Right Side Center(RC),24+ ft.,25,143,215,1,0,20220326,TOR,IND,22101109163,|1627832|1628449|1629717|1630173|201152,0,REG,,,2022,1630173,-24.0,C,Mobile Big,0.24,MISS Sykes 26' 3PT Step Back Jump Shot,,,,IND,1610612754.0,
Shot Chart Detail,22101109,165,0,Opponent,1610612761,Toronto Raptors,2,9,44,Made Shot,Tip Layup Shot,,Restricted Area,Center(C),Less Than 8 ft.,0,0,0,1,1,20220326,TOR,IND,22101109165,|1627832|1628449|1629717|1630173|201152,0,REG,,,2022,201152,-22.0,PF,Helper,0.84,Taylor Tip Layup Shot (2 PTS),,,,IND,1610612754.0,
Shot Chart Detail,22101109,168,0,Opponent,1610612761,Toronto Raptors,2,9,28,Made Shot,Jump Shot,,Above the Break 3,Left Side Center(LC),24+ ft.,25,-162,194,1,1,20220326,TOR,IND,22101109168,|1627832|1628449|1629717|1630173|201152,1,REG,,,2022,1628449,-19.0,SF,Helper,0.4,Anderson 25' 3PT Jump Shot (6 PTS) (Haliburton 5 AST),,,,IND,1610612754.0,1630169.0
Shot Chart Detail,22101109,176,0,Opponent,1610612761,Toronto Raptors,2,8,52,Made Shot,Step Back Jump shot,,Mid-Range,Left Side Center(LC),16-24 ft.,19,-70,183,1,1,20220326,TOR,IND,22101109176,|1627832|1628449|1629717|1630173|201152,1,REG,,,2022,201152,-19.0,PF,Helper,0.84,Brissett 20' Step Back Jump Shot (13 PTS) (Haliburton 6 AST),,,,IND,1610612754.0,1630169.0
Shot Chart Detail,22101109,180,0,Opponent,1610612761,Toronto Raptors,2,8,18,Missed Shot,Running Finger Roll Layup Shot,,Restricted Area,Center(C),Less Than 8 ft.,3,16,29,1,0,20220326,TOR,IND,22101109180,|1627832|1628449|1629717|1630173|201152,0,REG,,,2022,1628449,-19.0,SF,Helper,0.4,MISS Smith 3' Running Finger Roll Layup,,,,IND,1610612754.0,
Shot Chart Detail,22101109,184,0,Opponent,1610612761,Toronto Raptors,2,7,59,Made Shot,Jump Shot,,Above the Break 3,Center(C),24+ ft.,26,-4,260,1,1,20220326,TOR,IND,22101109184,|1627832|1628449|1629717|1630173|201152,1,REG,,,2022,201152,-19.0,PF,Helper,0.84,Brissett 26' 3PT Jump Shot (16 PTS) (Haliburton 7 AST),,,,IND,1610612754.0,1630169.0
Shot Chart Detail,22101109,188,0,Opponent,1610612761,Toronto Raptors,2,7,25,Missed Shot,Jump Shot,,Above the Break 3,Center(C),24+ ft.,27,22,272,1,0,20220326,TOR,IND,22101109188,|1627832|1628449|1629717|1630173|201152,0,REG,,,2022,1629717,-19.0,SG-PG,Low Activity,-0.97,MISS Brissett 27' 3PT Jump Shot,,,,IND,1610612754.0,
Shot Chart Detail,22101109,201,0,Opponent,1610612761,Toronto Raptors,2,6,59,Missed Shot,Step Back Jump shot,,Above the Break 3,Right Side Center(RC),24+ ft.,25,116,227,1,0,20220326,TOR,IND,22101109201,|1627783|1627832|1628384|1630173|201152,0,REG,,,2022,1630173,-22.0,C,Mobile Big,0.24,MISS Haliburton 25' 3PT Step Back Jump Shot,,,,IND,1610612754.0,
Shot Chart Detail,22101109,207,0,Opponent,1610612761,Toronto Raptors,2,6,21,Made Shot,Cutting Dunk Shot,,Restricted Area,Center(C),Less Than 8 ft.,2,1,24,1,1,20220326,TOR,IND,22101109207,|1627783|1627832|1628384|1630173|201152,1,REG,,,2022,201152,-22.0,PF,Helper,0.84,Smith 2' Cutting Dunk Shot (2 PTS) (Haliburton 8 AST),,,,IND,1610612754.0,1630169.0
Shot Chart Detail,22101109,216,0,Opponent,1610612761,Toronto Raptors,2,5,41,Missed Shot,Jump Shot,,Above the Break 3,Center(C),24+ ft.,25,27,257,1,0,20220326,TOR,IND,22101109216,|1627783|1627832|1628384|1630567|201152,0,REG,,,2022,,,,,,,,,,IND,1610612754.0,
Shot Chart Detail,22101109,221,0,Opponent,1610612761,Toronto Raptors,2,5,17,Missed Shot,Jump Shot,,In The Paint (Non-RA),Center(C),8-16 ft.,13,58,119,1,0,20220326,TOR,IND,22101109221,|1627783|1627832|1628384|1630567|201152,0,REG,,,2022,201152,-26.0,PF,Helper,0.84,MISS Smith 13' Jump Shot,,,,IND,1610612754.0,
Shot Chart Detail,22101109,251,0,Opponent,1610612761,Toronto Raptors,2,3,53,Missed Shot,Jump Shot,,Above the Break 3,Left Side Center(LC),24+ ft.,25,-214,135,1,0,20220326,TOR,IND,22101109251,|1627783|1628384|1629717|1630567|203920,0,REG,,,2022,203920,-28.0,C,Mobile Big,0.63,MISS Hield 25' 3PT Jump Shot,,,,IND,1610612754.0,
Shot Chart Detail,22101109,253,0,Opponent,1610612761,Toronto Raptors,2,3,37,Made Shot,Pullup Jump shot,,Mid-Range,Center(C),16-24 ft.,21,2,213,1,1,20220326,TOR,IND,22101109253,|1627783|1628384|1629717|1630567|203920,0,REG,,,2022,203920|1628384,-26.0,,,,,,,,IND,1610612754.0,
Shot Chart Detail,22101109,256,0,Opponent,1610612761,Toronto Raptors,2,2,54,Missed Shot,Driving Hook Shot,,Restricted Area,Center(C),Less Than 8 ft.,3,28,22,1,0,20220326,TOR,IND,22101109256,|1627783|1628384|1629717|1630567|203920,0,REG,,,2022,1629717,-28.0,SG-PG,Low Activity,-0.97,MISS Haliburton 4' Driving Hook Shot,,,,IND,1610612754.0,
Shot Chart Detail,22101109,263,0,Opponent,1610612761,Toronto Raptors,2,2,26,Missed Shot,Jump Shot,,Left Corner 3,Left Side(L),24+ ft.,22,-223,-7,1,0,20220326,TOR,IND,22101109263,|1627783|1628384|1629717|1630567|203920,0,REG,,,2022,1630567,-29.0,PF,Helper,0.63,MISS Haliburton 3PT Jump Shot,,,,IND,1610612754.0,
Shot Chart Detail,22101109,268,0,Opponent,1610612761,Toronto Raptors,2,2,7,Made Shot,Running Jump Shot,,Above the Break 3,Left Side Center(LC),24+ ft.,25,-181,183,1,1,20220326,TOR,IND,22101109268,|1627783|1628384|1629717|1630567|203920,1,REG,,,2022,1627783,-26.0,PF,Helper,0.72,Anderson 26' 3PT Running Jump Shot (11 PTS) (Haliburton 9 AST),,,,IND,1610612754.0,1630169.0
Shot Chart Detail,22101109,272,0,Opponent,1610612761,Toronto Raptors,2,1,35,Made Shot,Running Dunk Shot,,Restricted Area,Center(C),Less Than 8 ft.,2,1,26,1,1,20220326,TOR,IND,22101109272,|1627783|1628384|1629717|1630567|203920,1,REG,,,2022,,,,,,,,,,IND,1610612754.0,1627741.0
Shot Chart Detail,22101109,278,0,Opponent,1610612761,Toronto Raptors,2,0,57,Missed Shot,Step Back Jump shot,,Mid-Range,Left Side(L),16-24 ft.,19,-162,108,1,0,20220326,TOR,IND,22101109278,|1627783|1628384|1629717|1630567|203920,0,REG,,,2022,1628384,-26.0,SF,Wing Stopper,1.03,MISS Brissett 19' Step Back Jump Shot,,,,IND,1610612754.0,
Shot Chart Detail,22101109,294,0,Opponent,1610612761,Toronto Raptors,2,0,0,Missed Shot,Step Back Jump shot,,Left Corner 3,Left Side(L),24+ ft.,22,-225,0,1,0,20220326,TOR,IND,22101109294,|1627783|1628384|1629717|1630567|203920,0,REG,,,2022,1630567,-28.0,PF,Helper,0.63,MISS Brissett 3PT Step Back Jump Shot,,,,IND,1610612754.0,
Shot Chart Detail,22101109,304,0,Opponent,1610612761,Toronto Raptors,3,11,32,Made Shot,Jump Shot,,Left Corner 3,Left Side(L),24+ ft.,22,-225,-1,1,1,20220326,TOR,IND,22101109304,|1627783|1628384|1629717|1630567|203920,1,REG,,,2022,1628384,-27.0,SF,Wing Stopper,1.03,Anderson 3PT Jump Shot (14 PTS) (Brissett 1 AST),,,,IND,1610612754.0,1629052.0
Shot Chart Detail,22101109,308,0,Opponent,1610612761,Toronto Raptors,3,10,59,Made Shot,Jump Shot,,Above the Break 3,Center(C),24+ ft.,26,-45,259,1,1,20220326,TOR,IND,22101109308,|1627783|1628384|1629717|1630567|203920,1,REG,,,2022,203920|1628384,-26.0,,,,,,,,IND,1610612754.0,1630169.0
Shot Chart Detail,22101109,312,0,Opponent,1610612761,Toronto Raptors,3,10,28,Made Shot,Jump Shot,,Right Corner 3,Right Side(R),24+ ft.,23,232,-15,1,1,20220326,TOR,IND,22101109312,|1627783|1628384|1629717|1630567|203920,1,REG,,,2022,1630567,-23.0,PF,Helper,0.63,Haliburton 3PT Jump Shot (5 PTS) (Anderson 2 AST),,,,IND,1610612754.0,1626147.0
Shot Chart Detail,22101109,317,0,Opponent,1610612761,Toronto Raptors,3,9,40,Missed Shot,Jump Shot,,Right Corner 3,Right Side(R),24+ ft.,23,234,-14,1,0,20220326,TOR,IND,22101109317,|1627783|1628384|1629717|1630567|203920,0,REG,,,2022,1629717,-25.0,SG-PG,Low Activity,-0.97,MISS Haliburton 3PT Jump Shot,,,,IND,1610612754.0,
Shot Chart Detail,22101109,322,0,Opponent,1610612761,Toronto Raptors,3,9,28,Made Shot,Turnaround Jump Shot,,Mid-Range,Center(C),16-24 ft.,19,-49,184,1,1,20220326,TOR,IND,22101109322,|1627783|1628384|1629717|1630567|203920,1,REG,,,2022,203920,-23.0,C,Mobile Big,0.63,Smith 19' Turnaround Jump Shot (12 PTS) (Haliburton 11 AST),,,,IND,1610612754.0,1630169.0
Shot Chart Detail,22101109,334,0,Opponent,1610612761,Toronto Raptors,3,8,35,Made Shot,Jump Shot,,Above the Break 3,Right Side Center(RC),24+ ft.,25,92,235,1,1,20220326,TOR,IND,22101109334,|1627783|1628384|1629717|1630567|203920,1,REG,,,2022,1629717,-24.0,SG-PG,Low Activity,-0.97,Hield 25' 3PT Jump Shot (9 PTS) (Taylor 1 AST),,,,IND,1610612754.0,1630678.0
Shot Chart Detail,22101109,339,0,Opponent,1610612761,Toronto Raptors,3,7,57,Missed Shot,Jump Shot,,Above the Break 3,Left Side Center(LC),24+ ft.,26,-162,206,1,0,20220326,TOR,IND,22101109339,|1627783|1628384|1629717|1630567|203920,0,REG,,,2022,1630567,-24.0,PF,Helper,0.63,MISS Hield 26' 3PT Jump Shot,,,,IND,1610612754.0,
Shot Chart Detail,22101109,356,0,Opponent,1610612761,Toronto Raptors,3,6,55,Made Shot,Step Back Jump shot,,Mid-Range,Left Side Center(LC),16-24 ft.,19,-129,144,1,1,20220326,TOR,IND,22101109356,|1627783|1628384|1628449|1630173|1630567,0,REG,,,2022,1630567,-23.0,PF,Helper,0.63,Sykes 19' Step Back Jump Shot (2 PTS),,,,IND,1610612754.0,
Shot Chart Detail,22101109,367,0,Opponent,1610612761,Toronto Raptors,3,6,7,Missed Shot,Jump Shot,,Right Corner 3,Right Side(R),24+ ft.,23,230,52,1,0,20220326,TOR,IND,22101109367,|1627783|1628384|1628449|1630173|1630567,0,REG,,,2022,1628449,-23.0,SF,Helper,0.4,MISS Taylor 24' 3PT Jump Shot,,,,IND,1610612754.0,
Shot Chart Detail,22101109,369,0,Opponent,1610612761,Toronto Raptors,3,6,2,Missed Shot,Jump Shot,,Above the Break 3,Right Side Center(RC),24+ ft.,25,99,231,1,0,20220326,TOR,IND,22101109369,|1627783|1628384|1628449|1630173|1630567,0,REG,,,2022,1627783,-23.0,PF,Helper,0.72,MISS Stephenson 25' 3PT Jump Shot,,,,IND,1610612754.0,
Shot Chart Detail,22101109,379,0,Opponent,1610612761,Toronto Raptors,3,5,28,Missed Shot,Pullup Jump shot,,Mid-Range,Right Side(R),8-16 ft.,13,123,63,1,0,20220326,TOR,IND,22101109379,|1627783|1628384|1628449|1630173|1630567,0,REG,,,2022,1628449,-25.0,SF,Helper,0.4,MISS Stephenson 14' Pullup Jump Shot,,,,IND,1610612754.0,
Shot Chart Detail,22101109,386,0,Opponent,1610612761,Toronto Raptors,3,4,37,Missed Shot,Driving Finger Roll Layup Shot,,Restricted Area,Center(C),Less Than 8 ft.,2,-5,27,1,0,20220326,TOR,IND,22101109386,|1627783|1628384|1628449|1630173|1630567,0,REG,,,2022,1630567,-27.0,PF,Helper,0.63,MISS Brissett 3' Driving Finger Roll Layup,,,,IND,1610612754.0,
Shot Chart Detail,22101109,388,0,Opponent,1610612761,Toronto Raptors,3,4,32,Missed Shot,Tip Dunk Shot,,Restricted Area,Center(C),Less Than 8 ft.,0,0,0,1,0,20220326,TOR,IND,22101109388,|1627783|1628384|1628449|1630173|1630567,0,REG,,,2022,1628449,-27.0,SF,Helper,0.4,MISS Taylor Tip Dunk Shot,,,,IND,1610612754.0,
Shot Chart Detail,22101109,392,0,Opponent,1610612761,Toronto Raptors,3,4,1,Missed Shot,Step Back Jump shot,,Above the Break 3,Center(C),24+ ft.,24,-21,246,1,0,20220326,TOR,IND,22101109392,|1627783|1628384|1628449|1630173|1630567,0,REG,,,2022,1630567,-27.0,PF,Helper,0.63,MISS Brissett 25' 3PT Step Back Jump Shot,,,,IND,1610612754.0,
Shot Chart Detail,22101109,407,0,Opponent,1610612761,Toronto Raptors,3,3,13,Made Shot,Turnaround Jump Shot,,Mid-Range,Right Side(R),8-16 ft.,9,92,25,1,1,20220326,TOR,IND,22101109407,|1627783|1628449|1630173|1630567|201152,1,REG,,,2022,201152,-25.0,PF,Helper,0.84,Smith 10' Turnaround Jump Shot (14 PTS) (Sykes 1 AST),,,,IND,1610612754.0,1626208.0
Shot Chart Detail,22101109,411,0,Opponent,1610612761,Toronto Raptors,3,2,39,Made Shot,Driving Floating Jump Shot,,In The Paint (Non-RA),Center(C),8-16 ft.,12,0,126,1,1,20220326,TOR,IND,22101109411,|1627783|1628449|1630173|1630567|201152,0,REG,,,2022,1628449,-23.0,SF,Helper,0.4,Stephenson 13' Driving Floating Jump Shot (4 PTS),,,,IND,1610612754.0,
Shot Chart Detail,22101109,420,0,Opponent,1610612761,Toronto Raptors,3,1,55,Missed Shot,Driving Hook Shot,,Restricted Area,Center(C),Less Than 8 ft.,2,2,29,1,0,20220326,TOR,IND,22101109420,|1627783|1628449|1630173|1630625|201152,0,REG,,,2022,1630625,-25.0,PG,Chaser,0.27,MISS Sykes 3' Driving Hook Shot,,,,IND,1610612754.0,
Shot Chart Detail,22101109,440,0,Opponent,1610612761,Toronto Raptors,3,0,29,Made Shot,Running Dunk Shot,,Restricted Area,Center(C),Less Than 8 ft.,1,6,10,1,1,20220326,TOR,IND,22101109440,|1627783|1628449|1630173|1630625|201152,0,REG,,,2022,,,,,,,,,,IND,1610612754.0,
Shot Chart Detail,22101109,443,0,Opponent,1610612761,Toronto Raptors,3,0,1,Missed Shot,Driving Finger Roll Layup Shot,,Restricted Area,Center(C),Less Than 8 ft.,2,17,15,1,0,20220326,TOR,IND,22101109443,|1627783|1628449|1630173|1630625|201152,0,REG,,,2022,1630173|1628449|1630625,-26.0,,,,,,,,IND,1610612754.0,
Shot Chart Detail,22101109,458,0,Opponent,1610612761,Toronto Raptors,4,11,22,Made Shot,Running Reverse Layup Shot,,Restricted Area,Center(C),Less Than 8 ft.,1,11,5,1,1,20220326,TOR,IND,22101109458,|1628384|1628449|1630173|1630567|201152,1,REG,,,2022,1630567,-24.0,PF,Helper,0.63,Hield 1' Running Reverse Layup (11 PTS) (Anderson 3 AST),,,,IND,1610612754.0,1626147.0
Shot Chart Detail,22101109,463,0,Opponent,1610612761,Toronto Raptors,4,10,37,Missed Shot,Driving Finger Roll Layup Shot,,Restricted Area,Center(C),Less Than 8 ft.,1,-13,15,1,0,20220326,TOR,IND,22101109463,|1628384|1628449|1630173|1630567|201152,0,REG,,,2022,1630173,-26.0,C,Mobile Big,0.24,MISS Hield 2' Driving Finger Roll Layup,,,,IND,1610612754.0,
Shot Chart Detail,22101109,467,0,Opponent,1610612761,Toronto Raptors,4,9,48,Missed Shot,Fadeaway Jump Shot,,Mid-Range,Left Side(L),16-24 ft.,16,-163,38,1,0,20220326,TOR,IND,22101109467,|1628384|1628449|1630173|1630567|201152,0,REG,,,2022,201152,-28.0,PF,Helper,0.84,MISS Sykes 17' Fadeaway Jumper,,,,IND,1610612754.0,
Shot Chart Detail,22101109,472,0,Opponent,1610612761,Toronto Raptors,4,9,25,Made Shot,Cutting Finger Roll Layup Shot,,Restricted Area,Center(C),Less Than 8 ft.,2,-11,17,1,1,20220326,TOR,IND,22101109472,|1628384|1628449|1630173|1630567|201152,1,REG,,,2022,1630567,-28.0,PF,Helper,0.63,Taylor 2' Cutting Finger Roll Layup Shot (4 PTS) (Anderson 4 AST),,,,IND,1610612754.0,1626147.0
Shot Chart Detail,22101109,484,0,Opponent,1610612761,Toronto Raptors,4,8,39,Missed Shot,Driving Layup Shot,,In The Paint (Non-RA),Center(C),Less Than 8 ft.,7,-12,76,1,0,20220326,TOR,IND,22101109484,|1628384|1628449|1630173|1630567|201152,0,REG,,,2022,201152,-30.0,PF,Helper,0.84,Young BLOCK (1 BLK),,,,IND,1610612754.0,
Shot Chart Detail,22101109,497,0,Opponent,1610612761,Toronto Raptors,4,7,51,Missed Shot,Pullup Jump shot,,Mid-Range,Center(C),16-24 ft.,18,17,184,1,0,20220326,TOR,IND,22101109497,|1628449|1629139|1630173|1630567|201152,0,REG,,,2022,1630567,-33.0,PF,Helper,0.63,MISS Stephenson 18' Pullup Jump Shot,,,,IND,1610612754.0,
Shot Chart Detail,22101109,500,0,Opponent,1610612761,Toronto Raptors,4,7,25,Made Shot,Jump Shot,,Above the Break 3,Right Side Center(RC),24+ ft.,24,82,231,1,1,20220326,TOR,IND,22101109500,|1628449|1629139|1630173|1630567|201152,1,REG,,,2022,,,,,,,,,,IND,1610612754.0,1630169.0
Shot Chart Detail,22101109,504,0,Opponent,1610612761,Toronto Raptors,4,6,40,Missed Shot,Fadeaway Jump Shot,,Right Corner 3,Right Side(R),24+ ft.,22,228,4,1,0,20220326,TOR,IND,22101109504,|1628449|1629139|1630173|1630567|201152,0,REG,,,2022,1629139,-35.0,SF,Helper,0.1,MISS Stephenson 3PT Fadeaway Jumper,,,,IND,1610612754.0,
Shot Chart Detail,22101109,524,0,Opponent,1610612761,Toronto Raptors,4,5,51,Made Shot,Driving Finger Roll Layup Shot,,Restricted Area,Center(C),Less Than 8 ft.,1,-15,13,1,1,20220326,TOR,IND,22101109524,|1628449|1629004|1629139|1629717|1630625,0,REG,,,2022,1629139|1628449,-33.0,,,,,,,,IND,1610612754.0,
Shot Chart Detail,22101109,533,0,Opponent,1610612761,Toronto Raptors,4,4,54,Made Shot,Running Jump Shot,,Above the Break 3,Left Side Center(LC),24+ ft.,24,-184,168,1,1,20220326,TOR,IND,22101109533,|1628449|1629004|1629139|1629717|1630625,1,REG,,,2022,1629004,-31.0,SF,Chaser,-0.31,Hield 25' 3PT Running Jump Shot (14 PTS) (Brissett 2 AST),,,,IND,1610612754.0,1629052.0
Shot Chart Detail,22101109,537,0,Opponent,1610612761,Toronto Raptors,4,4,27,Missed Shot,Driving Floating Jump Shot,,In The Paint (Non-RA),Center(C),Less Than 8 ft.,5,-4,53,1,0,20220326,TOR,IND,22101109537,|1628449|1629004|1629139|1629717|1630625,0,REG,,,2022,1629717|1630625,-31.0,,,,,,,,IND,1610612754.0,
Shot Chart Detail,22101109,547,0,Opponent,1610612761,Toronto Raptors,4,3,57,Missed Shot,Turnaround Hook Shot,,In The Paint (Non-RA),Center(C),8-16 ft.,8,-1,80,1,0,20220326,TOR,IND,22101109547,|1628449|1629004|1629139|1629717|1630625,0,REG,,,2022,1629004,-32.0,SF,Chaser,-0.31,MISS Smith 8' Turnaround Hook Shot,,,,IND,1610612754.0,
Shot Chart Detail,22101109,562,0,Opponent,1610612761,Toronto Raptors,4,3,24,Missed Shot,Pullup Jump shot,,Mid-Range,Right Side(R),16-24 ft.,21,195,78,1,0,20220326,TOR,IND,22101109562,|1628449|1629004|1629139|1629717|1630625,0,REG,,,2022,1630625,-35.0,PG,Chaser,0.27,MISS Stephenson 21' Pullup Jump Shot,,,,IND,1610612754.0,
Shot Chart Detail,22101109,571,0,Opponent,1610612761,Toronto Raptors,4,2,49,Made Shot,Turnaround Jump Shot,,In The Paint (Non-RA),Center(C),Less Than 8 ft.,6,-21,64,1,1,20220326,TOR,IND,22101109571,|1628449|1629004|1629139|1629717|1630625,0,REG,,,2022,1630625,-36.0,PG,Chaser,0.27,Brissett 7' Turnaround Jump Shot (21 PTS),,,,IND,1610612754.0,
Shot Chart Detail,22101109,578,0,Opponent,1610612761,Toronto Raptors,4,1,53,Missed Shot,Pullup Jump shot,,Mid-Range,Right Side(R),16-24 ft.,19,188,52,1,0,20220326,TOR,IND,22101109578,|1628449|1629004|1629139|1629717|1630625,0,REG,,,2022,1629717,-39.0,SG-PG,Low Activity,-0.97,MISS Sykes 20' Pullup Jump Shot,,,,IND,1610612754.0,
Shot Chart Detail,22101109,591,0,Opponent,1610612761,Toronto Raptors,4,0,22,Missed Shot,Pullup Jump shot,,Above the Break 3,Left Side Center(LC),24+ ft.,25,-181,178,1,0,20220326,TOR,IND,22101109591,|1628449|1629004|1629139|1629717|1630625,0,REG,,,2022,1629717|1628449,-40.0,,,,,,,,IND,1610612754.0,
Shot Chart Detail,22101127,12,0,Opponent,1610612761,Toronto Raptors,1,11,25,Made Shot,Jump Shot,,Above the Break 3,Center(C),24+ ft.,28,-50,280,1,1,20220328,TOR,BOS,2210112712,|1627783|1627832|1628384|1629018|1630567,1,REG,,,2022,1627832,3.0,PG,Point of Attack,0.9,Smart 28' 3PT Jump Shot (3 PTS) (White 1 AST),,,,BOS,1610612738.0,1628401.0
Shot Chart Detail,22101127,15,0,Opponent,1610612761,Toronto Raptors,1,10,42,Missed Shot,Jump Shot,,Above the Break 3,Center(C),24+ ft.,25,21,257,1,0,20220328,TOR,BOS,2210112715,|1627783|1627832|1628384|1629018|1630567,0,REG,,,2022,1630567,1.0,PF,Helper,0.63,MISS White 26' 3PT Jump Shot,,,,BOS,1610612738.0,
Shot Chart Detail,22101127,17,0,Opponent,1610612761,Toronto Raptors,1,10,37,Made Shot,Putback Layup Shot,,Restricted Area,Center(C),Less Than 8 ft.,0,6,-1,1,1,20220328,TOR,BOS,2210112717,|1627783|1627832|1628384|1629018|1630567,0,REG,,,2022,1627783,3.0,PF,Helper,0.72,Nesmith 1' Putback Layup (2 PTS),,,,BOS,1610612738.0,
Shot Chart Detail,22101127,20,0,Opponent,1610612761,Toronto Raptors,1,10,8,Made Shot,Layup Shot,,Restricted Area,Center(C),Less Than 8 ft.,2,20,8,1,1,20220328,TOR,BOS,2210112720,|1627783|1627832|1628384|1629018|1630567,1,REG,,,2022,1630567,5.0,PF,Helper,0.63,Williams 2' Layup (2 PTS) (Theis 1 AST),,,,BOS,1610612738.0,1628464.0
Shot Chart Detail,22101127,27,0,Opponent,1610612761,Toronto Raptors,1,9,31,Made Shot,Driving Reverse Layup Shot,,Restricted Area,Center(C),Less Than 8 ft.,1,12,4,1,1,20220328,TOR,BOS,2210112727,|1627783|1627832|1628384|1629018|1630567,0,REG,,,2022,1630567,5.0,PF,Helper,0.63,Smart 1' Driving Reverse Layup (5 PTS),,,,BOS,1610612738.0,
Shot Chart Detail,22101127,29,0,Opponent,1610612761,Toronto Raptors,1,8,58,Missed Shot,Pullup Jump shot,,Above the Break 3,Left Side Center(LC),24+ ft.,27,-141,241,1,0,20220328,TOR,BOS,2210112729,|1627783|1627832|1628384|1629018|1630567,0,REG,,,2022,1630567,3.0,PF,Helper,0.63,MISS Smart 28' 3PT Pullup Jump Shot,,,,BOS,1610612738.0,
Shot Chart Detail,22101127,31,0,Opponent,1610612761,Toronto Raptors,1,8,48,Missed Shot,Jump Shot,,Above the Break 3,Center(C),24+ ft.,29,-54,288,1,0,20220328,TOR,BOS,2210112731,|1627783|1627832|1628384|1629018|1630567,0,REG,,,2022,1629018,3.0,SG,Chaser,0.19,MISS Smart 29' 3PT Jump Shot,,,,BOS,1610612738.0,
Shot Chart Detail,22101127,37,0,Opponent,1610612761,Toronto Raptors,1,8,22,Missed Shot,Pullup Jump shot,,Mid-Range,Right Side(R),8-16 ft.,12,126,27,1,0,20220328,TOR,BOS,2210112737,|1627783|1627832|1628384|1629018|1630567,0,REG,,,2022,1627783|1630567,3.0,,,,,,,,BOS,1610612738.0,
Shot Chart Detail,22101127,43,0,Opponent,1610612761,Toronto Raptors,1,8,14,Made Shot,Cutting Dunk Shot,,Restricted Area,Center(C),Less Than 8 ft.,0,6,2,1,1,20220328,TOR,BOS,2210112743,|1627783|1627832|1628384|1629018|1630567,1,REG,,,2022,1628384|1630567,6.0,,,,,,,,BOS,1610612738.0,1628401.0
Shot Chart Detail,22101127,47,0,Opponent,1610612761,Toronto Raptors,1,7,44,Made Shot,Jump Shot,,Above the Break 3,Left Side Center(LC),24+ ft.,27,-142,235,1,1,20220328,TOR,BOS,2210112747,|1627783|1627832|1628384|1629018|1630567,1,REG,,,2022,1627783,9.0,PF,Helper,0.72,Nesmith 27' 3PT Jump Shot (5 PTS) (White 3 AST),,,,BOS,1610612738.0,1628401.0
Shot Chart Detail,22101127,54,0,Opponent,1610612761,Toronto Raptors,1,6,44,Made Shot,Jump Shot,,Above the Break 3,Center(C),24+ ft.,25,77,239,1,1,20220328,TOR,BOS,2210112754,|1627783|1627832|1628384|1629018|1630567,1,REG,,,2022,1628384,8.0,SF,Wing Stopper,1.03,White 25' 3PT Jump Shot (3 PTS) (Williams 1 AST),,,,BOS,1610612738.0,1629684.0
Shot Chart Detail,22101127,58,0,Opponent,1610612761,Toronto Raptors,1,6,23,Missed Shot,Running Finger Roll Layup Shot,,In The Paint (Non-RA),Center(C),Less Than 8 ft.,4,34,22,1,0,20220328,TOR,BOS,2210112758,|1627783|1627832|1628384|1629018|1630567,0,REG,,,2022,1629018,8.0,SG,Chaser,0.19,MISS White 4' Running Finger Roll Layup,,,,BOS,1610612738.0,
Shot Chart Detail,22101127,66,0,Opponent,1610612761,Toronto Raptors,1,5,53,Missed Shot,Pullup Jump shot,,Above the Break 3,Left Side Center(LC),24+ ft.,27,-138,236,1,0,20220328,TOR,BOS,2210112766,|1627783|1627832|1628384|1629018|1630567,0,REG,,,2022,1630567,8.0,PF,Helper,0.63,MISS Pritchard 27' 3PT Pullup Jump Shot,,,,BOS,1610612738.0,
Shot Chart Detail,22101127,76,0,Opponent,1610612761,Toronto Raptors,1,5,18,Made Shot,Jump Shot,,Above the Break 3,Left Side Center(LC),24+ ft.,29,-137,258,1,1,20220328,TOR,BOS,2210112776,|1627783|1627832|1628384|1628449|1630173,1,REG,,,2022,1628449,11.0,SF,Helper,0.4,Smart 29' 3PT Jump Shot (8 PTS) (Nesmith 1 AST),,,,BOS,1610612738.0,1630174.0
Shot Chart Detail,22101127,79,0,Opponent,1610612761,Toronto Raptors,1,4,41,Missed Shot,Pullup Jump shot,,Above the Break 3,Center(C),24+ ft.,27,54,268,1,0,20220328,TOR,BOS,2210112779,|1627783|1627832|1628384|1628449|1630173,0,REG,,,2022,1628449|1627832,9.0,,,,,,,,BOS,1610612738.0,
Shot Chart Detail,22101127,82,0,Opponent,1610612761,Toronto Raptors,1,4,14,Missed Shot,Jump Shot,,Mid-Range,Center(C),16-24 ft.,21,-60,210,1,0,20220328,TOR,BOS,2210112782,|1627783|1627832|1628384|1628449|1630173,0,REG,,,2022,1627783,7.0,PF,Helper,0.72,MISS Theis 22' Jump Shot,,,,BOS,1610612738.0,
Shot Chart Detail,22101127,94,0,Opponent,1610612761,Toronto Raptors,1,3,49,Made Shot,Jump Shot,,Right Corner 3,Right Side(R),24+ ft.,23,230,8,1,1,20220328,TOR,BOS,2210112794,|1627783|1627832|1628384|1628449|1630173,1,REG,,,2022,1630173,8.0,C,Mobile Big,0.24,Pritchard 3PT Jump Shot (3 PTS) (Smart 1 AST),,,,BOS,1610612738.0,203935.0
Shot Chart Detail,22101127,98,0,Opponent,1610612761,Toronto Raptors,1,3,16,Missed Shot,Driving Hook Shot,,Restricted Area,Center(C),Less Than 8 ft.,3,-26,29,1,0,20220328,TOR,BOS,2210112798,|1627783|1627832|1628384|1628449|1630173,0,REG,,,2022,1628449,8.0,SF,Helper,0.4,MISS Smart 4' Driving Hook Shot,,,,BOS,1610612738.0,
Shot Chart Detail,22101127,102,0,Opponent,1610612761,Toronto Raptors,1,2,41,Missed Shot,Pullup Jump shot,,In The Paint (Non-RA),Center(C),8-16 ft.,10,38,97,1,0,20220328,TOR,BOS,22101127102,|1627783|1627832|1628384|1628449|1630173,0,REG,,,2022,1628449|1627783,6.0,,,,,,,,BOS,1610612738.0,
Shot Chart Detail,22101127,105,0,Opponent,1610612761,Toronto Raptors,1,2,13,Made Shot,Driving Finger Roll Layup Shot,,Restricted Area,Center(C),Less Than 8 ft.,1,16,6,1,1,20220328,TOR,BOS,22101127105,|1627783|1627832|1628384|1628449|1630173,0,REG,,,2022,1628449|1630173,5.0,,,,,,,,BOS,1610612738.0,
Shot Chart Detail,22101127,117,0,Opponent,1610612761,Toronto Raptors,1,1,46,Made Shot,Turnaround Hook Shot,,In The Paint (Non-RA),Center(C),Less Than 8 ft.,4,0,44,1,1,20220328,TOR,BOS,22101127117,|1627832|1628449|1629018|1630173|1630567,1,REG,,,2022,1628449,6.0,SF,Helper,0.4,Kornet 4' Turnaround Hook Shot (2 PTS) (White 4 AST),,,,BOS,1610612738.0,1628401.0
Shot Chart Detail,22101127,125,0,Opponent,1610612761,Toronto Raptors,1,1,2,Made Shot,Pullup Jump shot,,In The Paint (Non-RA),Center(C),8-16 ft.,8,-40,75,1,1,20220328,TOR,BOS,22101127125,|1627832|1628449|1629018|1630173|1630567,0,REG,,,2022,1628449,5.0,SF,Helper,0.4,White 9' Pullup Jump Shot (5 PTS),,,,BOS,1610612738.0,
Shot Chart Detail,22101127,128,0,Opponent,1610612761,Toronto Raptors,1,0,44,Made Shot,Running Jump Shot,,Above the Break 3,Left Side Center(LC),24+ ft.,28,-169,232,1,1,20220328,TOR,BOS,22101127128,|1627832|1628449|1629018|1630173|1630567,1,REG,,,2022,1630173,8.0,C,Mobile Big,0.24,Hauser 29' 3PT Running Jump Shot (3 PTS) (Pritchard 1 AST),,,,BOS,1610612738.0,1630202.0
Shot Chart Detail,22101127,136,0,Opponent,1610612761,Toronto Raptors,1,0,3,Missed Shot,Pullup Jump shot,,Above the Break 3,Left Side Center(LC),24+ ft.,30,-164,257,1,0,20220328,TOR,BOS,22101127136,|1627832|1628449|1629018|1630173|1630567,0,REG,,,2022,1630173,6.0,C,Mobile Big,0.24,Achiuwa BLOCK (1 BLK),,,,BOS,1610612738.0,
Shot Chart Detail,22101127,139,0,Opponent,1610612761,Toronto Raptors,1,0,0,Made Shot,Tip Layup Shot,,Restricted Area,Center(C),Less Than 8 ft.,2,1,26,1,1,20220328,TOR,BOS,22101127139,|1627832|1628449|1629018|1630173|1630567,0,REG,,,2022,1627832,8.0,PG,Point of Attack,0.9,Hauser 3' Tip Layup Shot (5 PTS),,,,BOS,1610612738.0,
Shot Chart Detail,22101127,146,0,Opponent,1610612761,Toronto Raptors,2,11,38,Missed Shot,Fadeaway Jump Shot,,Mid-Range,Center(C),16-24 ft.,16,-12,167,1,0,20220328,TOR,BOS,22101127146,|1627783|1628449|1629018|1630173|1630567,0,REG,,,2022,1630173,8.0,C,Mobile Big,0.24,MISS White 17' Fadeaway Jumper,,,,BOS,1610612738.0,
Shot Chart Detail,22101127,151,0,Opponent,1610612761,Toronto Raptors,2,11,6,Missed Shot,Step Back Jump shot,,Above the Break 3,Center(C),24+ ft.,24,37,247,1,0,20220328,TOR,BOS,22101127151,|1627783|1628449|1629018|1630173|1630567,0,REG,,,2022,1628449,8.0,SF,Helper,0.4,MISS Pritchard 25' 3PT Step Back Jump Shot,,,,BOS,1610612738.0,
Shot Chart Detail,22101127,163,0,Opponent,1610612761,Toronto Raptors,2,10,13,Made Shot,Cutting Layup Shot,,Restricted Area,Center(C),Less Than 8 ft.,0,6,7,1,1,20220328,TOR,BOS,22101127163,|1627783|1629018|1630173|1630567|201152,1,REG,,,2022,1627783,10.0,PF,Helper,0.72,Hauser 1' Cutting Layup Shot (7 PTS) (Kornet 1 AST),,,,BOS,1610612738.0,1628436.0
Shot Chart Detail,22101127,170,0,Opponent,1610612761,Toronto Raptors,2,9,28,Missed Shot,Jump Shot,,Right Corner 3,Right Side(R),24+ ft.,23,235,7,1,0,20220328,TOR,BOS,22101127170,|1627783|1629018|1630173|1630567|201152,0,REG,,,2022,1627783,10.0,PF,Helper,0.72,MISS Theis 24' 3PT Jump Shot,,,,BOS,1610612738.0,
Shot Chart Detail,22101127,178,0,Opponent,1610612761,Toronto Raptors,2,8,28,Missed Shot,Step Back Jump shot,,Above the Break 3,Left Side Center(LC),24+ ft.,33,-123,311,1,0,20220328,TOR,BOS,22101127178,|1627783|1629018|1630173|1630567|201152,0,REG,,,2022,1630567,6.0,PF,Helper,0.63,MISS Pritchard 33' 3PT Step Back Jump Shot,,,,BOS,1610612738.0,
Shot Chart Detail,22101127,189,0,Opponent,1610612761,Toronto Raptors,2,7,44,Missed Shot,Driving Finger Roll Layup Shot,,In The Paint (Non-RA),Center(C),Less Than 8 ft.,5,25,54,1,0,20220328,TOR,BOS,22101127189,|1627783|1629018|1630173|1630567|201152,0,REG,,,2022,1630173,4.0,C,Mobile Big,0.24,MISS Smart 6' Driving Finger Roll Layup,,,,BOS,1610612738.0,
Shot Chart Detail,22101127,194,0,Opponent,1610612761,Toronto Raptors,2,7,20,Missed Shot,Driving Finger Roll Layup Shot,,In The Paint (Non-RA),Center(C),Less Than 8 ft.,6,23,58,1,0,20220328,TOR,BOS,22101127194,|1627783|1629018|1630173|1630567|201152,0,REG,,,2022,1629018|1630173,4.0,,,,,,,,BOS,1610612738.0,
Shot Chart Detail,22101127,198,0,Opponent,1610612761,Toronto Raptors,2,6,55,Made Shot,Driving Reverse Layup Shot,,Restricted Area,Center(C),Less Than 8 ft.,2,11,17,1,1,20220328,TOR,BOS,22101127198,|1627783|1629018|1630173|1630567|201152,0,REG,,,2022,1627783|1630173,4.0,,,,,,,,BOS,1610612738.0,
Shot Chart Detail,22101127,206,0,Opponent,1610612761,Toronto Raptors,2,6,36,Made Shot,Driving Floating Jump Shot,,In The Paint (Non-RA),Left Side(L),8-16 ft.,10,-54,85,1,1,20220328,TOR,BOS,22101127206,|1627783|1627832|1630173|1630567|201152,0,REG,,,2022,1630173,5.0,C,Mobile Big,0.24,Smart 10' Driving Floating Jump Shot (12 PTS),,,,BOS,1610612738.0,
Shot Chart Detail,22101127,223,0,Opponent,1610612761,Toronto Raptors,2,5,17,Missed Shot,Jump Shot,,Above the Break 3,Right Side Center(RC),24+ ft.,25,165,195,1,0,20220328,TOR,BOS,22101127223,|1627783|1627832|1628384|1630567|201152,0,REG,,,2022,1627832,2.0,PG,Point of Attack,0.9,MISS White 26' 3PT Jump Shot,,,,BOS,1610612738.0,
Shot Chart Detail,22101127,231,0,Opponent,1610612761,Toronto Raptors,2,4,50,Missed Shot,Jump Shot,,Above the Break 3,Right Side Center(RC),24+ ft.,25,145,209,1,0,20220328,TOR,BOS,22101127231,|1627783|1627832|1628384|1630567|201152,0,REG,,,2022,201152,0.0,PF,Helper,0.84,MISS Theis 25' 3PT Jump Shot,,,,BOS,1610612738.0,
Shot Chart Detail,22101127,248,0,Opponent,1610612761,Toronto Raptors,2,4,5,Made Shot,Driving Finger Roll Layup Shot,,Restricted Area,Center(C),Less Than 8 ft.,0,0,8,1,1,20220328,TOR,BOS,22101127248,|1627783|1627832|1628384|1629018|201152,0,REG,,,2022,1627783,2.0,PF,Helper,0.72,Nesmith 1' Driving Finger Roll Layup (7 PTS),,,,BOS,1610612738.0,
Shot Chart Detail,22101127,263,0,Opponent,1610612761,Toronto Raptors,2,2,42,Missed Shot,Driving Floating Jump Shot,,In The Paint (Non-RA),Center(C),Less Than 8 ft.,6,-17,67,1,0,20220328,TOR,BOS,22101127263,|1627783|1627832|1628384|1629018|201152,0,REG,,,2022,1627783,-3.0,PF,Helper,0.72,MISS Williams 7' Driving Floating Jump Shot,,,,BOS,1610612738.0,
Shot Chart Detail,22101127,265,0,Opponent,1610612761,Toronto Raptors,2,2,35,Made Shot,Tip Layup Shot,,Restricted Area,Center(C),Less Than 8 ft.,0,0,0,1,1,20220328,TOR,BOS,22101127265,|1627783|1627832|1628384|1629018|201152,0,REG,,,2022,201152,-1.0,PF,Helper,0.84,Williams Tip Layup Shot (6 PTS),,,,BOS,1610612738.0,
Shot Chart Detail,22101127,269,0,Opponent,1610612761,Toronto Raptors,2,2,13,Missed Shot,Running Layup Shot,,In The Paint (Non-RA),Center(C),Less Than 8 ft.,4,-11,43,1,0,20220328,TOR,BOS,22101127269,|1627783|1627832|1628384|1629018|201152,0,REG,,,2022,201152,-1.0,PF,Helper,0.84,Young BLOCK (1 BLK),,,,BOS,1610612738.0,
Shot Chart Detail,22101127,273,0,Opponent,1610612761,Toronto Raptors,2,1,56,Made Shot,Driving Floating Jump Shot,,In The Paint (Non-RA),Center(C),Less Than 8 ft.,7,25,70,1,1,20220328,TOR,BOS,22101127273,|1627783|1627832|1628384|1629018|201152,0,REG,,,2022,1629018,1.0,SG,Chaser,0.19,Smart 7' Driving Floating Jump Shot (14 PTS),,,,BOS,1610612738.0,
Shot Chart Detail,22101127,275,0,Opponent,1610612761,Toronto Raptors,2,1,20,Made Shot,Jump Shot,,Right Corner 3,Right Side(R),24+ ft.,23,230,0,1,1,20220328,TOR,BOS,22101127275,|1627783|1627832|1628384|1629018|201152,1,REG,,,2022,1627832,2.0,PG,Point of Attack,0.9,White 3PT Jump Shot (8 PTS) (Williams 2 AST),,,,BOS,1610612738.0,1629684.0
Shot Chart Detail,22101127,300,0,Opponent,1610612761,Toronto Raptors,2,0,0,Missed Shot,Pullup Jump shot,,Above the Break 3,Center(C),24+ ft.,32,66,315,1,0,20220328,TOR,BOS,22101127300,|1627832|1628384|1629018|1630567|201152,0,REG,,,2022,1630567,-1.0,PF,Helper,0.63,MISS Smart 32' 3PT Pullup Jump Shot,,,,BOS,1610612738.0,
Shot Chart Detail,22101127,308,0,Opponent,1610612761,Toronto Raptors,3,11,40,Missed Shot,Driving Floating Jump Shot,,Mid-Range,Right Side(R),8-16 ft.,11,97,57,1,0,20220328,TOR,BOS,22101127308,|1627783|1627832|1628384|1629018|1630567,0,REG,,,2022,1627832,-1.0,PG,Point of Attack,0.9,MISS Nesmith 11' Driving Floating Jump Shot,,,,BOS,1610612738.0,
Shot Chart Detail,22101127,310,0,Opponent,1610612761,Toronto Raptors,3,11,37,Made Shot,Tip Layup Shot,,Restricted Area,Center(C),Less Than 8 ft.,0,0,0,1,1,20220328,TOR,BOS,22101127310,|1627783|1627832|1628384|1629018|1630567,0,REG,,,2022,1629018,1.0,SG,Chaser,0.19,Theis Tip Layup Shot (4 PTS),,,,BOS,1610612738.0,
Shot Chart Detail,22101127,313,0,Opponent,1610612761,Toronto Raptors,3,11,19,Made Shot,Running Layup Shot,,Restricted Area,Center(C),Less Than 8 ft.,2,-10,26,1,1,20220328,TOR,BOS,22101127313,|1627783|1627832|1628384|1629018|1630567,1,REG,,,2022,1627783,3.0,PF,Helper,0.72,Williams 3' Running Layup (8 PTS) (Smart 2 AST),,,,BOS,1610612738.0,203935.0
Shot Chart Detail,22101127,317,0,Opponent,1610612761,Toronto Raptors,3,11,3,Missed Shot,Running Jump Shot,,Above the Break 3,Right Side Center(RC),24+ ft.,24,147,200,1,0,20220328,TOR,BOS,22101127317,|1627783|1627832|1628384|1629018|1630567,0,REG,,,2022,1627783,3.0,PF,Helper,0.72,MISS Smart 25' 3PT Running Jump Shot,,,,BOS,1610612738.0,
Shot Chart Detail,22101127,322,0,Opponent,1610612761,Toronto Raptors,3,10,36,Missed Shot,Hook Shot,,In The Paint (Non-RA),Center(C),Less Than 8 ft.,6,48,45,1,0,20220328,TOR,BOS,22101127322,|1627783|1627832|1628384|1629018|1630567,0,REG,,,2022,1627783|1630567,3.0,,,,,,,,BOS,1610612738.0,
Shot Chart Detail,22101127,330,0,Opponent,1610612761,Toronto Raptors,3,10,2,Made Shot,Cutting Finger Roll Layup Shot,,In The Paint (Non-RA),Center(C),Less Than 8 ft.,4,18,42,1,1,20220328,TOR,BOS,22101127330,|1627783|1627832|1628384|1629018|1630567,1,REG,,,2022,1629018|1627783|1630567,4.0,,,,,,,,BOS,1610612738.0,1628401.0
Shot Chart Detail,22101127,335,0,Opponent,1610612761,Toronto Raptors,3,9,37,Missed Shot,Running Layup Shot,,In The Paint (Non-RA),Center(C),Less Than 8 ft.,4,-32,24,1,0,20220328,TOR,BOS,22101127335,|1627783|1627832|1628384|1629018|1630567,0,REG,,,2022,1630567,4.0,PF,Helper,0.63,MISS Smart 4' Running Layup,,,,BOS,1610612738.0,
Shot Chart Detail,22101127,341,0,Opponent,1610612761,Toronto Raptors,3,9,18,Made Shot,Layup Shot,,Restricted Area,Center(C),Less Than 8 ft.,3,28,19,1,1,20220328,TOR,BOS,22101127341,|1627783|1627832|1628384|1629018|1630567,1,REG,,,2022,1627832|1627783,6.0,,,,,,,,BOS,1610612738.0,203935.0
Shot Chart Detail,22101127,350,0,Opponent,1610612761,Toronto Raptors,3,8,57,Missed Shot,Pullup Jump shot,,Above the Break 3,Right Side Center(RC),24+ ft.,24,121,216,1,0,20220328,TOR,BOS,22101127350,|1627783|1627832|1628384|1629018|1630567,0,REG,,,2022,1629018,5.0,SG,Chaser,0.19,MISS White 25' 3PT Pullup Jump Shot,,,,BOS,1610612738.0,
Shot Chart Detail,22101127,352,0,Opponent,1610612761,Toronto Raptors,3,8,52,Made Shot,Fadeaway Jump Shot,,In The Paint (Non-RA),Center(C),Less Than 8 ft.,4,-33,34,1,1,20220328,TOR,BOS,22101127352,|1627783|1627832|1628384|1629018|1630567,0,REG,,,2022,1627832,7.0,PG,Point of Attack,0.9,Smart 5' Fadeaway Jumper (20 PTS),,,,BOS,1610612738.0,
Shot Chart Detail,22101127,358,0,Opponent,1610612761,Toronto Raptors,3,7,59,Missed Shot,Driving Floating Jump Shot,,In The Paint (Non-RA),Right Side(R),8-16 ft.,8,60,67,1,0,20220328,TOR,BOS,22101127358,|1627783|1627832|1628384|1629018|1630567,0,REG,,,2022,1627783,4.0,PF,Helper,0.72,MISS Smart 9' Driving Floating Jump Shot,,,,BOS,1610612738.0,
Shot Chart Detail,22101127,369,0,Opponent,1610612761,Toronto Raptors,3,7,0,Made Shot,Driving Finger Roll Layup Shot,,Restricted Area,Center(C),Less Than 8 ft.,1,0,19,1,1,20220328,TOR,BOS,22101127369,|1627783|1627832|1628384|1628449|1630173,1,REG,,,2022,1628449,1.0,SF,Helper,0.4,Smart 2' Driving Finger Roll Layup (22 PTS) (White 6 AST),,,,BOS,1610612738.0,1628401.0
Shot Chart Detail,22101127,376,0,Opponent,1610612761,Toronto Raptors,3,6,39,Missed Shot,Jump Shot,,Right Corner 3,Right Side(R),24+ ft.,23,229,30,1,0,20220328,TOR,BOS,22101127376,|1627783|1627832|1628384|1628449|1630173,0,REG,,,2022,1628384,-1.0,SF,Wing Stopper,1.03,MISS Williams 3PT Jump Shot,,,,BOS,1610612738.0,
Shot Chart Detail,22101127,383,0,Opponent,1610612761,Toronto Raptors,3,6,14,Missed Shot,Jump Shot,,Above the Break 3,Left Side Center(LC),24+ ft.,27,-142,230,1,0,20220328,TOR,BOS,22101127383,|1627783|1627832|1628384|1628449|1630173,0,REG,,,2022,1628449,-1.0,SF,Helper,0.4,MISS Nesmith 27' 3PT Jump Shot,,,,BOS,1610612738.0,
Shot Chart Detail,22101127,400,0,Opponent,1610612761,Toronto Raptors,3,5,6,Made Shot,Running Layup Shot,,In The Paint (Non-RA),Center(C),Less Than 8 ft.,5,29,48,1,1,20220328,TOR,BOS,22101127400,|1627783|1627832|1628384|1628449|1630173,1,REG,,,2022,1628384,-1.0,SF,Wing Stopper,1.03,Smart 6' Running Layup (24 PTS) (Theis 2 AST),,,,BOS,1610612738.0,1628464.0
Shot Chart Detail,22101127,403,0,Opponent,1610612761,Toronto Raptors,3,4,32,Missed Shot,Pullup Jump shot,,Above the Break 3,Center(C),24+ ft.,26,-48,261,1,0,20220328,TOR,BOS,22101127403,|1627783|1627832|1628384|1628449|1630173,0,REG,,,2022,1627832,-1.0,PG,Point of Attack,0.9,MISS Smart 27' 3PT Pullup Jump Shot,,,,BOS,1610612738.0,
Shot Chart Detail,22101127,408,0,Opponent,1610612761,Toronto Raptors,3,3,57,Missed Shot,Jump Shot,,Above the Break 3,Left Side Center(LC),24+ ft.,27,-113,252,1,0,20220328,TOR,BOS,22101127408,|1627783|1627832|1628384|1628449|1630173,0,REG,,,2022,1627832,-1.0,PG,Point of Attack,0.9,MISS Smart 28' 3PT Jump Shot,,,,BOS,1610612738.0,
Shot Chart Detail,22101127,412,0,Opponent,1610612761,Toronto Raptors,3,3,44,Missed Shot,Running Layup Shot,,Restricted Area,Center(C),Less Than 8 ft.,3,32,11,1,0,20220328,TOR,BOS,22101127412,|1627783|1627832|1628384|1628449|1630173,0,REG,,,2022,1627783,-1.0,PF,Helper,0.72,MISS Williams 3' Running Layup,,,,BOS,1610612738.0,
Shot Chart Detail,22101127,431,0,Opponent,1610612761,Toronto Raptors,3,3,7,Missed Shot,Turnaround Jump Shot,,Mid-Range,Left Side(L),8-16 ft.,9,-93,13,1,0,20220328,TOR,BOS,22101127431,|1627783|1628449|1629018|1630173|1630567,0,REG,,,2022,1627783,-1.0,PF,Helper,0.72,MISS Williams 9' Turnaround Jump Shot,,,,BOS,1610612738.0,
Shot Chart Detail,22101127,433,0,Opponent,1610612761,Toronto Raptors,3,3,3,Made Shot,Tip Layup Shot,,Restricted Area,Center(C),Less Than 8 ft.,0,0,0,1,1,20220328,TOR,BOS,22101127433,|1627783|1628449|1629018|1630173|1630567,0,REG,,,2022,1630173|1630567,1.0,,,,,,,,BOS,1610612738.0,
Shot Chart Detail,22101127,445,0,Opponent,1610612761,Toronto Raptors,3,2,6,Missed Shot,Step Back Jump shot,,Above the Break 3,Left Side Center(LC),24+ ft.,26,-92,251,1,0,20220328,TOR,BOS,22101127445,|1628384|1628449|1629018|1630173|1630567,0,REG,,,2022,1628449,-1.0,SF,Helper,0.4,MISS Pritchard 27' 3PT Step Back Jump Shot,,,,BOS,1610612738.0,
Shot Chart Detail,22101127,447,0,Opponent,1610612761,Toronto Raptors,3,2,3,Made Shot,Jump Shot,,Left Corner 3,Left Side(L),24+ ft.,23,-233,3,1,1,20220328,TOR,BOS,22101127447,|1628384|1628449|1629018|1630173|1630567,1,REG,,,2022,1629018,2.0,SG,Chaser,0.19,Williams 3PT Jump Shot (14 PTS) (Pritchard 2 AST),,,,BOS,1610612738.0,1630202.0
Shot Chart Detail,22101127,456,0,Opponent,1610612761,Toronto Raptors,3,1,19,Missed Shot,Cutting Dunk Shot,,Restricted Area,Center(C),Less Than 8 ft.,1,4,15,1,0,20220328,TOR,BOS,22101127456,|1628384|1628449|1629018|1630173|1630567,0,REG,,,2022,1629018,2.0,SG,Chaser,0.19,Achiuwa BLOCK (2 BLK),,,,BOS,1610612738.0,
Shot Chart Detail,22101127,465,0,Opponent,1610612761,Toronto Raptors,3,0,32,Missed Shot,Step Back Jump shot,,In The Paint (Non-RA),Center(C),8-16 ft.,13,15,131,1,0,20220328,TOR,BOS,22101127465,|1628384|1628449|1629018|1630173|1630567,0,REG,,,2022,1630173,0.0,C,Mobile Big,0.24,Achiuwa BLOCK (3 BLK),,,,BOS,1610612738.0,
Shot Chart Detail,22101127,468,0,Opponent,1610612761,Toronto Raptors,3,0,26,Missed Shot,Driving Finger Roll Layup Shot,,In The Paint (Non-RA),Center(C),Less Than 8 ft.,5,54,6,1,0,20220328,TOR,BOS,22101127468,|1628384|1628449|1629018|1630173|1630567,0,REG,,,2022,1630173,0.0,C,Mobile Big,0.24,MISS Pritchard 5' Driving Finger Roll Layup,,,,BOS,1610612738.0,
Shot Chart Detail,22101127,483,0,Opponent,1610612761,Toronto Raptors,4,11,19,Made Shot,Pullup Jump shot,,Above the Break 3,Center(C),24+ ft.,27,-66,267,1,1,20220328,TOR,BOS,22101127483,|1627783|1629018|1630173|1630567|201152,0,REG,,,2022,1629018,3.0,SG,Chaser,0.19,White 28' 3PT Pullup Jump Shot (13 PTS),,,,BOS,1610612738.0,
Shot Chart Detail,22101127,486,0,Opponent,1610612761,Toronto Raptors,4,10,55,Missed Shot,Running Pull-Up Jump Shot,,Above the Break 3,Center(C),24+ ft.,25,70,245,1,0,20220328,TOR,BOS,22101127486,|1627783|1629018|1630173|1630567|201152,0,REG,,,2022,1629018,3.0,SG,Chaser,0.19,MISS White 25' 3PT Running Pull-Up Jump Shot,,,,BOS,1610612738.0,
Shot Chart Detail,22101127,491,0,Opponent,1610612761,Toronto Raptors,4,10,27,Made Shot,Jump Shot,,Above the Break 3,Right Side Center(RC),24+ ft.,26,212,153,1,1,20220328,TOR,BOS,22101127491,|1627783|1629018|1630173|1630567|201152,1,REG,,,2022,201152,6.0,PF,Helper,0.84,Hauser 26' 3PT Jump Shot (10 PTS) (Pritchard 3 AST),,,,BOS,1610612738.0,1630202.0
Shot Chart Detail,22101127,496,0,Opponent,1610612761,Toronto Raptors,4,9,41,Made Shot,Jump Shot,,Above the Break 3,Center(C),24+ ft.,28,-23,289,1,1,20220328,TOR,BOS,22101127496,|1627783|1629018|1630173|1630567|201152,1,REG,,,2022,1630567,7.0,PF,Helper,0.63,Pritchard 29' 3PT Jump Shot (10 PTS) (White 7 AST),,,,BOS,1610612738.0,1628401.0
Shot Chart Detail,22101127,503,0,Opponent,1610612761,Toronto Raptors,4,9,1,Missed Shot,Driving Finger Roll Layup Shot,,Restricted Area,Center(C),Less Than 8 ft.,3,34,15,1,0,20220328,TOR,BOS,22101127503,|1627783|1629018|1630173|1630567|201152,0,REG,,,2022,201152,5.0,PF,Helper,0.84,MISS White 4' Driving Finger Roll Layup,,,,BOS,1610612738.0,
Shot Chart Detail,22101127,505,0,Opponent,1610612761,Toronto Raptors,4,8,57,Made Shot,Tip Layup Shot,,Restricted Area,Center(C),Less Than 8 ft.,0,0,0,1,1,20220328,TOR,BOS,22101127505,|1627783|1629018|1630173|1630567|201152,0,REG,,,2022,1629018,7.0,SG,Chaser,0.19,Kornet Tip Layup Shot (6 PTS),,,,BOS,1610612738.0,
Shot Chart Detail,22101127,508,0,Opponent,1610612761,Toronto Raptors,4,8,32,Missed Shot,Jump Shot,,Left Corner 3,Left Side(L),24+ ft.,22,-228,25,1,0,20220328,TOR,BOS,22101127508,|1627783|1629018|1630173|1630567|201152,0,REG,,,2022,201152,4.0,PF,Helper,0.84,MISS Nesmith 3PT Jump Shot,,,,BOS,1610612738.0,
Shot Chart Detail,22101127,510,0,Opponent,1610612761,Toronto Raptors,4,8,26,Missed Shot,Jump Shot,,Above the Break 3,Left Side Center(LC),24+ ft.,25,-216,137,1,0,20220328,TOR,BOS,22101127510,|1627783|1629018|1630173|1630567|201152,0,REG,,,2022,1627783,4.0,PF,Helper,0.72,MISS Pritchard 26' 3PT Jump Shot,,,,BOS,1610612738.0,
Shot Chart Detail,22101127,512,0,Opponent,1610612761,Toronto Raptors,4,8,17,Missed Shot,Jump Shot,,Above the Break 3,Center(C),24+ ft.,25,-33,255,1,0,20220328,TOR,BOS,22101127512,|1627783|1629018|1630173|1630567|201152,0,REG,,,2022,,,,,,,,,,BOS,1610612738.0,
Shot Chart Detail,22101127,539,0,Opponent,1610612761,Toronto Raptors,4,7,25,Made Shot,Cutting Layup Shot,,Restricted Area,Center(C),Less Than 8 ft.,2,20,17,1,1,20220328,TOR,BOS,22101127539,|1627783|1627832|1628384|1630173|201152,1,REG,,,2022,1630173,7.0,C,Mobile Big,0.24,Nesmith 3' Cutting Layup Shot (10 PTS) (Pritchard 4 AST),,,,BOS,1610612738.0,1630202.0
Shot Chart Detail,22101127,543,0,Opponent,1610612761,Toronto Raptors,4,7,1,Missed Shot,Running Reverse Layup Shot,,Restricted Area,Center(C),Less Than 8 ft.,2,25,9,1,0,20220328,TOR,BOS,22101127543,|1627783|1627832|1628384|1630173|201152,0,REG,,,2022,1630173,7.0,C,Mobile Big,0.24,Achiuwa BLOCK (4 BLK),,,,BOS,1610612738.0,
Shot Chart Detail,22101127,553,0,Opponent,1610612761,Toronto Raptors,4,6,19,Missed Shot,Jump Shot,,Right Corner 3,Right Side(R),24+ ft.,23,234,17,1,0,20220328,TOR,BOS,22101127553,|1627783|1627832|1628384|1630173|201152,0,REG,,,2022,1630173,5.0,C,Mobile Big,0.24,MISS Pritchard 3PT Jump Shot,,,,BOS,1610612738.0,
Shot Chart Detail,22101127,571,0,Opponent,1610612761,Toronto Raptors,4,5,0,Made Shot,Driving Dunk Shot,,Restricted Area,Center(C),Less Than 8 ft.,1,7,8,1,1,20220328,TOR,BOS,22101127571,|1627783|1627832|1628384|1630173|201152,1,REG,,,2022,1627783|1630173,7.0,,,,,,,,BOS,1610612738.0,1630202.0
Shot Chart Detail,22101127,574,0,Opponent,1610612761,Toronto Raptors,4,4,12,Made Shot,Jump Shot,,Mid-Range,Center(C),16-24 ft.,17,10,172,1,1,20220328,TOR,BOS,22101127574,|1627783|1627832|1628384|1630173|201152,1,REG,,,2022,1630173,7.0,C,Mobile Big,0.24,Theis 17' Jump Shot (13 PTS) (Smart 4 AST),,,,BOS,1610612738.0,203935.0
Shot Chart Detail,22101127,582,0,Opponent,1610612761,Toronto Raptors,4,3,19,Missed Shot,Pullup Jump shot,,Above the Break 3,Right Side Center(RC),24+ ft.,28,159,232,1,0,20220328,TOR,BOS,22101127582,|1627783|1627832|1628384|1630173|201152,0,REG,,,2022,201152,4.0,PF,Helper,0.84,MISS Smart 28' 3PT Pullup Jump Shot,,,,BOS,1610612738.0,
Shot Chart Detail,22101127,615,0,Opponent,1610612761,Toronto Raptors,4,0,58,Made Shot,Jump Shot,,Left Corner 3,Left Side(L),24+ ft.,23,-229,24,1,1,20220328,TOR,BOS,22101127615,|1627783|1627832|1628384|1629018|201152,1,REG,,,2022,1627832,4.0,PG,Point of Attack,0.9,Nesmith 3PT Jump Shot (13 PTS) (White 8 AST),,,,BOS,1610612738.0,1628401.0
Shot Chart Detail,22101127,619,0,Opponent,1610612761,Toronto Raptors,4,0,31,Missed Shot,Driving Floating Jump Shot,,In The Paint (Non-RA),Center(C),8-16 ft.,8,12,80,1,0,20220328,TOR,BOS,22101127619,|1627783|1627832|1628384|1629018|201152,0,REG,,,2022,201152,2.0,PF,Helper,0.84,Young BLOCK (2 BLK),,,,BOS,1610612738.0,
Shot Chart Detail,22101127,650,0,Opponent,1610612761,Toronto Raptors,5,3,42,Missed Shot,Jump Shot,,Above the Break 3,Left Side Center(LC),24+ ft.,26,-188,188,1,0,20220328,TOR,BOS,22101127650,|1627783|1627832|1628384|1629018|201152,0,REG,,,2022,1627832,2.0,PG,Point of Attack,0.9,MISS White 27' 3PT Jump Shot,,,,BOS,1610612738.0,
Shot Chart Detail,22101127,654,0,Opponent,1610612761,Toronto Raptors,5,3,16,Made Shot,Driving Hook Shot,,In The Paint (Non-RA),Right Side(R),8-16 ft.,8,50,63,1,1,20220328,TOR,BOS,22101127654,|1627783|1627832|1628384|1629018|201152,0,REG,,,2022,1627783,4.0,PF,Helper,0.72,Smart 8' Driving Hook Shot (28 PTS),,,,BOS,1610612738.0,
Shot Chart Detail,22101127,659,0,Opponent,1610612761,Toronto Raptors,5,2,38,Missed Shot,Turnaround Jump Shot,,In The Paint (Non-RA),Center(C),8-16 ft.,11,50,103,1,0,20220328,TOR,BOS,22101127659,|1627783|1627832|1628384|1629018|201152,0,REG,,,2022,1627783,1.0,PF,Helper,0.72,Young BLOCK (3 BLK),,,,BOS,1610612738.0,
Shot Chart Detail,22101127,665,0,Opponent,1610612761,Toronto Raptors,5,2,5,Missed Shot,Driving Layup Shot,,Restricted Area,Center(C),Less Than 8 ft.,0,-1,8,1,0,20220328,TOR,BOS,22101127665,|1627783|1627832|1628384|1629018|201152,0,REG,,,2022,1627783,-1.0,PF,Helper,0.72,Siakam BLOCK (1 BLK),,,,BOS,1610612738.0,
Shot Chart Detail,22101127,676,0,Opponent,1610612761,Toronto Raptors,5,1,18,Missed Shot,Running Layup Shot,,In The Paint (Non-RA),Center(C),Less Than 8 ft.,6,50,37,1,0,20220328,TOR,BOS,22101127676,|1627783|1627832|1628384|1629018|201152,0,REG,,,2022,1627783|201152,-3.0,,,,,,,,BOS,1610612738.0,
Shot Chart Detail,22101127,695,0,Opponent,1610612761,Toronto Raptors,5,0,18,Missed Shot,Driving Floating Jump Shot,,In The Paint (Non-RA),Center(C),Less Than 8 ft.,5,36,35,1,0,20220328,TOR,BOS,22101127695,|1627832|1628384|1629018|1630173|201152,0,REG,,,2022,1629018,-1.0,SG,Chaser,0.19,MISS White 5' Driving Floating Jump Shot,,,,BOS,1610612738.0,
Shot Chart Detail,22101127,702,0,Opponent,1610612761,Toronto Raptors,5,0,10,Missed Shot,Pullup Jump shot,,Above the Break 3,Left Side Center(LC),24+ ft.,26,-174,195,1,0,20220328,TOR,BOS,22101127702,|1627832|1628384|1629018|1630173|201152,0,REG,,,2022,1627832|1628384,-3.0,,,,,,,,BOS,1610612738.0,
Shot Chart Detail,22101127,704,0,Opponent,1610612761,Toronto Raptors,5,0,3,Missed Shot,Step Back Jump shot,,Above the Break 3,Right Side Center(RC),24+ ft.,27,148,227,1,0,20220328,TOR,BOS,22101127704,|1627832|1628384|1629018|1630173|201152,0,REG,,,2022,201152,-3.0,PF,Helper,0.84,MISS Williams 27' 3PT Step Back Jump Shot,,,,BOS,1610612738.0,
Shot Chart Detail,22101127,709,0,Opponent,1610612761,Toronto Raptors,5,1,35,Missed Shot,Layup Shot,,Restricted Area,Center(C),Less Than 8 ft.,1,6,13,1,0,20220328,TOR,BOS,22101127709,|1627783|1627832|1628384|1629018|201152,0,REG,,,2022,1627832,-3.0,PG,Point of Attack,0.9,VanVleet BLOCK (1 BLK),,,,BOS,1610612738.0,
Shot Chart Detail,22101127,713,0,Opponent,1610612761,Toronto Raptors,2,4,7,Missed Shot,Driving Layup Shot,,In The Paint (Non-RA),Center(C),Less Than 8 ft.,7,-16,76,1,0,20220328,TOR,BOS,22101127713,|1627783|1627832|1628384|1629018|201152,0,REG,,,2022,1629018,,SG,Chaser,0.19,Trent Jr. BLOCK (1 BLK),,,,BOS,1610612738.0,
Shot Chart Detail,22101141,7,0,Opponent,1610612761,Toronto Raptors,1,11,47,Made Shot,Jump Shot,,Above the Break 3,Right Side Center(RC),24+ ft.,25,189,173,1,1,20220330,TOR,MIN,221011417,|1627783|1627832|1628384|1629018|1630567,1,REG,,,2022,1629018,3.0,SG,Chaser,0.19,Beverley 26' 3PT Jump Shot (3 PTS) (Edwards 1 AST),,,,MIN,1610612750.0,1630162.0
Shot Chart Detail,22101141,15,0,Opponent,1610612761,Toronto Raptors,1,10,54,Missed Shot,Driving Floating Jump Shot,,In The Paint (Non-RA),Center(C),8-16 ft.,8,-15,88,1,0,20220330,TOR,MIN,2210114115,|1627783|1627832|1628384|1629018|1630567,0,REG,,,2022,1627832,-2.0,PG,Point of Attack,0.9,MISS Russell 9' Driving Floating Jump Shot,,,,MIN,1610612750.0,
Shot Chart Detail,22101141,17,0,Opponent,1610612761,Toronto Raptors,1,10,50,Missed Shot,Putback Layup Shot,,Restricted Area,Center(C),Less Than 8 ft.,3,9,31,1,0,20220330,TOR,MIN,2210114117,|1627783|1627832|1628384|1629018|1630567,0,REG,,,2022,1627832|1627783|1630567,-2.0,,,,,,,,MIN,1610612750.0,
Shot Chart Detail,22101141,20,0,Opponent,1610612761,Toronto Raptors,1,10,46,Missed Shot,Driving Reverse Layup Shot,,Restricted Area,Center(C),Less Than 8 ft.,3,-10,35,1,0,20220330,TOR,MIN,2210114120,|1627783|1627832|1628384|1629018|1630567,0,REG,,,2022,1630567,-2.0,PF,Helper,0.63,Barnes BLOCK (1 BLK),,,,MIN,1610612750.0,
Shot Chart Detail,22101141,25,0,Opponent,1610612761,Toronto Raptors,1,10,25,Made Shot,Cutting Dunk Shot,,Restricted Area,Center(C),Less Than 8 ft.,1,2,17,1,1,20220330,TOR,MIN,2210114125,|1627783|1627832|1628384|1629018|1630567,1,REG,,,2022,1630567,0.0,PF,Helper,0.63,Edwards 2' Cutting Dunk Shot (2 PTS) (Towns 1 AST),,,,MIN,1610612750.0,1626157.0
Shot Chart Detail,22101141,33,0,Opponent,1610612761,Toronto Raptors,1,9,35,Missed Shot,Running Jump Shot,,Above the Break 3,Right Side Center(RC),24+ ft.,25,233,99,1,0,20220330,TOR,MIN,2210114133,|1627783|1627832|1628384|1629018|1630567,0,REG,,,2022,1627783,0.0,PF,Helper,0.72,MISS Beverley 25' 3PT Running Jump Shot,,,,MIN,1610612750.0,
Shot Chart Detail,22101141,44,0,Opponent,1610612761,Toronto Raptors,1,8,45,Made Shot,Driving Dunk Shot,,Restricted Area,Center(C),Less Than 8 ft.,1,6,15,1,1,20220330,TOR,MIN,2210114144,|1627783|1627832|1628384|1629018|1630567,1,REG,,,2022,1630567,4.0,PF,Helper,0.63,Towns 2' Driving Dunk (2 PTS) (Edwards 2 AST),,,,MIN,1610612750.0,1630162.0
Shot Chart Detail,22101141,52,0,Opponent,1610612761,Toronto Raptors,1,8,7,Missed Shot,Pullup Jump shot,,Mid-Range,Right Side Center(RC),16-24 ft.,17,113,140,1,0,20220330,TOR,MIN,2210114152,|1627783|1627832|1628384|1629018|1630567,0,REG,,,2022,1628384,4.0,SF,Wing Stopper,1.03,MISS Russell 18' Pullup Jump Shot,,,,MIN,1610612750.0,
Shot Chart Detail,22101141,57,0,Opponent,1610612761,Toronto Raptors,1,7,30,Missed Shot,Turnaround Fadeaway Bank Jump Shot,,In The Paint (Non-RA),Center(C),8-16 ft.,12,-38,114,1,0,20220330,TOR,MIN,2210114157,|1627783|1627832|1628384|1629018|1630567,0,REG,,,2022,1628384|1627783,4.0,,,,,,,,MIN,1610612750.0,
Shot Chart Detail,22101141,59,0,Opponent,1610612761,Toronto Raptors,1,7,24,Made Shot,Turnaround Bank Hook Shot,,In The Paint (Non-RA),Right Side(R),8-16 ft.,9,50,78,1,1,20220330,TOR,MIN,2210114159,|1627783|1627832|1628384|1629018|1630567,0,REG,,,2022,1627783,6.0,PF,Helper,0.72,Towns 9' Turnaround Bank Hook Shot (4 PTS),,,,MIN,1610612750.0,
Shot Chart Detail,22101141,62,0,Opponent,1610612761,Toronto Raptors,1,6,53,Made Shot,Cutting Dunk Shot,,Restricted Area,Center(C),Less Than 8 ft.,2,9,21,1,1,20220330,TOR,MIN,2210114162,|1627783|1627832|1628384|1629018|1630567,1,REG,,,2022,1627783,6.0,PF,Helper,0.72,Vanderbilt 2' Cutting Dunk Shot (2 PTS) (Russell 1 AST),,,,MIN,1610612750.0,1626156.0
Shot Chart Detail,22101141,88,0,Opponent,1610612761,Toronto Raptors,1,5,16,Made Shot,Driving Dunk Shot,,Restricted Area,Center(C),Less Than 8 ft.,1,0,19,1,1,20220330,TOR,MIN,2210114188,|1627783|1627832|1628449|1629018|203920,1,REG,,,2022,1627783,4.0,PF,Helper,0.72,Towns 2' Driving Dunk (6 PTS) (Edwards 3 AST),,,,MIN,1610612750.0,1630162.0
Shot Chart Detail,22101141,107,0,Opponent,1610612761,Toronto Raptors,1,4,30,Made Shot,Running Jump Shot,,Left Corner 3,Left Side(L),24+ ft.,22,-228,8,1,1,20220330,TOR,MIN,22101141107,|1627783|1627832|1628449|1629018|203920,1,REG,,,2022,1628449,7.0,SF,Helper,0.4,Edwards 3PT Running Jump Shot (5 PTS) (Vanderbilt 1 AST),,,,MIN,1610612750.0,1629020.0
Shot Chart Detail,22101141,119,0,Opponent,1610612761,Toronto Raptors,1,3,37,Missed Shot,Pullup Jump shot,,Above the Break 3,Left Side Center(LC),24+ ft.,25,-173,193,1,0,20220330,TOR,MIN,22101141119,|1627783|1627832|1628449|1629018|203920,0,REG,,,2022,1629018,2.0,SG,Chaser,0.19,MISS Towns 26' 3PT Pullup Jump Shot,,,,MIN,1610612750.0,
Shot Chart Detail,22101141,124,0,Opponent,1610612761,Toronto Raptors,1,2,57,Made Shot,Jump Shot,,Above the Break 3,Right Side Center(RC),24+ ft.,24,172,180,1,1,20220330,TOR,MIN,22101141124,|1627783|1627832|1628449|1629018|203920,1,REG,,,2022,1627783,5.0,PF,Helper,0.72,Edwards 25' 3PT Jump Shot (8 PTS) (Towns 2 AST),,,,MIN,1610612750.0,1626157.0
Shot Chart Detail,22101141,129,0,Opponent,1610612761,Toronto Raptors,1,2,29,Made Shot,Jump Shot,,Above the Break 3,Right Side Center(RC),24+ ft.,25,151,200,1,1,20220330,TOR,MIN,22101141129,|1627783|1627832|1628449|1629018|203920,1,REG,,,2022,,,,,,,,,,MIN,1610612750.0,1629162.0
Shot Chart Detail,22101141,154,0,Opponent,1610612761,Toronto Raptors,1,1,39,Made Shot,Running Dunk Shot,,Restricted Area,Center(C),Less Than 8 ft.,3,6,32,1,1,20220330,TOR,MIN,22101141154,|1627832|1628449|1629018|1630173|1630567,1,REG,,,2022,1630567,10.0,PF,Helper,0.63,McLaughlin 3' Running Dunk (2 PTS) (Towns 3 AST),,,,MIN,1610612750.0,1626157.0
Shot Chart Detail,22101141,159,0,Opponent,1610612761,Toronto Raptors,1,1,20,Made Shot,Turnaround Bank Hook Shot,,In The Paint (Non-RA),Center(C),Less Than 8 ft.,6,26,58,1,1,20220330,TOR,MIN,22101141159,|1627832|1628449|1629018|1630173|1630567,1,REG,,,2022,1630173,12.0,C,Mobile Big,0.24,Towns 6' Turnaround Bank Hook Shot (8 PTS) (Nowell 1 AST),,,,MIN,1610612750.0,1629669.0
Shot Chart Detail,22101141,187,0,Opponent,1610612761,Toronto Raptors,1,0,2,Missed Shot,Step Back Jump shot,,Above the Break 3,Center(C),24+ ft.,25,0,256,1,0,20220330,TOR,MIN,22101141187,|1627832|1628449|1629018|1630173|1630567,0,REG,,,2022,1628449,10.0,SF,Helper,0.4,MISS Russell 26' 3PT Step Back Jump Shot,,,,MIN,1610612750.0,
Shot Chart Detail,22101141,198,0,Opponent,1610612761,Toronto Raptors,2,11,33,Missed Shot,Jump Shot,,Left Corner 3,Left Side(L),24+ ft.,22,-225,5,1,0,20220330,TOR,MIN,22101141198,|1627783|1628384|1630173|1630567|201152,0,REG,,,2022,1628384,10.0,SF,Wing Stopper,1.03,MISS Russell 3PT Jump Shot,,,,MIN,1610612750.0,
Shot Chart Detail,22101141,200,0,Opponent,1610612761,Toronto Raptors,2,11,30,Made Shot,Putback Layup Shot,,Restricted Area,Center(C),Less Than 8 ft.,3,5,34,1,1,20220330,TOR,MIN,22101141200,|1627783|1628384|1630173|1630567|201152,0,REG,,,2022,1630173|1630567,12.0,,,,,,,,MIN,1610612750.0,
Shot Chart Detail,22101141,206,0,Opponent,1610612761,Toronto Raptors,1,10,44,Missed Shot,Putback Layup Shot,,In The Paint (Non-RA),Center(C),Less Than 8 ft.,4,-32,29,1,0,20220330,TOR,MIN,22101141206,|1627783|1627832|1628384|1629018|1630567,0,REG,,,2022,1630567,-2.0,PF,Helper,0.63,MISS Towns 4' Putback Layup,,,,MIN,1610612750.0,
Shot Chart Detail,22101141,212,0,Opponent,1610612761,Toronto Raptors,2,10,28,Made Shot,Jump Shot,,Above the Break 3,Left Side Center(LC),24+ ft.,26,-131,226,1,1,20220330,TOR,MIN,22101141212,|1627783|1628384|1630173|1630567|201152,1,REG,,,2022,1627783,14.0,PF,Helper,0.72,Prince 26' 3PT Jump Shot (3 PTS) (Russell 2 AST),,,,MIN,1610612750.0,1626156.0
Shot Chart Detail,22101141,219,0,Opponent,1610612761,Toronto Raptors,2,9,53,Missed Shot,Cutting Layup Shot,,Restricted Area,Center(C),Less Than 8 ft.,2,-5,27,1,0,20220330,TOR,MIN,22101141219,|1627783|1628384|1630173|1630567|201152,0,REG,,,2022,1627783,14.0,PF,Helper,0.72,Siakam BLOCK (1 BLK),,,,MIN,1610612750.0,
Shot Chart Detail,22101141,222,0,Opponent,1610612761,Toronto Raptors,2,9,49,Missed Shot,Layup Shot,,Restricted Area,Center(C),Less Than 8 ft.,3,-10,29,1,0,20220330,TOR,MIN,22101141222,|1627783|1628384|1630173|1630567|201152,0,REG,,,2022,201152,14.0,PF,Helper,0.84,MISS Prince 3' Layup,,,,MIN,1610612750.0,
Shot Chart Detail,22101141,224,0,Opponent,1610612761,Toronto Raptors,2,9,46,Missed Shot,Tip Layup Shot,,Restricted Area,Center(C),Less Than 8 ft.,0,0,0,1,0,20220330,TOR,MIN,22101141224,|1627783|1628384|1630173|1630567|201152,0,REG,,,2022,1630173|201152,14.0,,,,,,,,MIN,1610612750.0,
Shot Chart Detail,22101141,228,0,Opponent,1610612761,Toronto Raptors,2,9,42,Made Shot,Jump Shot,,Above the Break 3,Left Side Center(LC),24+ ft.,27,-91,257,1,1,20220330,TOR,MIN,22101141228,|1627783|1628384|1630173|1630567|201152,1,REG,,,2022,1630567,17.0,PF,Helper,0.63,Russell 27' 3PT Jump Shot (7 PTS) (McLaughlin 2 AST),,,,MIN,1610612750.0,1629162.0
Shot Chart Detail,22101141,239,0,Opponent,1610612761,Toronto Raptors,2,9,1,Missed Shot,Jump Shot,,Above the Break 3,Left Side Center(LC),24+ ft.,26,-143,218,1,0,20220330,TOR,MIN,22101141239,|1627783|1628384|1630173|1630567|201152,0,REG,,,2022,1627783,13.0,PF,Helper,0.72,MISS Russell 26' 3PT Jump Shot,,,,MIN,1610612750.0,
Shot Chart Detail,22101141,246,0,Opponent,1610612761,Toronto Raptors,2,8,36,Made Shot,Driving Floating Jump Shot,,In The Paint (Non-RA),Center(C),8-16 ft.,13,50,124,1,1,20220330,TOR,MIN,22101141246,|1627783|1628384|1630173|1630567|201152,1,REG,,,2022,1630567|201152,12.0,,,,,,,,MIN,1610612750.0,1629675.0
Shot Chart Detail,22101141,250,0,Opponent,1610612761,Toronto Raptors,2,8,18,Made Shot,Running Layup Shot,,Restricted Area,Center(C),Less Than 8 ft.,3,25,26,1,1,20220330,TOR,MIN,22101141250,|1627783|1628384|1630173|1630567|201152,0,REG,,,2022,1627783|1630567,14.0,,,,,,,,MIN,1610612750.0,
Shot Chart Detail,22101141,258,0,Opponent,1610612761,Toronto Raptors,2,7,36,Missed Shot,Jump Shot,,Above the Break 3,Right Side Center(RC),24+ ft.,24,172,179,1,0,20220330,TOR,MIN,22101141258,|1627783|1628384|1630173|1630567|201152,0,REG,,,2022,1628384,11.0,SF,Wing Stopper,1.03,MISS Nowell 25' 3PT Jump Shot,,,,MIN,1610612750.0,
Shot Chart Detail,22101141,273,0,Opponent,1610612761,Toronto Raptors,2,6,42,Missed Shot,Driving Reverse Layup Shot,,Restricted Area,Center(C),Less Than 8 ft.,3,13,29,1,0,20220330,TOR,MIN,22101141273,|1627783|1627832|1628384|1630173|201152,0,REG,,,2022,1628384|1627783,11.0,,,,,,,,MIN,1610612750.0,
Shot Chart Detail,22101141,283,0,Opponent,1610612761,Toronto Raptors,2,6,12,Missed Shot,Jump Shot,,Above the Break 3,Right Side Center(RC),24+ ft.,25,85,240,1,0,20220330,TOR,MIN,22101141283,|1627783|1627832|1628384|1630173|201152,0,REG,,,2022,201152,8.0,PF,Helper,0.84,MISS Edwards 25' 3PT Jump Shot,,,,MIN,1610612750.0,
Shot Chart Detail,22101141,286,0,Opponent,1610612761,Toronto Raptors,2,5,47,Missed Shot,Turnaround Jump Shot,,Mid-Range,Center(C),16-24 ft.,16,-31,161,1,0,20220330,TOR,MIN,22101141286,|1627783|1627832|1628384|1630173|201152,0,REG,,,2022,1628384,6.0,SF,Wing Stopper,1.03,MISS Russell 16' Turnaround Jump Shot,,,,MIN,1610612750.0,
Shot Chart Detail,22101141,299,0,Opponent,1610612761,Toronto Raptors,2,5,27,Made Shot,Jump Shot,,Right Corner 3,Right Side(R),24+ ft.,23,232,10,1,1,20220330,TOR,MIN,22101141299,|1627783|1627832|1628384|1630173|201152,1,REG,,,2022,,,,,,,,,,MIN,1610612750.0,1629162.0
Shot Chart Detail,22101141,303,0,Opponent,1610612761,Toronto Raptors,2,4,56,Missed Shot,Layup Shot,,Restricted Area,Center(C),Less Than 8 ft.,2,-5,22,1,0,20220330,TOR,MIN,22101141303,|1627783|1627832|1628384|1630173|201152,0,REG,,,2022,1630173,7.0,C,Mobile Big,0.24,MISS Vanderbilt 2' Layup,,,,MIN,1610612750.0,
Shot Chart Detail,22101141,307,0,Opponent,1610612761,Toronto Raptors,2,4,37,Made Shot,Driving Dunk Shot,,Restricted Area,Center(C),Less Than 8 ft.,2,-4,20,1,1,20220330,TOR,MIN,22101141307,|1627783|1627832|1628384|1630173|201152,0,REG,,,2022,201152,6.0,PF,Helper,0.84,Vanderbilt 2' Driving Dunk (4 PTS),,,,MIN,1610612750.0,
Shot Chart Detail,22101141,311,0,Opponent,1610612761,Toronto Raptors,2,3,58,Made Shot,Jump Shot,,Mid-Range,Right Side(R),16-24 ft.,20,207,14,1,1,20220330,TOR,MIN,22101141311,|1627783|1627832|1628384|1630173|201152,1,REG,,,2022,201152,5.0,PF,Helper,0.84,Edwards 21' Jump Shot (13 PTS) (Beverley 1 AST),,,,MIN,1610612750.0,201976.0
Shot Chart Detail,22101141,319,0,Opponent,1610612761,Toronto Raptors,2,2,58,Missed Shot,Pullup Jump shot,,Above the Break 3,Right Side Center(RC),24+ ft.,25,86,240,1,0,20220330,TOR,MIN,22101141319,|1627783|1627832|1628384|1630173|201152,0,REG,,,2022,201152,0.0,PF,Helper,0.84,MISS Edwards 25' 3PT Pullup Jump Shot,,,,MIN,1610612750.0,
Shot Chart Detail,22101141,321,0,Opponent,1610612761,Toronto Raptors,2,2,45,Missed Shot,Step Back Jump shot,,Above the Break 3,Left Side Center(LC),24+ ft.,25,-206,147,1,0,20220330,TOR,MIN,22101141321,|1627783|1627832|1628384|1630173|201152,0,REG,,,2022,201152,0.0,PF,Helper,0.84,MISS Beverley 25' 3PT Step Back Jump Shot,,,,MIN,1610612750.0,
Shot Chart Detail,22101141,323,0,Opponent,1610612761,Toronto Raptors,2,2,34,Made Shot,Layup Shot,,Restricted Area,Center(C),Less Than 8 ft.,2,20,16,1,1,20220330,TOR,MIN,22101141323,|1627783|1627832|1628384|1630173|201152,1,REG,,,2022,1630173,2.0,C,Mobile Big,0.24,Vanderbilt 3' Layup (6 PTS) (Edwards 4 AST),,,,MIN,1610612750.0,1630162.0
Shot Chart Detail,22101141,338,0,Opponent,1610612761,Toronto Raptors,2,1,29,Missed Shot,Running Finger Roll Layup Shot,,Restricted Area,Center(C),Less Than 8 ft.,2,-4,26,1,0,20220330,TOR,MIN,22101141338,|1627783|1627832|1628384|1629018|1630173,0,REG,,,2022,,,,,,,,,,MIN,1610612750.0,
Shot Chart Detail,22101141,345,0,Opponent,1610612761,Toronto Raptors,2,1,6,Made Shot,Driving Layup Shot,,Restricted Area,Center(C),Less Than 8 ft.,2,9,20,1,1,20220330,TOR,MIN,22101141345,|1627783|1627832|1628384|1629018|1630173,1,REG,,,2022,1629018,3.0,SG,Chaser,0.19,Beverley 2' Driving Layup (10 PTS) (Vanderbilt 2 AST),,,,MIN,1610612750.0,1629020.0
Shot Chart Detail,22101141,356,0,Opponent,1610612761,Toronto Raptors,2,0,30,Missed Shot,Driving Layup Shot,,In The Paint (Non-RA),Center(C),8-16 ft.,8,5,85,1,0,20220330,TOR,MIN,22101141356,|1627783|1627832|1628384|1629018|1630173,0,REG,,,2022,1628384,1.0,SF,Wing Stopper,1.03,VanVleet BLOCK (2 BLK),,,,MIN,1610612750.0,
Shot Chart Detail,22101141,382,0,Opponent,1610612761,Toronto Raptors,3,11,16,Missed Shot,Turnaround Jump Shot,,In The Paint (Non-RA),Center(C),8-16 ft.,9,-37,91,1,0,20220330,TOR,MIN,22101141382,|1627783|1627832|1628384|1629018|1630173,0,REG,,,2022,1627832,-4.0,PG,Point of Attack,0.9,MISS Russell 10' Turnaround Jump Shot,,,,MIN,1610612750.0,
Shot Chart Detail,22101141,387,0,Opponent,1610612761,Toronto Raptors,3,10,59,Missed Shot,Driving Reverse Layup Shot,,Restricted Area,Center(C),Less Than 8 ft.,2,22,7,1,0,20220330,TOR,MIN,22101141387,|1627783|1627832|1628384|1629018|1630173,0,REG,,,2022,1630173,-4.0,C,Mobile Big,0.24,MISS Russell 2' Driving Reverse Layup,,,,MIN,1610612750.0,
Shot Chart Detail,22101141,389,0,Opponent,1610612761,Toronto Raptors,3,10,55,Made Shot,Tip Dunk Shot,,Restricted Area,Center(C),Less Than 8 ft.,0,0,0,1,1,20220330,TOR,MIN,22101141389,|1627783|1627832|1628384|1629018|1630173,0,REG,,,2022,1627783,-2.0,PF,Helper,0.72,Vanderbilt Tip Dunk Shot (8 PTS),,,,MIN,1610612750.0,
Shot Chart Detail,22101141,393,0,Opponent,1610612761,Toronto Raptors,3,10,24,Missed Shot,Jump Shot,,Left Corner 3,Left Side(L),24+ ft.,22,-223,6,1,0,20220330,TOR,MIN,22101141393,|1627783|1627832|1628384|1629018|1630173,0,REG,,,2022,1627783,-5.0,PF,Helper,0.72,MISS Russell 3PT Jump Shot,,,,MIN,1610612750.0,
Shot Chart Detail,22101141,395,0,Opponent,1610612761,Toronto Raptors,3,10,19,Missed Shot,Tip Layup Shot,,Restricted Area,Center(C),Less Than 8 ft.,0,0,0,1,0,20220330,TOR,MIN,22101141395,|1627783|1627832|1628384|1629018|1630173,0,REG,,,2022,1628384,-5.0,SF,Wing Stopper,1.03,MISS Vanderbilt Tip Layup Shot,,,,MIN,1610612750.0,
Shot Chart Detail,22101141,406,0,Opponent,1610612761,Toronto Raptors,3,9,34,Made Shot,Driving Floating Jump Shot,,In The Paint (Non-RA),Center(C),Less Than 8 ft.,4,-28,29,1,1,20220330,TOR,MIN,22101141406,|1627783|1627832|1628384|1629018|1630173,1,REG,,,2022,1628384|1627783,-8.0,,,,,,,,MIN,1610612750.0,201976.0
Shot Chart Detail,22101141,412,0,Opponent,1610612761,Toronto Raptors,3,9,18,Made Shot,Running Layup Shot,,Restricted Area,Center(C),Less Than 8 ft.,0,-2,6,1,1,20220330,TOR,MIN,22101141412,|1627783|1627832|1628384|1629018|1630173,1,REG,,,2022,1627832,-6.0,PG,Point of Attack,0.9,Russell 1' Running Layup (13 PTS) (Beverley 3 AST),,,,MIN,1610612750.0,201976.0
Shot Chart Detail,22101141,415,0,Opponent,1610612761,Toronto Raptors,3,8,48,Made Shot,Driving Layup Shot,,Restricted Area,Center(C),Less Than 8 ft.,1,-13,12,1,1,20220330,TOR,MIN,22101141415,|1627783|1627832|1628384|1629018|1630173,1,REG,,,2022,1630173,-6.0,C,Mobile Big,0.24,Towns 2' Driving Layup (11 PTS) (Russell 3 AST),,,,MIN,1610612750.0,1626156.0
Shot Chart Detail,22101141,422,0,Opponent,1610612761,Toronto Raptors,3,8,19,Missed Shot,Fadeaway Jump Shot,,Mid-Range,Right Side Center(RC),16-24 ft.,17,70,163,1,0,20220330,TOR,MIN,22101141422,|1627783|1627832|1628384|1629018|1630173,0,REG,,,2022,1627783,-6.0,PF,Helper,0.72,MISS Towns 18' Fadeaway Jumper,,,,MIN,1610612750.0,
Shot Chart Detail,22101141,445,0,Opponent,1610612761,Toronto Raptors,3,6,23,Missed Shot,Jump Shot,,Above the Break 3,Right Side Center(RC),24+ ft.,24,219,105,1,0,20220330,TOR,MIN,22101141445,|1627783|1627832|1628384|1629018|1630173,0,REG,,,2022,1628384,-9.0,SF,Wing Stopper,1.03,MISS Edwards 24' 3PT Jump Shot,,,,MIN,1610612750.0,
Shot Chart Detail,22101141,455,0,Opponent,1610612761,Toronto Raptors,3,6,4,Missed Shot,Driving Layup Shot,,Restricted Area,Center(C),Less Than 8 ft.,1,-11,6,1,0,20220330,TOR,MIN,22101141455,|1627783|1627832|1628384|1629018|1630173,0,REG,,,2022,1630173,-11.0,C,Mobile Big,0.24,MISS Towns 1' Driving Layup,,,,MIN,1610612750.0,
Shot Chart Detail,22101141,460,0,Opponent,1610612761,Toronto Raptors,3,5,51,Made Shot,Running Layup Shot,,Restricted Area,Center(C),Less Than 8 ft.,0,-6,0,1,1,20220330,TOR,MIN,22101141460,|1627783|1627832|1628384|1629018|1630173,0,REG,,,2022,1629018|1630173,-9.0,,,,,,,,MIN,1610612750.0,
Shot Chart Detail,22101141,466,0,Opponent,1610612761,Toronto Raptors,3,5,11,Missed Shot,Driving Layup Shot,,Restricted Area,Center(C),Less Than 8 ft.,2,-16,17,1,0,20220330,TOR,MIN,22101141466,|1627783|1627832|1628384|1629018|1630173,0,REG,,,2022,1627832|1628384,-10.0,,,,,,,,MIN,1610612750.0,
Shot Chart Detail,22101141,479,0,Opponent,1610612761,Toronto Raptors,3,4,42,Missed Shot,Driving Floating Jump Shot,,In The Paint (Non-RA),Center(C),8-16 ft.,8,20,85,1,0,20220330,TOR,MIN,22101141479,|1627783|1627832|1628449|1629018|1630567,0,REG,,,2022,1627783,-12.0,PF,Helper,0.72,MISS Beverley 9' Driving Floating Jump Shot,,,,MIN,1610612750.0,
Shot Chart Detail,22101141,481,0,Opponent,1610612761,Toronto Raptors,3,4,38,Missed Shot,Hook Shot,,Restricted Area,Center(C),Less Than 8 ft.,2,21,2,1,0,20220330,TOR,MIN,22101141481,|1627783|1627832|1628449|1629018|1630567,0,REG,,,2022,1627832|1627783,-12.0,,,,,,,,MIN,1610612750.0,
Shot Chart Detail,22101141,493,0,Opponent,1610612761,Toronto Raptors,3,3,57,Missed Shot,Jump Shot,,Above the Break 3,Right Side Center(RC),24+ ft.,25,82,244,1,0,20220330,TOR,MIN,22101141493,|1627783|1627832|1628449|1629018|1630567,0,REG,,,2022,1627783|1630567,-12.0,,,,,,,,MIN,1610612750.0,
Shot Chart Detail,22101141,497,0,Opponent,1610612761,Toronto Raptors,3,3,34,Made Shot,Pullup Jump shot,,Above the Break 3,Left Side Center(LC),24+ ft.,25,-190,170,1,1,20220330,TOR,MIN,22101141497,|1627783|1627832|1628449|1629018|1630567,0,REG,,,2022,1628449,-9.0,SF,Helper,0.4,Edwards 25' 3PT Pullup Jump Shot (18 PTS),,,,MIN,1610612750.0,
Shot Chart Detail,22101141,500,0,Opponent,1610612761,Toronto Raptors,3,3,2,Made Shot,Driving Finger Roll Layup Shot,,Restricted Area,Center(C),Less Than 8 ft.,1,16,4,1,1,20220330,TOR,MIN,22101141500,|1627783|1627832|1628449|1629018|1630567,1,REG,,,2022,1628449|1627832|1630567,-10.0,,,,,,,,MIN,1610612750.0,1629162.0
Shot Chart Detail,22101141,504,0,Opponent,1610612761,Toronto Raptors,3,2,19,Made Shot,Fadeaway Jump Shot,,Mid-Range,Left Side(L),8-16 ft.,14,-93,105,1,1,20220330,TOR,MIN,22101141504,|1627783|1627832|1628449|1629018|1630567,0,REG,,,2022,1628449|1627832,-11.0,,,,,,,,MIN,1610612750.0,
Shot Chart Detail,22101141,507,0,Opponent,1610612761,Toronto Raptors,3,1,34,Made Shot,Step Back Jump shot,,Mid-Range,Right Side Center(RC),16-24 ft.,17,121,126,1,1,20220330,TOR,MIN,22101141507,|1627783|1627832|1628449|1629018|1630567,0,REG,,,2022,1630567,-11.0,PF,Helper,0.63,Edwards 17' Step Back Jump Shot (22 PTS),,,,MIN,1610612750.0,
Shot Chart Detail,22101141,509,0,Opponent,1610612761,Toronto Raptors,3,0,56,Missed Shot,Jump Shot,,Left Corner 3,Left Side(L),24+ ft.,22,-222,6,1,0,20220330,TOR,MIN,22101141509,|1627783|1627832|1628449|1629018|1630567,0,REG,,,2022,,,,,,,,,,MIN,1610612750.0,
Shot Chart Detail,22101141,511,0,Opponent,1610612761,Toronto Raptors,3,0,52,Missed Shot,Jump Shot,,Right Corner 3,Right Side(R),24+ ft.,23,229,43,1,0,20220330,TOR,MIN,22101141511,|1627783|1627832|1628449|1629018|1630567,0,REG,,,2022,1627832,-13.0,PG,Point of Attack,0.9,MISS Prince 3PT Jump Shot,,,,MIN,1610612750.0,
Shot Chart Detail,22101141,521,0,Opponent,1610612761,Toronto Raptors,3,0,21,Missed Shot,Hook Shot,,Restricted Area,Center(C),Less Than 8 ft.,2,4,28,1,0,20220330,TOR,MIN,22101141521,|1627832|1628449|1629018|1630567|201152,0,REG,,,2022,1627832,-15.0,PG,Point of Attack,0.9,MISS Edwards 3' Hook Shot,,,,MIN,1610612750.0,
Shot Chart Detail,22101141,523,0,Opponent,1610612761,Toronto Raptors,3,0,18,Missed Shot,Tip Layup Shot,,Restricted Area,Center(C),Less Than 8 ft.,0,0,0,1,0,20220330,TOR,MIN,22101141523,|1627832|1628449|1629018|1630567|201152,0,REG,,,2022,1628449|1627832,-15.0,,,,,,,,MIN,1610612750.0,
Shot Chart Detail,22101141,539,0,Opponent,1610612761,Toronto Raptors,4,11,46,Made Shot,Jump Shot,,Left Corner 3,Left Side(L),24+ ft.,24,-228,81,1,1,20220330,TOR,MIN,22101141539,|1627783|1628384|1628449|1630567|201152,1,REG,,,2022,201152,-12.0,PF,Helper,0.84,Nowell 24' 3PT Jump Shot (3 PTS) (McLaughlin 5 AST),,,,MIN,1610612750.0,1629162.0
Shot Chart Detail,22101141,544,0,Opponent,1610612761,Toronto Raptors,4,11,8,Missed Shot,Jump Shot,,Right Corner 3,Right Side(R),24+ ft.,22,229,8,1,0,20220330,TOR,MIN,22101141544,|1627783|1628384|1628449|1630567|201152,0,REG,,,2022,1628449,-14.0,SF,Helper,0.4,MISS Reid 3PT Jump Shot,,,,MIN,1610612750.0,
Shot Chart Detail,22101141,551,0,Opponent,1610612761,Toronto Raptors,4,10,29,Made Shot,Jump Shot,,Left Corner 3,Left Side(L),24+ ft.,22,-224,-3,1,1,20220330,TOR,MIN,22101141551,|1627783|1628384|1628449|1630567|201152,1,REG,,,2022,1628449,-14.0,SF,Helper,0.4,McLaughlin 3PT Jump Shot (5 PTS) (Prince 1 AST),,,,MIN,1610612750.0,1627752.0
Shot Chart Detail,22101141,556,0,Opponent,1610612761,Toronto Raptors,4,9,51,Missed Shot,Jump Shot,,Above the Break 3,Right Side Center(RC),24+ ft.,24,129,204,1,0,20220330,TOR,MIN,22101141556,|1627783|1628384|1628449|1630567|201152,0,REG,,,2022,1630567,-14.0,PF,Helper,0.63,MISS Russell 24' 3PT Jump Shot,,,,MIN,1610612750.0,
Shot Chart Detail,22101141,560,0,Opponent,1610612761,Toronto Raptors,4,9,31,Missed Shot,Jump Shot,,Left Corner 3,Left Side(L),24+ ft.,22,-221,10,1,0,20220330,TOR,MIN,22101141560,|1627783|1628384|1628449|1630567|201152,0,REG,,,2022,1628449,-16.0,SF,Helper,0.4,MISS Prince 3PT Jump Shot,,,,MIN,1610612750.0,
Shot Chart Detail,22101141,564,0,Opponent,1610612761,Toronto Raptors,4,8,59,Missed Shot,Jump Shot,,Above the Break 3,Left Side Center(LC),24+ ft.,24,-223,106,1,0,20220330,TOR,MIN,22101141564,|1627783|1628384|1628449|1630567|201152,0,REG,,,2022,,,,,,,,,,MIN,1610612750.0,
Shot Chart Detail,22101141,582,0,Opponent,1610612761,Toronto Raptors,4,7,29,Missed Shot,Jump Shot,,Above the Break 3,Right Side Center(RC),24+ ft.,23,214,107,1,0,20220330,TOR,MIN,22101141582,|1627783|1628384|1628449|1630567|201152,0,REG,,,2022,1628384,-22.0,SF,Wing Stopper,1.03,MISS Russell 24' 3PT Jump Shot,,,,MIN,1610612750.0,
Shot Chart Detail,22101141,590,0,Opponent,1610612761,Toronto Raptors,4,7,8,Missed Shot,Jump Shot,,Left Corner 3,Left Side(L),24+ ft.,22,-227,12,1,0,20220330,TOR,MIN,22101141590,|1627783|1628384|1628449|1630567|201152,0,REG,,,2022,1628449,-24.0,SF,Helper,0.4,MISS Nowell 3PT Jump Shot,,,,MIN,1610612750.0,
Shot Chart Detail,22101141,599,0,Opponent,1610612761,Toronto Raptors,4,6,44,Missed Shot,Driving Reverse Layup Shot,,Restricted Area,Center(C),Less Than 8 ft.,1,-1,11,1,0,20220330,TOR,MIN,22101141599,|1627783|1628384|1628449|1630567|201152,0,REG,,,2022,1628449,-25.0,SF,Helper,0.4,MISS Nowell 1' Driving Reverse Layup,,,,MIN,1610612750.0,
Shot Chart Detail,22101141,604,0,Opponent,1610612761,Toronto Raptors,4,5,56,Missed Shot,Jump Shot,,Above the Break 3,Center(C),24+ ft.,25,12,254,1,0,20220330,TOR,MIN,22101141604,|1627783|1628384|1628449|1630567|201152,0,REG,,,2022,1627783,-27.0,PF,Helper,0.72,MISS Reid 25' 3PT Jump Shot,,,,MIN,1610612750.0,
Shot Chart Detail,22101141,608,0,Opponent,1610612761,Toronto Raptors,4,5,38,Made Shot,Running Dunk Shot,,Restricted Area,Center(C),Less Than 8 ft.,1,9,8,1,1,20220330,TOR,MIN,22101141608,|1627783|1628384|1628449|1630567|201152,0,REG,,,2022,1627783,-25.0,PF,Helper,0.72,Edwards 1' Running Dunk (24 PTS),,,,MIN,1610612750.0,
Shot Chart Detail,22101141,623,0,Opponent,1610612761,Toronto Raptors,4,5,7,Missed Shot,Jump Shot,,Above the Break 3,Left Side Center(LC),24+ ft.,25,-189,169,1,0,20220330,TOR,MIN,22101141623,|1627783|1627832|1628384|1629018|1630567,0,REG,,,2022,1627783,-25.0,PF,Helper,0.72,MISS Okogie 25' 3PT Jump Shot,,,,MIN,1610612750.0,
Shot Chart Detail,22101141,635,0,Opponent,1610612761,Toronto Raptors,4,4,22,Missed Shot,Driving Hook Shot,,In The Paint (Non-RA),Center(C),Less Than 8 ft.,4,13,38,1,0,20220330,TOR,MIN,22101141635,|1627832|1628384|1629018|1630173|1630567,0,REG,,,2022,1628384,-27.0,SF,Wing Stopper,1.03,MISS Reid 4' Driving Hook Shot,,,,MIN,1610612750.0,
Shot Chart Detail,22101141,653,0,Opponent,1610612761,Toronto Raptors,4,4,4,Made Shot,Cutting Dunk Shot,,Restricted Area,Center(C),Less Than 8 ft.,2,0,22,1,1,20220330,TOR,MIN,22101141653,|1628449|1629004|1629139|1629717|1630625,1,REG,,,2022,1628449,-25.0,SF,Helper,0.4,Reid 2' Cutting Dunk Shot (6 PTS) (Okogie 1 AST),,,,MIN,1610612750.0,1629006.0
Shot Chart Detail,22101141,660,0,Opponent,1610612761,Toronto Raptors,4,3,42,Missed Shot,Jump Shot,,Above the Break 3,Left Side Center(LC),24+ ft.,25,-126,221,1,0,20220330,TOR,MIN,22101141660,|1628449|1629004|1629139|1629717|1630625,0,REG,,,2022,1628449,-24.0,SF,Helper,0.4,MISS Layman 25' 3PT Jump Shot,,,,MIN,1610612750.0,
Shot Chart Detail,22101141,662,0,Opponent,1610612761,Toronto Raptors,4,3,38,Made Shot,Driving Hook Shot,,Restricted Area,Center(C),Less Than 8 ft.,3,-6,39,1,1,20220330,TOR,MIN,22101141662,|1628449|1629004|1629139|1629717|1630625,0,REG,,,2022,1630625|1629004,-22.0,,,,,,,,MIN,1610612750.0,
Shot Chart Detail,22101141,665,0,Opponent,1610612761,Toronto Raptors,4,3,5,Missed Shot,Step Back Jump shot,,Above the Break 3,Left Side Center(LC),24+ ft.,25,-92,241,1,0,20220330,TOR,MIN,22101141665,|1628449|1629004|1629139|1629717|1630625,0,REG,,,2022,1628449,-22.0,SF,Helper,0.4,MISS Reid 26' 3PT Step Back Jump Shot,,,,MIN,1610612750.0,
Shot Chart Detail,22101141,676,0,Opponent,1610612761,Toronto Raptors,4,2,18,Missed Shot,Jump Shot,,Above the Break 3,Right Side Center(RC),24+ ft.,24,131,207,1,0,20220330,TOR,MIN,22101141676,|1628449|1629004|1629139|1629717|1630625,0,REG,,,2022,1629004,-24.0,SF,Chaser,-0.31,MISS Nowell 24' 3PT Jump Shot,,,,MIN,1610612750.0,
Shot Chart Detail,22101141,681,0,Opponent,1610612761,Toronto Raptors,4,1,49,Made Shot,Pullup Jump shot,,Mid-Range,Center(C),16-24 ft.,21,-34,214,1,1,20220330,TOR,MIN,22101141681,|1628449|1629004|1629139|1629717|1630625,1,REG,,,2022,1629139,-22.0,SF,Helper,0.1,Layman 22' Pullup Jump Shot (3 PTS) (Nowell 2 AST),,,,MIN,1610612750.0,1629669.0
Shot Chart Detail,22101141,689,0,Opponent,1610612761,Toronto Raptors,4,1,23,Missed Shot,Driving Reverse Layup Shot,,Restricted Area,Center(C),Less Than 8 ft.,1,-9,7,1,0,20220330,TOR,MIN,22101141689,|1628449|1629004|1629139|1629717|1630625,0,REG,,,2022,1629139,-22.0,SF,Helper,0.1,MISS Layman 1' Driving Reverse Layup,,,,MIN,1610612750.0,
Shot Chart Detail,22101141,692,0,Opponent,1610612761,Toronto Raptors,4,0,55,Made Shot,Jump Shot,,Above the Break 3,Left Side Center(LC),24+ ft.,26,-162,204,1,1,20220330,TOR,MIN,22101141692,|1628449|1629004|1629139|1629717|1630625,1,REG,,,2022,1629139,-21.0,SF,Helper,0.1,Layman 26' 3PT Jump Shot (6 PTS) (Reid 2 AST),,,,MIN,1610612750.0,1629675.0
Shot Chart Detail,22101141,699,0,Opponent,1610612761,Toronto Raptors,4,0,35,Missed Shot,Running Jump Shot,,Above the Break 3,Left Side Center(LC),24+ ft.,25,-190,164,1,0,20220330,TOR,MIN,22101141699,|1628449|1629004|1629139|1629717|1630625,0,REG,,,2022,1628449,-23.0,SF,Helper,0.4,MISS Layman 25' 3PT Running Jump Shot,,,,MIN,1610612750.0,
Shot Chart Detail,22101141,704,0,Opponent,1610612761,Toronto Raptors,4,0,24,Missed Shot,Finger Roll Layup Shot,,Restricted Area,Center(C),Less Than 8 ft.,2,18,11,1,0,20220330,TOR,MIN,22101141704,|1628449|1629004|1629139|1629717|1630625,0,REG,,,2022,1630625,-23.0,PG,Chaser,0.27,MISS Bolmaro 2' Finger Roll Layup,,,,MIN,1610612750.0,
Shot Chart Detail,22101141,709,0,Opponent,1610612761,Toronto Raptors,1,4,40,Missed Shot,Driving Layup Shot,,In The Paint (Non-RA),Center(C),Less Than 8 ft.,7,-7,79,1,0,20220330,TOR,MIN,22101141709,|1627783|1627832|1628449|1629018|203920,0,REG,,,2022,203920,,C,Mobile Big,0.63,VanVleet BLOCK (1 BLK),,,,MIN,1610612750.0,
Shot Chart Detail,22101151,15,0,Opponent,1610612761,Toronto Raptors,1,10,36,Made Shot,Jump Shot,,Left Corner 3,Left Side(L),24+ ft.,22,-224,11,1,1,20220401,ORL,TOR,2210115115,|1627783|1627832|1628384|1629018|1630567,1,REG,,,2022,1627832,-1.0,PG,Point of Attack,0.9,Brazdeikis 3PT Jump Shot (3 PTS) (Anthony 1 AST),,,,ORL,1610612753.0,1630175.0
Shot Chart Detail,22101151,27,0,Opponent,1610612761,Toronto Raptors,1,8,59,Made Shot,Driving Layup Shot,,Restricted Area,Center(C),Less Than 8 ft.,2,-26,5,1,1,20220401,ORL,TOR,2210115127,|1627783|1627832|1628384|1629018|1630567,0,REG,,,2022,1627783|1630567,-4.0,,,,,,,,ORL,1610612753.0,
Shot Chart Detail,22101151,30,0,Opponent,1610612761,Toronto Raptors,1,8,38,Made Shot,Jump Shot,,Above the Break 3,Left Side Center(LC),24+ ft.,24,-123,215,1,1,20220401,ORL,TOR,2210115130,|1627783|1627832|1628384|1629018|1630567,1,REG,,,2022,1627832,-1.0,PG,Point of Attack,0.9,Brazdeikis 25' 3PT Jump Shot (6 PTS) (Hampton 1 AST),,,,ORL,1610612753.0,1630181.0
Shot Chart Detail,22101151,35,0,Opponent,1610612761,Toronto Raptors,1,8,11,Missed Shot,Jump Shot,,Above the Break 3,Center(C),24+ ft.,26,47,258,1,0,20220401,ORL,TOR,2210115135,|1627783|1627832|1628384|1629018|1630567,0,REG,,,2022,1629018,-3.0,SG,Chaser,0.19,MISS Okeke 26' 3PT Jump Shot,,,,ORL,1610612753.0,
Shot Chart Detail,22101151,37,0,Opponent,1610612761,Toronto Raptors,1,8,7,Made Shot,Tip Layup Shot,,Restricted Area,Center(C),Less Than 8 ft.,0,0,0,1,1,20220401,ORL,TOR,2210115137,|1627783|1627832|1628384|1629018|1630567,0,REG,,,2022,1627783|1627832,-1.0,,,,,,,,ORL,1610612753.0,
Shot Chart Detail,22101151,50,0,Opponent,1610612761,Toronto Raptors,1,7,15,Made Shot,Reverse Layup Shot,,Restricted Area,Center(C),Less Than 8 ft.,3,-34,7,1,1,20220401,ORL,TOR,2210115150,|1627783|1627832|1628384|1629018|1630567,1,REG,,,2022,1627783,-2.0,PF,Helper,0.72,Bamba 3' Reverse Layup (4 PTS) (Hampton 2 AST),,,,ORL,1610612753.0,1630181.0
Shot Chart Detail,22101151,61,0,Opponent,1610612761,Toronto Raptors,1,6,29,Missed Shot,Driving Floating Jump Shot,,In The Paint (Non-RA),Center(C),Less Than 8 ft.,7,51,55,1,0,20220401,ORL,TOR,2210115161,|1627783|1627832|1628384|1629018|1630567,0,REG,,,2022,1627832,-2.0,PG,Point of Attack,0.9,MISS Anthony 8' Driving Floating Jump Shot,,,,ORL,1610612753.0,
Shot Chart Detail,22101151,66,0,Opponent,1610612761,Toronto Raptors,1,6,14,Made Shot,Floating Jump shot,,In The Paint (Non-RA),Center(C),Less Than 8 ft.,6,-18,67,1,1,20220401,ORL,TOR,2210115166,|1627783|1627832|1628384|1629018|1630567,1,REG,,,2022,1627783|1630567,0.0,,,,,,,,ORL,1610612753.0,1630175.0
Shot Chart Detail,22101151,70,0,Opponent,1610612761,Toronto Raptors,1,5,52,Missed Shot,Running Pull-Up Jump Shot,,Above the Break 3,Left Side Center(LC),24+ ft.,24,-184,168,1,0,20220401,ORL,TOR,2210115170,|1627783|1627832|1628384|1629018|1630567,0,REG,,,2022,1629018,0.0,SG,Chaser,0.19,MISS Anthony 25' 3PT Running Pull-Up Jump Shot,,,,ORL,1610612753.0,
Shot Chart Detail,22101151,74,0,Opponent,1610612761,Toronto Raptors,1,5,15,Made Shot,Driving Floating Bank Jump Shot,,In The Paint (Non-RA),Center(C),Less Than 8 ft.,4,-42,10,1,1,20220401,ORL,TOR,2210115174,|1627783|1627832|1628384|1629018|1630567,1,REG,,,2022,1629018|1627832,-1.0,,,,,,,,ORL,1610612753.0,1628964.0
Shot Chart Detail,22101151,78,0,Opponent,1610612761,Toronto Raptors,1,4,53,Missed Shot,Jump Shot,,Above the Break 3,Center(C),24+ ft.,25,1,256,1,0,20220401,ORL,TOR,2210115178,|1627783|1627832|1628384|1629018|1630567,0,REG,,,2022,1630567,-1.0,PF,Helper,0.63,MISS Bamba 26' 3PT Jump Shot,,,,ORL,1610612753.0,
Shot Chart Detail,22101151,82,0,Opponent,1610612761,Toronto Raptors,1,4,23,Missed Shot,Jump Shot,,Above the Break 3,Left Side Center(LC),24+ ft.,24,-176,172,1,0,20220401,ORL,TOR,2210115182,|1627783|1627832|1628384|1629018|1630567,0,REG,,,2022,1630567,-4.0,PF,Helper,0.63,MISS Bamba 25' 3PT Jump Shot,,,,ORL,1610612753.0,
Shot Chart Detail,22101151,98,0,Opponent,1610612761,Toronto Raptors,1,3,23,Made Shot,Jump Shot,,Above the Break 3,Right Side Center(RC),24+ ft.,26,134,226,1,1,20220401,ORL,TOR,2210115198,|1627783|1627832|1628449|1629018|1630173,1,REG,,,2022,1630173,-4.0,C,Mobile Big,0.24,Bamba 26' 3PT Jump Shot (9 PTS) (Fultz 1 AST),,,,ORL,1610612753.0,1628365.0
Shot Chart Detail,22101151,102,0,Opponent,1610612761,Toronto Raptors,1,2,54,Made Shot,Running Jump Shot,,Mid-Range,Left Side(L),16-24 ft.,22,-219,-28,1,1,20220401,ORL,TOR,22101151102,|1627783|1627832|1628449|1629018|1630173,1,REG,,,2022,1627783,-1.0,PF,Helper,0.72,Brazdeikis 3PT Running Jump Shot (9 PTS) (Fultz 2 AST),,,,ORL,1610612753.0,1628365.0
Shot Chart Detail,22101151,117,0,Opponent,1610612761,Toronto Raptors,1,1,56,Missed Shot,Driving Dunk Shot,,In The Paint (Non-RA),Center(C),Less Than 8 ft.,4,-39,17,1,0,20220401,ORL,TOR,22101151117,|1627832|1628449|1629018|1630173|1630567,0,REG,,,2022,1630567,-4.0,PF,Helper,0.63,MISS Hampton 4' Driving Dunk,,,,ORL,1610612753.0,
Shot Chart Detail,22101151,125,0,Opponent,1610612761,Toronto Raptors,1,1,12,Missed Shot,Pullup Jump shot,,In The Paint (Non-RA),Center(C),8-16 ft.,11,5,110,1,0,20220401,ORL,TOR,22101151125,|1627832|1628449|1629018|1630173|1630567,0,REG,,,2022,1630173,-4.0,C,Mobile Big,0.24,MISS Fultz 11' Pullup Jump Shot,,,,ORL,1610612753.0,
Shot Chart Detail,22101151,135,0,Opponent,1610612761,Toronto Raptors,1,0,19,Missed Shot,Pullup Jump shot,,Above the Break 3,Right Side Center(RC),24+ ft.,25,92,236,1,0,20220401,ORL,TOR,22101151135,|1627832|1628449|1629018|1630173|1630567,0,REG,,,2022,1630173,-6.0,C,Mobile Big,0.24,MISS Cannady 25' 3PT Pullup Jump Shot,,,,ORL,1610612753.0,
Shot Chart Detail,22101151,139,0,Opponent,1610612761,Toronto Raptors,1,0,0,Missed Shot,Jump Shot,,Mid-Range,Left Side(L),16-24 ft.,17,-170,27,1,0,20220401,ORL,TOR,22101151139,|1627832|1628449|1629018|1630173|1630567,0,REG,,,2022,1630173,-6.0,C,Mobile Big,0.24,MISS Lopez 17' Jump Shot,,,,ORL,1610612753.0,
Shot Chart Detail,22101151,149,0,Opponent,1610612761,Toronto Raptors,2,11,45,Missed Shot,Jump Shot,,Right Corner 3,Right Side(R),24+ ft.,23,239,9,1,0,20220401,ORL,TOR,22101151149,|1627783|1628384|1628449|1630173|201152,0,REG,,,2022,1628449,-6.0,SF,Helper,0.4,MISS Schofield 24' 3PT Jump Shot,,,,ORL,1610612753.0,
Shot Chart Detail,22101151,153,0,Opponent,1610612761,Toronto Raptors,2,11,23,Missed Shot,Floating Jump shot,,In The Paint (Non-RA),Center(C),Less Than 8 ft.,7,1,75,1,0,20220401,ORL,TOR,22101151153,|1627783|1628384|1628449|1630173|201152,0,REG,,,2022,1630173|1628449,-6.0,,,,,,,,ORL,1610612753.0,
Shot Chart Detail,22101151,156,0,Opponent,1610612761,Toronto Raptors,2,11,16,Made Shot,Layup Shot,,Restricted Area,Center(C),Less Than 8 ft.,2,-7,26,1,1,20220401,ORL,TOR,22101151156,|1627783|1628384|1628449|1630173|201152,0,REG,,,2022,1628384|1630173|201152,-4.0,,,,,,,,ORL,1610612753.0,
Shot Chart Detail,22101151,162,0,Opponent,1610612761,Toronto Raptors,2,10,17,Made Shot,Jump Shot,,Left Corner 3,Left Side(L),24+ ft.,22,-221,-31,1,1,20220401,ORL,TOR,22101151162,|1627783|1628384|1628449|1630173|201152,1,REG,,,2022,1628384,-3.0,SF,Wing Stopper,1.03,Cannady 3PT Jump Shot (3 PTS) (Fultz 3 AST),,,,ORL,1610612753.0,1628365.0
Shot Chart Detail,22101151,172,0,Opponent,1610612761,Toronto Raptors,2,11,21,Missed Shot,Layup Shot,,In The Paint (Non-RA),Center(C),Less Than 8 ft.,5,-29,44,1,0,20220401,ORL,TOR,22101151172,|1627783|1628384|1628449|1630173|201152,0,REG,,,2022,1628384|1630173,-6.0,,,,,,,,ORL,1610612753.0,
Shot Chart Detail,22101151,176,0,Opponent,1610612761,Toronto Raptors,2,9,21,Missed Shot,Running Layup Shot,,In The Paint (Non-RA),Center(C),Less Than 8 ft.,5,-50,1,1,0,20220401,ORL,TOR,22101151176,|1627783|1628384|1628449|1630173|201152,0,REG,,,2022,1627783,-1.0,PF,Helper,0.72,MISS Fultz 5' Running Layup,,,,ORL,1610612753.0,
Shot Chart Detail,22101151,184,0,Opponent,1610612761,Toronto Raptors,2,8,39,Missed Shot,Pullup Jump shot,,Mid-Range,Right Side(R),8-16 ft.,15,143,58,1,0,20220401,ORL,TOR,22101151184,|1627783|1628384|1628449|1630173|201152,0,REG,,,2022,1628384,-3.0,SF,Wing Stopper,1.03,MISS Fultz 15' Pullup Jump Shot,,,,ORL,1610612753.0,
Shot Chart Detail,22101151,195,0,Opponent,1610612761,Toronto Raptors,2,8,4,Made Shot,Layup Shot,,Restricted Area,Center(C),Less Than 8 ft.,1,6,17,1,1,20220401,ORL,TOR,22101151195,|1627783|1628384|1630173|201152|203920,1,REG,,,2022,1630173|201152,-4.0,,,,,,,,ORL,1610612753.0,1628365.0
Shot Chart Detail,22101151,202,0,Opponent,1610612761,Toronto Raptors,2,7,36,Made Shot,Pullup Jump shot,,In The Paint (Non-RA),Center(C),8-16 ft.,10,4,106,1,1,20220401,ORL,TOR,22101151202,|1627783|1628384|1630173|201152|203920,0,REG,,,2022,201152,-3.0,PF,Helper,0.84,Fultz 11' Pullup Jump Shot (2 PTS),,,,ORL,1610612753.0,
Shot Chart Detail,22101151,205,0,Opponent,1610612761,Toronto Raptors,2,7,8,Made Shot,Jump Shot,,Right Corner 3,Right Side(R),24+ ft.,23,237,-1,1,1,20220401,ORL,TOR,22101151205,|1627783|1628384|1630173|201152|203920,1,REG,,,2022,201152,0.0,PF,Helper,0.84,Cannady 24' 3PT Jump Shot (6 PTS) (Schofield 1 AST),,,,ORL,1610612753.0,1629678.0
Shot Chart Detail,22101151,216,0,Opponent,1610612761,Toronto Raptors,2,6,39,Missed Shot,Pullup Jump shot,,Above the Break 3,Right Side Center(RC),24+ ft.,24,163,188,1,0,20220401,ORL,TOR,22101151216,|1627783|1627832|1629018|201152|203920,0,REG,,,2022,1627832,0.0,PG,Point of Attack,0.9,MISS Cannady 25' 3PT Pullup Jump Shot,,,,ORL,1610612753.0,
Shot Chart Detail,22101151,218,0,Opponent,1610612761,Toronto Raptors,2,6,30,Missed Shot,Jump Shot,,Above the Break 3,Right Side Center(RC),24+ ft.,24,158,192,1,0,20220401,ORL,TOR,22101151218,|1627783|1627832|1629018|201152|203920,0,REG,,,2022,201152,0.0,PF,Helper,0.84,MISS Schofield 25' 3PT Jump Shot,,,,ORL,1610612753.0,
Shot Chart Detail,22101151,239,0,Opponent,1610612761,Toronto Raptors,2,5,29,Made Shot,Jump Shot,,Above the Break 3,Left Side Center(LC),24+ ft.,23,-214,104,1,1,20220401,ORL,TOR,22101151239,|1627783|1627832|1629018|1630567|203920,1,REG,,,2022,1630567,3.0,PF,Helper,0.63,Okeke 24' 3PT Jump Shot (3 PTS) (Anthony 3 AST),,,,ORL,1610612753.0,1630175.0
Shot Chart Detail,22101151,245,0,Opponent,1610612761,Toronto Raptors,2,5,2,Missed Shot,Driving Layup Shot,,In The Paint (Non-RA),Center(C),Less Than 8 ft.,4,40,17,1,0,20220401,ORL,TOR,22101151245,|1627783|1627832|1629018|1630567|203920,0,REG,,,2022,203920,0.0,C,Mobile Big,0.63,MISS Anthony 4' Driving Layup,,,,ORL,1610612753.0,
Shot Chart Detail,22101151,255,0,Opponent,1610612761,Toronto Raptors,2,4,27,Missed Shot,Jump Shot,,Left Corner 3,Left Side(L),24+ ft.,23,-222,72,1,0,20220401,ORL,TOR,22101151255,|1627783|1627832|1628384|1629018|1630567,0,REG,,,2022,1629018,-2.0,SG,Chaser,0.19,MISS Hampton 3PT Jump Shot,,,,ORL,1610612753.0,
Shot Chart Detail,22101151,265,0,Opponent,1610612761,Toronto Raptors,2,3,11,Missed Shot,Jump Shot,,Mid-Range,Left Side(L),16-24 ft.,21,-219,-1,1,0,20220401,ORL,TOR,22101151265,|1627783|1627832|1628384|1629018|1630567,0,REG,,,2022,1628384,-6.0,SF,Wing Stopper,1.03,MISS Okeke 3PT Jump Shot,,,,ORL,1610612753.0,
Shot Chart Detail,22101151,284,0,Opponent,1610612761,Toronto Raptors,2,2,17,Made Shot,Layup Shot,,Restricted Area,Center(C),Less Than 8 ft.,2,29,6,1,1,20220401,ORL,TOR,22101151284,|1627783|1627832|1628384|1629018|1630567,1,REG,,,2022,1627783,-6.0,PF,Helper,0.72,Brazdeikis 3' Layup (11 PTS) (Bamba 2 AST),,,,ORL,1610612753.0,1628964.0
Shot Chart Detail,22101151,295,0,Opponent,1610612761,Toronto Raptors,2,1,25,Missed Shot,Jump Shot,,Above the Break 3,Right Side Center(RC),24+ ft.,26,153,213,1,0,20220401,ORL,TOR,22101151295,|1627783|1627832|1628384|1629018|1630567,0,REG,,,2022,1627783,-8.0,PF,Helper,0.72,MISS Bamba 26' 3PT Jump Shot,,,,ORL,1610612753.0,
Shot Chart Detail,22101151,305,0,Opponent,1610612761,Toronto Raptors,2,0,31,Missed Shot,Driving Layup Shot,,Restricted Area,Center(C),Less Than 8 ft.,3,29,16,1,0,20220401,ORL,TOR,22101151305,|1627783|1627832|1628384|1629018|1630567,0,REG,,,2022,1629018,-13.0,SG,Chaser,0.19,MISS Hampton 3' Driving Layup,,,,ORL,1610612753.0,
Shot Chart Detail,22101151,307,0,Opponent,1610612761,Toronto Raptors,2,0,28,Made Shot,Tip Layup Shot,,Restricted Area,Center(C),Less Than 8 ft.,0,0,0,1,1,20220401,ORL,TOR,22101151307,|1627783|1627832|1628384|1629018|1630567,0,REG,,,2022,1629018,-11.0,SG,Chaser,0.19,Hampton Tip Layup Shot (4 PTS),,,,ORL,1610612753.0,
Shot Chart Detail,22101151,310,0,Opponent,1610612761,Toronto Raptors,2,0,2,Missed Shot,Jump Shot,,Above the Break 3,Left Side Center(LC),24+ ft.,26,-143,227,1,0,20220401,ORL,TOR,22101151310,|1627783|1627832|1628384|1629018|1630567,0,REG,,,2022,1627783,-11.0,PF,Helper,0.72,MISS Hampton 27' 3PT Jump Shot,,,,ORL,1610612753.0,
Shot Chart Detail,22101151,323,0,Opponent,1610612761,Toronto Raptors,3,11,40,Made Shot,Floating Jump shot,,In The Paint (Non-RA),Center(C),Less Than 8 ft.,7,-33,64,1,1,20220401,ORL,TOR,22101151323,|1627783|1627832|1628384|1629018|1630567,1,REG,,,2022,1630567,-11.0,PF,Helper,0.63,Brazdeikis 7' Floating Jump Shot (13 PTS) (Bamba 3 AST),,,,ORL,1610612753.0,1628964.0
Shot Chart Detail,22101151,327,0,Opponent,1610612761,Toronto Raptors,3,10,51,Missed Shot,Jump Shot,,Above the Break 3,Left Side Center(LC),24+ ft.,26,-208,167,1,0,20220401,ORL,TOR,22101151327,|1627783|1627832|1628384|1629018|1630567,0,REG,,,2022,1628384,-11.0,SF,Wing Stopper,1.03,MISS Hampton 27' 3PT Jump Shot,,,,ORL,1610612753.0,
Shot Chart Detail,22101151,331,0,Opponent,1610612761,Toronto Raptors,3,10,18,Made Shot,Jump Shot,,Above the Break 3,Right Side Center(RC),24+ ft.,25,157,199,1,1,20220401,ORL,TOR,22101151331,|1627783|1627832|1628384|1629018|1630567,1,REG,,,2022,1627783,-8.0,PF,Helper,0.72,Okeke 25' 3PT Jump Shot (6 PTS) (Bamba 4 AST),,,,ORL,1610612753.0,1628964.0
Shot Chart Detail,22101151,335,0,Opponent,1610612761,Toronto Raptors,3,9,33,Made Shot,Jump Shot,,Mid-Range,Right Side(R),16-24 ft.,16,146,80,1,1,20220401,ORL,TOR,22101151335,|1627783|1627832|1628384|1629018|1630567,1,REG,,,2022,1629018,-9.0,SG,Chaser,0.19,Bamba 17' Jump Shot (11 PTS) (Brazdeikis 1 AST),,,,ORL,1610612753.0,1629649.0
Shot Chart Detail,22101151,338,0,Opponent,1610612761,Toronto Raptors,3,9,1,Missed Shot,Turnaround Jump Shot,,Mid-Range,Left Side(L),8-16 ft.,13,-119,59,1,0,20220401,ORL,TOR,22101151338,|1627783|1627832|1628384|1629018|1630567,0,REG,,,2022,1628384,-11.0,SF,Wing Stopper,1.03,MISS Bamba 13' Turnaround Jump Shot,,,,ORL,1610612753.0,
Shot Chart Detail,22101151,353,0,Opponent,1610612761,Toronto Raptors,3,7,55,Made Shot,Running Jump Shot,,Above the Break 3,Left Side Center(LC),24+ ft.,25,-196,167,1,1,20220401,ORL,TOR,22101151353,|1627783|1627832|1628384|1629018|1630567,1,REG,,,2022,1630567,-10.0,PF,Helper,0.63,Cannady 26' 3PT Running Jump Shot (9 PTS) (Okeke 1 AST),,,,ORL,1610612753.0,1629643.0
Shot Chart Detail,22101151,360,0,Opponent,1610612761,Toronto Raptors,3,7,22,Missed Shot,Driving Layup Shot,,In The Paint (Non-RA),Center(C),Less Than 8 ft.,5,42,31,1,0,20220401,ORL,TOR,22101151360,|1627783|1627832|1628384|1629018|1630567,0,REG,,,2022,1629018|1630567,-11.0,,,,,,,,ORL,1610612753.0,
Shot Chart Detail,22101151,376,0,Opponent,1610612761,Toronto Raptors,3,6,14,Missed Shot,Driving Floating Bank Jump Shot,,In The Paint (Non-RA),Left Side(L),8-16 ft.,8,-58,56,1,0,20220401,ORL,TOR,22101151376,|1627783|1627832|1628384|1629018|1630567,0,REG,,,2022,1630567|1627832,-16.0,,,,,,,,ORL,1610612753.0,
Shot Chart Detail,22101151,380,0,Opponent,1610612761,Toronto Raptors,3,5,48,Missed Shot,Jump Shot,,Above the Break 3,Right Side Center(RC),24+ ft.,25,205,153,1,0,20220401,ORL,TOR,22101151380,|1627783|1627832|1628384|1629018|1630567,0,REG,,,2022,1630567,-16.0,PF,Helper,0.63,MISS Okeke 26' 3PT Jump Shot,,,,ORL,1610612753.0,
Shot Chart Detail,22101151,384,0,Opponent,1610612761,Toronto Raptors,3,5,13,Missed Shot,Running Jump Shot,,Above the Break 3,Right Side Center(RC),24+ ft.,28,91,275,1,0,20220401,ORL,TOR,22101151384,|1627783|1627832|1628384|1629018|1630567,0,REG,,,2022,1630567,-16.0,PF,Helper,0.63,MISS Brazdeikis 29' 3PT Running Jump Shot,,,,ORL,1610612753.0,
Shot Chart Detail,22101151,388,0,Opponent,1610612761,Toronto Raptors,3,4,52,Missed Shot,Jump Shot,,Above the Break 3,Left Side Center(LC),24+ ft.,26,-223,141,1,0,20220401,ORL,TOR,22101151388,|1627783|1627832|1628384|1629018|1630567,0,REG,,,2022,1628384,-16.0,SF,Wing Stopper,1.03,MISS Okeke 26' 3PT Jump Shot,,,,ORL,1610612753.0,
Shot Chart Detail,22101151,390,0,Opponent,1610612761,Toronto Raptors,3,4,36,Made Shot,Driving Layup Shot,,Restricted Area,Center(C),Less Than 8 ft.,3,-34,21,1,1,20220401,ORL,TOR,22101151390,|1627783|1627832|1628384|1629018|1630567,0,REG,,,2022,1628384|1627832,-14.0,,,,,,,,ORL,1610612753.0,
Shot Chart Detail,22101151,403,0,Opponent,1610612761,Toronto Raptors,3,3,31,Missed Shot,Jump Shot,,Right Corner 3,Right Side(R),24+ ft.,22,227,27,1,0,20220401,ORL,TOR,22101151403,|1627783|1627832|1628449|1629018|1630173,0,REG,,,2022,1627783,-16.0,PF,Helper,0.72,MISS Brazdeikis 3PT Jump Shot,,,,ORL,1610612753.0,
Shot Chart Detail,22101151,412,0,Opponent,1610612761,Toronto Raptors,3,2,55,Missed Shot,Jump Shot,,Above the Break 3,Left Side Center(LC),24+ ft.,28,-146,243,1,0,20220401,ORL,TOR,22101151412,|1627783|1627832|1628449|1629018|1630173,0,REG,,,2022,1630173,-18.0,C,Mobile Big,0.24,MISS M. Wagner 28' 3PT Jump Shot,,,,ORL,1610612753.0,
Shot Chart Detail,22101151,426,0,Opponent,1610612761,Toronto Raptors,3,2,26,Made Shot,Driving Layup Shot,,Restricted Area,Center(C),Less Than 8 ft.,2,23,8,1,1,20220401,ORL,TOR,22101151426,|1627832|1628449|1630173|1630567|201152,0,REG,,,2022,1630567|1628449,-16.0,,,,,,,,ORL,1610612753.0,
Shot Chart Detail,22101151,431,0,Opponent,1610612761,Toronto Raptors,3,1,57,Missed Shot,Jump Shot,,Above the Break 3,Right Side Center(RC),24+ ft.,24,224,88,1,0,20220401,ORL,TOR,22101151431,|1627832|1628449|1630173|1630567|201152,0,REG,,,2022,1627832,-18.0,PG,Point of Attack,0.9,MISS Cannady 24' 3PT Jump Shot,,,,ORL,1610612753.0,
Shot Chart Detail,22101151,435,0,Opponent,1610612761,Toronto Raptors,3,1,35,Missed Shot,Jump Shot,,Right Corner 3,Right Side(R),24+ ft.,23,228,74,1,0,20220401,ORL,TOR,22101151435,|1627832|1628449|1630173|1630567|201152,0,REG,,,2022,1628449,-18.0,SF,Helper,0.4,MISS Anthony 24' 3PT Jump Shot,,,,ORL,1610612753.0,
Shot Chart Detail,22101151,439,0,Opponent,1610612761,Toronto Raptors,3,1,15,Made Shot,Driving Reverse Layup Shot,,Restricted Area,Center(C),Less Than 8 ft.,2,-20,13,1,1,20220401,ORL,TOR,22101151439,|1627832|1628449|1630173|1630567|201152,0,REG,,,2022,1630173|1628449,-19.0,,,,,,,,ORL,1610612753.0,
Shot Chart Detail,22101151,442,0,Opponent,1610612761,Toronto Raptors,3,0,41,Missed Shot,Driving Layup Shot,,In The Paint (Non-RA),Center(C),Less Than 8 ft.,4,-36,21,1,0,20220401,ORL,TOR,22101151442,|1627832|1628449|1630173|1630567|201152,0,REG,,,2022,1628449,-19.0,SF,Helper,0.4,MISS Fultz 4' Driving Layup,,,,ORL,1610612753.0,
Shot Chart Detail,22101151,446,0,Opponent,1610612761,Toronto Raptors,3,0,3,Missed Shot,Jump Shot,,Above the Break 3,Right Side Center(RC),24+ ft.,26,119,236,1,0,20220401,ORL,TOR,22101151446,|1627832|1628449|1630173|1630567|201152,0,REG,,,2022,1630567|201152,-22.0,,,,,,,,ORL,1610612753.0,
Shot Chart Detail,22101151,461,0,Opponent,1610612761,Toronto Raptors,4,11,29,Made Shot,Cutting Dunk Shot,,Restricted Area,Center(C),Less Than 8 ft.,3,-23,22,1,1,20220401,ORL,TOR,22101151461,|1627783|1628449|1629018|1630173|201152,1,REG,,,2022,201152,-20.0,PF,Helper,0.84,Bamba 3' Cutting Dunk Shot (13 PTS) (Fultz 5 AST),,,,ORL,1610612753.0,1628365.0
Shot Chart Detail,22101151,465,0,Opponent,1610612761,Toronto Raptors,4,10,49,Missed Shot,Jump Shot,,Above the Break 3,Right Side Center(RC),24+ ft.,25,191,163,1,0,20220401,ORL,TOR,22101151465,|1627783|1628449|1629018|1630173|201152,0,REG,,,2022,201152,-20.0,PF,Helper,0.84,MISS M. Wagner 25' 3PT Jump Shot,,,,ORL,1610612753.0,
Shot Chart Detail,22101151,469,0,Opponent,1610612761,Toronto Raptors,4,10,22,Made Shot,Cutting Layup Shot,,In The Paint (Non-RA),Center(C),Less Than 8 ft.,4,38,29,1,1,20220401,ORL,TOR,22101151469,|1627783|1628449|1629018|1630173|201152,1,REG,,,2022,1629018,-18.0,SG,Chaser,0.19,M. Wagner 5' Cutting Layup Shot (4 PTS) (Cannady 1 AST),,,,ORL,1610612753.0,1629962.0
Shot Chart Detail,22101151,478,0,Opponent,1610612761,Toronto Raptors,4,9,54,Made Shot,Cutting Dunk Shot,,Restricted Area,Center(C),Less Than 8 ft.,2,16,16,1,1,20220401,ORL,TOR,22101151478,|1627783|1628449|1629018|1630173|201152,1,REG,,,2022,1628449,-17.0,SF,Helper,0.4,M. Wagner 2' Cutting Dunk Shot (6 PTS) (Fultz 6 AST),,,,ORL,1610612753.0,1628365.0
Shot Chart Detail,22101151,482,0,Opponent,1610612761,Toronto Raptors,4,9,37,Made Shot,Running Dunk Shot,,Restricted Area,Center(C),Less Than 8 ft.,3,10,32,1,1,20220401,ORL,TOR,22101151482,|1627783|1628449|1629018|1630173|201152,1,REG,,,2022,,,,,,,,,,ORL,1610612753.0,1628365.0
Shot Chart Detail,22101151,487,0,Opponent,1610612761,Toronto Raptors,4,9,5,Made Shot,Turnaround Fadeaway Bank Jump Shot,,Mid-Range,Left Side(L),8-16 ft.,12,-91,80,1,1,20220401,ORL,TOR,22101151487,|1627783|1628449|1629018|1630173|201152,1,REG,,,2022,1630173,-13.0,C,Mobile Big,0.24,Fultz 12' Turnaround Fadeaway Bank Jump Shot (10 PTS) (M. Wagner 1 AST),,,,ORL,1610612753.0,1629021.0
Shot Chart Detail,22101151,490,0,Opponent,1610612761,Toronto Raptors,4,8,38,Made Shot,Driving Floating Jump Shot,,In The Paint (Non-RA),Center(C),Less Than 8 ft.,7,-54,46,1,1,20220401,ORL,TOR,22101151490,|1627783|1628449|1629018|1630173|201152,0,REG,,,2022,1627783,-11.0,PF,Helper,0.72,Fultz 7' Driving Floating Jump Shot (12 PTS),,,,ORL,1610612753.0,
Shot Chart Detail,22101151,501,0,Opponent,1610612761,Toronto Raptors,4,8,4,Made Shot,Driving Finger Roll Layup Shot,,In The Paint (Non-RA),Right Side(R),8-16 ft.,8,75,36,1,1,20220401,ORL,TOR,22101151501,|1627783|1627832|1628384|1629018|1630567,1,REG,,,2022,1628384,-11.0,SF,Wing Stopper,1.03,Schofield 8' Driving Finger Roll Layup (2 PTS) (Bamba 5 AST),,,,ORL,1610612753.0,1628964.0
Shot Chart Detail,22101151,505,0,Opponent,1610612761,Toronto Raptors,4,7,36,Missed Shot,Pullup Jump shot,,Mid-Range,Right Side(R),16-24 ft.,20,175,102,1,0,20220401,ORL,TOR,22101151505,|1627783|1627832|1628384|1629018|1630567,0,REG,,,2022,1627783,-11.0,PF,Helper,0.72,MISS Fultz 20' Pullup Jump Shot,,,,ORL,1610612753.0,
Shot Chart Detail,22101151,513,0,Opponent,1610612761,Toronto Raptors,4,7,14,Missed Shot,Cutting Dunk Shot,,In The Paint (Non-RA),Center(C),Less Than 8 ft.,5,7,59,1,0,20220401,ORL,TOR,22101151513,|1627783|1627832|1628384|1629018|1630567,0,REG,,,2022,1628384,-11.0,SF,Wing Stopper,1.03,MISS M. Wagner 6' Cutting Dunk Shot,,,,ORL,1610612753.0,
Shot Chart Detail,22101151,516,0,Opponent,1610612761,Toronto Raptors,4,7,7,Missed Shot,Jump Shot,,Above the Break 3,Left Side Center(LC),24+ ft.,26,-228,132,1,0,20220401,ORL,TOR,22101151516,|1627783|1627832|1628384|1629018|1630567,0,REG,,,2022,1629018,-11.0,SG,Chaser,0.19,MISS Cannady 26' 3PT Jump Shot,,,,ORL,1610612753.0,
Shot Chart Detail,22101151,521,0,Opponent,1610612761,Toronto Raptors,4,6,20,Missed Shot,Driving Layup Shot,,In The Paint (Non-RA),Center(C),Less Than 8 ft.,4,32,29,1,0,20220401,ORL,TOR,22101151521,|1627783|1627832|1628384|1629018|1630567,0,REG,,,2022,1627783,-13.0,PF,Helper,0.72,MISS Fultz 4' Driving Layup,,,,ORL,1610612753.0,
Shot Chart Detail,22101151,527,0,Opponent,1610612761,Toronto Raptors,4,5,46,Missed Shot,Turnaround Hook Shot,,In The Paint (Non-RA),Center(C),Less Than 8 ft.,4,-4,49,1,0,20220401,ORL,TOR,22101151527,|1627783|1627832|1628384|1629018|1630567,0,REG,,,2022,1629018|1627783,-13.0,,,,,,,,ORL,1610612753.0,
Shot Chart Detail,22101151,538,0,Opponent,1610612761,Toronto Raptors,4,5,12,Made Shot,Jump Shot,,Right Corner 3,Right Side(R),24+ ft.,23,227,52,1,1,20220401,ORL,TOR,22101151538,|1627783|1627832|1628384|1629018|1630567,1,REG,,,2022,1627783,-13.0,PF,Helper,0.72,Schofield 3PT Jump Shot (5 PTS) (Cannady 2 AST),,,,ORL,1610612753.0,1629962.0
Shot Chart Detail,22101151,542,0,Opponent,1610612761,Toronto Raptors,4,4,42,Made Shot,Jump Shot,,Left Corner 3,Left Side(L),24+ ft.,23,-238,7,1,1,20220401,ORL,TOR,22101151542,|1627783|1627832|1628384|1629018|1630567,1,REG,,,2022,1627832,-10.0,PG,Point of Attack,0.9,Anthony 24' 3PT Jump Shot (6 PTS) (Bamba 6 AST),,,,ORL,1610612753.0,1628964.0
Shot Chart Detail,22101151,545,0,Opponent,1610612761,Toronto Raptors,4,3,59,Made Shot,Driving Layup Shot,,In The Paint (Non-RA),Center(C),Less Than 8 ft.,5,-42,29,1,1,20220401,ORL,TOR,22101151545,|1627783|1627832|1628384|1629018|1630567,0,REG,,,2022,1630567|1627832,-11.0,,,,,,,,ORL,1610612753.0,
Shot Chart Detail,22101151,551,0,Opponent,1610612761,Toronto Raptors,4,3,12,Missed Shot,Jump Shot,,Above the Break 3,Right Side Center(RC),24+ ft.,27,196,197,1,0,20220401,ORL,TOR,22101151551,|1627783|1627832|1628384|1629018|1630567,0,REG,,,2022,1630567,-13.0,PF,Helper,0.63,MISS Anthony 28' 3PT Jump Shot,,,,ORL,1610612753.0,
Shot Chart Detail,22101151,578,0,Opponent,1610612761,Toronto Raptors,4,1,22,Missed Shot,Driving Layup Shot,,In The Paint (Non-RA),Center(C),Less Than 8 ft.,6,-31,57,1,0,20220401,ORL,TOR,22101151578,|1627783|1627832|1628384|1629018|1630567,0,REG,,,2022,1629018,-11.0,SG,Chaser,0.19,MISS Anthony 6' Driving Layup,,,,ORL,1610612753.0,
Shot Chart Detail,22101151,582,0,Opponent,1610612761,Toronto Raptors,4,0,58,Missed Shot,Jump Shot,,Mid-Range,Right Side(R),16-24 ft.,22,218,68,1,0,20220401,ORL,TOR,22101151582,|1627783|1627832|1628384|1629018|1630567,0,REG,,,2022,1627783,-13.0,PF,Helper,0.72,MISS M. Wagner 23' Jump Shot,,,,ORL,1610612753.0,
Shot Chart Detail,22101151,586,0,Opponent,1610612761,Toronto Raptors,4,0,21,Missed Shot,Turnaround Fadeaway Bank Jump Shot,,In The Paint (Non-RA),Center(C),Less Than 8 ft.,7,-72,25,1,0,20220401,ORL,TOR,22101151586,|1627783|1627832|1628384|1629018|1630567,0,REG,,,2022,1629018|1630567,-13.0,,,,,,,,ORL,1610612753.0,
Shot Chart Detail,22101172,9,0,Opponent,1610612761,Toronto Raptors,1,11,21,Missed Shot,Driving Finger Roll Layup Shot,,Restricted Area,Center(C),Less Than 8 ft.,3,-15,29,1,0,20220403,TOR,MIA,221011729,|1627783|1627832|1629018|1630567|203920,0,REG,,,2022,203920|1627783,0.0,,,,,,,,MIA,1610612748.0,
Shot Chart Detail,22101172,23,0,Opponent,1610612761,Toronto Raptors,1,10,17,Missed Shot,Jump Shot,,Left Corner 3,Left Side(L),24+ ft.,22,-227,-2,1,0,20220403,TOR,MIA,2210117223,|1627783|1627832|1629018|1630567|203920,0,REG,,,2022,203920,-1.0,C,Mobile Big,0.63,MISS Morris 3PT Jump Shot,,,,MIA,1610612748.0,
Shot Chart Detail,22101172,27,0,Opponent,1610612761,Toronto Raptors,1,9,56,Made Shot,Jump Shot,,Mid-Range,Right Side(R),16-24 ft.,18,188,3,1,1,20220403,TOR,MIA,2210117227,|1627783|1627832|1629018|1630567|203920,1,REG,,,2022,1627783,-2.0,PF,Helper,0.72,Morris 19' Jump Shot (2 PTS) (Lowry 1 AST),,,,MIA,1610612748.0,200768.0
Shot Chart Detail,22101172,31,0,Opponent,1610612761,Toronto Raptors,1,9,28,Missed Shot,Pullup Jump shot,,In The Paint (Non-RA),Center(C),8-16 ft.,14,51,134,1,0,20220403,TOR,MIA,2210117231,|1627783|1627832|1629018|1630567|203920,0,REG,,,2022,1630567,-2.0,PF,Helper,0.63,MISS Adebayo 14' Pullup Jump Shot,,,,MIA,1610612748.0,
Shot Chart Detail,22101172,35,0,Opponent,1610612761,Toronto Raptors,1,8,59,Made Shot,Driving Floating Jump Shot,,In The Paint (Non-RA),Center(C),8-16 ft.,13,-15,130,1,1,20220403,TOR,MIA,2210117235,|1627783|1627832|1629018|1630567|203920,1,REG,,,2022,1627783,0.0,PF,Helper,0.72,Adebayo 13' Driving Floating Jump Shot (2 PTS) (Morris 1 AST),,,,MIA,1610612748.0,202693.0
Shot Chart Detail,22101172,45,0,Opponent,1610612761,Toronto Raptors,1,8,14,Missed Shot,Step Back Jump shot,,Right Corner 3,Right Side(R),24+ ft.,23,229,63,1,0,20220403,TOR,MIA,2210117245,|1627783|1627832|1629018|1630567|203920,0,REG,,,2022,203920,-5.0,C,Mobile Big,0.63,MISS Martin 24' 3PT Step Back Jump Shot,,,,MIA,1610612748.0,
Shot Chart Detail,22101172,49,0,Opponent,1610612761,Toronto Raptors,1,7,57,Missed Shot,Pullup Jump shot,,Above the Break 3,Center(C),24+ ft.,27,-4,272,1,0,20220403,TOR,MIA,2210117249,|1627783|1627832|1629018|1630567|203920,0,REG,,,2022,203920,-5.0,C,Mobile Big,0.63,MISS Lowry 27' 3PT Pullup Jump Shot,,,,MIA,1610612748.0,
Shot Chart Detail,22101172,52,0,Opponent,1610612761,Toronto Raptors,1,7,27,Made Shot,Driving Floating Jump Shot,,In The Paint (Non-RA),Center(C),8-16 ft.,13,-23,138,1,1,20220403,TOR,MIA,2210117252,|1627783|1627832|1629018|1630567|203920,0,REG,,,2022,203920,-3.0,C,Mobile Big,0.63,Lowry 14' Driving Floating Jump Shot (5 PTS),,,,MIA,1610612748.0,
Shot Chart Detail,22101172,55,0,Opponent,1610612761,Toronto Raptors,1,7,3,Missed Shot,Pullup Jump shot,,In The Paint (Non-RA),Center(C),8-16 ft.,13,9,131,1,0,20220403,TOR,MIA,2210117255,|1627783|1627832|1629018|1630567|203920,0,REG,,,2022,203920,-5.0,C,Mobile Big,0.63,MISS Adebayo 13' Pullup Jump Shot,,,,MIA,1610612748.0,
Shot Chart Detail,22101172,73,0,Opponent,1610612761,Toronto Raptors,1,6,17,Made Shot,Jump Shot,,Above the Break 3,Right Side Center(RC),24+ ft.,25,143,209,1,1,20220403,TOR,MIA,2210117273,|1627783|1627832|1628449|1629018|1630173,1,REG,,,2022,1628449,-5.0,SF,Helper,0.4,Morris 25' 3PT Jump Shot (5 PTS) (Lowry 2 AST),,,,MIA,1610612748.0,200768.0
Shot Chart Detail,22101172,82,0,Opponent,1610612761,Toronto Raptors,1,5,24,Made Shot,Floating Jump shot,,In The Paint (Non-RA),Center(C),Less Than 8 ft.,7,5,73,1,1,20220403,TOR,MIA,2210117282,|1627783|1627832|1628449|1629018|1630173,1,REG,,,2022,1627783,-9.0,PF,Helper,0.72,Adebayo 7' Floating Jump Shot (4 PTS) (Herro 1 AST),,,,MIA,1610612748.0,1629639.0
Shot Chart Detail,22101172,90,0,Opponent,1610612761,Toronto Raptors,1,4,50,Made Shot,Running Dunk Shot,,Restricted Area,Center(C),Less Than 8 ft.,2,0,21,1,1,20220403,TOR,MIA,2210117290,|1627783|1627832|1628449|1629018|1630173,1,REG,,,2022,1627832,-7.0,PG,Point of Attack,0.9,Herro 2' Running Dunk (2 PTS) (Morris 2 AST),,,,MIA,1610612748.0,202693.0
Shot Chart Detail,22101172,93,0,Opponent,1610612761,Toronto Raptors,1,4,20,Made Shot,Pullup Jump shot,,Right Corner 3,Right Side(R),24+ ft.,23,233,43,1,1,20220403,TOR,MIA,2210117293,|1627783|1627832|1628449|1629018|1630173,1,REG,,,2022,1628449,-6.0,SF,Helper,0.4,Lowry 24' 3PT Pullup Jump Shot (8 PTS) (Morris 3 AST),,,,MIA,1610612748.0,202693.0
Shot Chart Detail,22101172,96,0,Opponent,1610612761,Toronto Raptors,1,3,33,Missed Shot,Jump Shot,,Above the Break 3,Center(C),24+ ft.,26,-42,261,1,0,20220403,TOR,MIA,2210117296,|1627783|1627832|1628449|1629018|1630173,0,REG,,,2022,1628449,-8.0,SF,Helper,0.4,MISS Morris 26' 3PT Jump Shot,,,,MIA,1610612748.0,
Shot Chart Detail,22101172,100,0,Opponent,1610612761,Toronto Raptors,1,3,11,Missed Shot,Hook Shot,,In The Paint (Non-RA),Center(C),Less Than 8 ft.,5,23,47,1,0,20220403,TOR,MIA,22101172100,|1627783|1627832|1628449|1629018|1630173,0,REG,,,2022,1627832,-11.0,PG,Point of Attack,0.9,MISS Adebayo 5' Hook Shot,,,,MIA,1610612748.0,
Shot Chart Detail,22101172,104,0,Opponent,1610612761,Toronto Raptors,1,2,53,Missed Shot,Driving Floating Jump Shot,,In The Paint (Non-RA),Center(C),8-16 ft.,8,9,85,1,0,20220403,TOR,MIA,22101172104,|1627783|1627832|1628449|1629018|1630173,0,REG,,,2022,1629018,-11.0,SG,Chaser,0.19,MISS Herro 9' Driving Floating Jump Shot,,,,MIA,1610612748.0,
Shot Chart Detail,22101172,106,0,Opponent,1610612761,Toronto Raptors,1,2,48,Made Shot,Layup Shot,,Restricted Area,Center(C),Less Than 8 ft.,3,0,30,1,1,20220403,TOR,MIA,22101172106,|1627783|1627832|1628449|1629018|1630173,0,REG,,,2022,1628449,-9.0,SF,Helper,0.4,Morris 3' Layup (7 PTS),,,,MIA,1610612748.0,
Shot Chart Detail,22101172,127,0,Opponent,1610612761,Toronto Raptors,1,2,13,Missed Shot,Jump Shot,,Mid-Range,Right Side(R),16-24 ft.,20,209,-2,1,0,20220403,TOR,MIA,22101172127,|1627832|1628449|1629717|1630173|1630567,0,REG,,,2022,1630173,-11.0,C,Mobile Big,0.24,MISS Martin 21' Jump Shot,,,,MIA,1610612748.0,
Shot Chart Detail,22101172,136,0,Opponent,1610612761,Toronto Raptors,1,1,29,Missed Shot,Jump Shot,,Left Corner 3,Left Side(L),24+ ft.,22,-227,-2,1,0,20220403,TOR,MIA,22101172136,|1627832|1628449|1629717|1630173|1630567,0,REG,,,2022,1630567,-13.0,PF,Helper,0.63,MISS Martin 3PT Jump Shot,,,,MIA,1610612748.0,
Shot Chart Detail,22101172,138,0,Opponent,1610612761,Toronto Raptors,1,1,26,Made Shot,Jump Shot,,Above the Break 3,Right Side Center(RC),24+ ft.,25,151,210,1,1,20220403,TOR,MIA,22101172138,|1627832|1628449|1629717|1630173|1630567,1,REG,,,2022,1628449,-10.0,SF,Helper,0.4,Oladipo 26' 3PT Jump Shot (3 PTS) (Yurtseven 1 AST),,,,MIA,1610612748.0,1630209.0
Shot Chart Detail,22101172,145,0,Opponent,1610612761,Toronto Raptors,1,0,50,Made Shot,Driving Floating Bank Jump Shot,,In The Paint (Non-RA),Center(C),Less Than 8 ft.,5,-43,31,1,1,20220403,TOR,MIA,22101172145,|1627832|1628449|1629717|1630173|1630567,0,REG,,,2022,1630173,-8.0,C,Mobile Big,0.24,Herro 5' Driving Floating Bank Jump Shot (4 PTS),,,,MIA,1610612748.0,
Shot Chart Detail,22101172,148,0,Opponent,1610612761,Toronto Raptors,1,0,27,Made Shot,Running Pull-Up Jump Shot,,Mid-Range,Right Side Center(RC),16-24 ft.,22,124,184,1,1,20220403,TOR,MIA,22101172148,|1627832|1628449|1629717|1630173|1630567,1,REG,,,2022,1630173,-6.0,C,Mobile Big,0.24,Herro 22' Running Pull-Up Jump Shot (6 PTS) (Robinson 1 AST),,,,MIA,1610612748.0,1629130.0
Shot Chart Detail,22101172,153,0,Opponent,1610612761,Toronto Raptors,1,0,0,Missed Shot,Driving Floating Jump Shot,,Above the Break 3,Center(C),24+ ft.,24,20,241,1,0,20220403,TOR,MIA,22101172153,|1627832|1628449|1629717|1630173|1630567,0,REG,,,2022,1628449,-6.0,SF,Helper,0.4,MISS Oladipo 24' 3PT Driving Floating Jump Shot,,,,MIA,1610612748.0,
Shot Chart Detail,22101172,176,0,Opponent,1610612761,Toronto Raptors,2,10,54,Missed Shot,Step Back Jump shot,,In The Paint (Non-RA),Center(C),Less Than 8 ft.,5,9,59,1,0,20220403,TOR,MIA,22101172176,|1627783|1628449|1629018|1630173|201152,0,REG,,,2022,1630173,-9.0,C,Mobile Big,0.24,MISS Oladipo 6' Step Back Jump Shot,,,,MIA,1610612748.0,
Shot Chart Detail,22101172,180,0,Opponent,1610612761,Toronto Raptors,2,10,28,Made Shot,Step Back Jump shot,,Mid-Range,Left Side(L),8-16 ft.,12,-105,68,1,1,20220403,TOR,MIA,22101172180,|1627783|1628449|1629018|1630173|201152,0,REG,,,2022,1629018,-7.0,SG,Chaser,0.19,Herro 13' Step Back Jump Shot (8 PTS),,,,MIA,1610612748.0,
Shot Chart Detail,22101172,183,0,Opponent,1610612761,Toronto Raptors,2,10,1,Missed Shot,Running Jump Shot,,Above the Break 3,Left Side Center(LC),24+ ft.,26,-180,190,1,0,20220403,TOR,MIA,22101172183,|1627783|1628449|1629018|1630173|201152,0,REG,,,2022,1630173,-7.0,C,Mobile Big,0.24,MISS Robinson 26' 3PT Running Jump Shot,,,,MIA,1610612748.0,
Shot Chart Detail,22101172,190,0,Opponent,1610612761,Toronto Raptors,2,9,38,Missed Shot,Turnaround Fadeaway shot,,In The Paint (Non-RA),Right Side(R),8-16 ft.,9,51,77,1,0,20220403,TOR,MIA,22101172190,|1627783|1628449|1629018|1630173|201152,0,REG,,,2022,1627783,-9.0,PF,Helper,0.72,MISS Yurtseven 9' Turnaround Fadeaway Shot,,,,MIA,1610612748.0,
Shot Chart Detail,22101172,204,0,Opponent,1610612761,Toronto Raptors,2,9,2,Missed Shot,Driving Reverse Layup Shot,,Restricted Area,Center(C),Less Than 8 ft.,3,9,35,1,0,20220403,TOR,MIA,22101172204,|1627783|1627832|1628449|1629018|201152,0,REG,,,2022,1629018,-9.0,SG,Chaser,0.19,Boucher BLOCK (1 BLK),,,,MIA,1610612748.0,
Shot Chart Detail,22101172,210,0,Opponent,1610612761,Toronto Raptors,2,8,16,Missed Shot,Pullup Jump shot,,Above the Break 3,Center(C),24+ ft.,25,-60,252,1,0,20220403,TOR,MIA,22101172210,|1627783|1627832|1628449|1629018|201152,0,REG,,,2022,201152,-11.0,PF,Helper,0.84,MISS Oladipo 26' 3PT Pullup Jump Shot,,,,MIA,1610612748.0,
Shot Chart Detail,22101172,217,0,Opponent,1610612761,Toronto Raptors,2,7,40,Made Shot,Jump Shot,,Above the Break 3,Center(C),24+ ft.,25,1,258,1,1,20220403,TOR,MIA,22101172217,|1627783|1627832|1628449|1629018|201152,1,REG,,,2022,201152,-8.0,PF,Helper,0.84,Oladipo 26' 3PT Jump Shot (6 PTS) (Adebayo 1 AST),,,,MIA,1610612748.0,1628389.0
Shot Chart Detail,22101172,226,0,Opponent,1610612761,Toronto Raptors,2,6,57,Missed Shot,Running Pull-Up Jump Shot,,Above the Break 3,Left Side Center(LC),24+ ft.,24,-223,110,1,0,20220403,TOR,MIA,22101172226,|1627783|1627832|1628449|1629018|201152,0,REG,,,2022,1627783,-8.0,PF,Helper,0.72,MISS Herro 25' 3PT Running Pull-Up Jump Shot,,,,MIA,1610612748.0,
Shot Chart Detail,22101172,229,0,Opponent,1610612761,Toronto Raptors,2,6,32,Missed Shot,Jump Shot,,Right Corner 3,Right Side(R),24+ ft.,23,234,-2,1,0,20220403,TOR,MIA,22101172229,|1627783|1627832|1628449|1629018|201152,0,REG,,,2022,1628449,-10.0,SF,Helper,0.4,MISS Martin 3PT Jump Shot,,,,MIA,1610612748.0,
Shot Chart Detail,22101172,242,0,Opponent,1610612761,Toronto Raptors,2,6,7,Made Shot,Driving Floating Jump Shot,,In The Paint (Non-RA),Center(C),Less Than 8 ft.,7,27,74,1,1,20220403,TOR,MIA,22101172242,|1627783|1627832|1629018|1630567|201152,1,REG,,,2022,1627832|1630567|201152,-10.0,,,,,,,,MIA,1610612748.0,200768.0
Shot Chart Detail,22101172,246,0,Opponent,1610612761,Toronto Raptors,2,5,21,Missed Shot,Jump Shot,,Above the Break 3,Left Side Center(LC),24+ ft.,26,-110,239,1,0,20220403,TOR,MIA,22101172246,|1627783|1627832|1629018|1630567|201152,0,REG,,,2022,,,,,,,,,,MIA,1610612748.0,
Shot Chart Detail,22101172,250,0,Opponent,1610612761,Toronto Raptors,2,5,4,Made Shot,Step Back Jump shot,,Above the Break 3,Left Side Center(LC),24+ ft.,26,-153,216,1,1,20220403,TOR,MIA,22101172250,|1627783|1627832|1629018|1630567|201152,0,REG,,,2022,1630567,-9.0,PF,Helper,0.63,Oladipo 26' 3PT Step Back Jump Shot (9 PTS),,,,MIA,1610612748.0,
Shot Chart Detail,22101172,253,0,Opponent,1610612761,Toronto Raptors,2,4,35,Missed Shot,Running Jump Shot,,Above the Break 3,Right Side Center(RC),24+ ft.,25,179,182,1,0,20220403,TOR,MIA,22101172253,|1627783|1627832|1629018|1630567|201152,0,REG,,,2022,1630567,-9.0,PF,Helper,0.63,MISS Herro 26' 3PT Running Jump Shot,,,,MIA,1610612748.0,
Shot Chart Detail,22101172,255,0,Opponent,1610612761,Toronto Raptors,2,4,31,Made Shot,Dunk Shot,,Restricted Area,Center(C),Less Than 8 ft.,3,2,32,1,1,20220403,TOR,MIA,22101172255,|1627783|1627832|1629018|1630567|201152,1,REG,,,2022,,,,,,,,,,MIA,1610612748.0,203506.0
Shot Chart Detail,22101172,258,0,Opponent,1610612761,Toronto Raptors,2,4,3,Made Shot,Step Back Jump shot,,Left Corner 3,Left Side(L),24+ ft.,22,-224,47,1,1,20220403,TOR,MIA,22101172258,|1627783|1627832|1629018|1630567|201152,1,REG,,,2022,1627783,-4.0,PF,Helper,0.72,Herro 3PT Step Back Jump Shot (11 PTS) (Lowry 4 AST),,,,MIA,1610612748.0,200768.0
Shot Chart Detail,22101172,269,0,Opponent,1610612761,Toronto Raptors,2,2,42,Missed Shot,Pullup Jump shot,,Right Corner 3,Right Side(R),24+ ft.,23,232,11,1,0,20220403,TOR,MIA,22101172269,|1627783|1627832|1629018|1630567|201152,0,REG,,,2022,1627783,-9.0,PF,Helper,0.72,MISS Herro 3PT Pullup Jump Shot,,,,MIA,1610612748.0,
Shot Chart Detail,22101172,287,0,Opponent,1610612761,Toronto Raptors,2,1,28,Missed Shot,Running Jump Shot,,Above the Break 3,Left Side Center(LC),24+ ft.,25,-194,169,1,0,20220403,TOR,MIA,22101172287,|1627783|1627832|1629018|1630567|203920,0,REG,,,2022,1627783,-8.0,PF,Helper,0.72,MISS Morris 26' 3PT Running Jump Shot,,,,MIA,1610612748.0,
Shot Chart Detail,22101172,314,0,Opponent,1610612761,Toronto Raptors,3,11,44,Missed Shot,Jump Shot,,Above the Break 3,Left Side Center(LC),24+ ft.,25,-147,206,1,0,20220403,TOR,MIA,22101172314,|1627783|1627832|1629018|1630567|203920,0,REG,,,2022,1629018|203920,-10.0,,,,,,,,MIA,1610612748.0,
Shot Chart Detail,22101172,316,0,Opponent,1610612761,Toronto Raptors,3,11,29,Missed Shot,Step Back Jump shot,,Mid-Range,Center(C),16-24 ft.,23,4,230,1,0,20220403,TOR,MIA,22101172316,|1627783|1627832|1629018|1630567|203920,0,REG,,,2022,203920,-10.0,C,Mobile Big,0.63,MISS Lowry 23' Step Back Jump Shot,,,,MIA,1610612748.0,
Shot Chart Detail,22101172,319,0,Opponent,1610612761,Toronto Raptors,3,11,0,Made Shot,Jump Shot,,Above the Break 3,Left Side Center(LC),24+ ft.,25,-150,202,1,1,20220403,TOR,MIA,22101172319,|1627783|1627832|1629018|1630567|203920,1,REG,,,2022,1627783,-7.0,PF,Helper,0.72,Morris 25' 3PT Jump Shot (10 PTS) (Strus 1 AST),,,,MIA,1610612748.0,1629622.0
Shot Chart Detail,22101172,323,0,Opponent,1610612761,Toronto Raptors,3,10,35,Made Shot,Running Layup Shot,,Restricted Area,Center(C),Less Than 8 ft.,1,7,17,1,1,20220403,TOR,MIA,22101172323,|1627783|1627832|1629018|1630567|203920,0,REG,,,2022,1629018,-5.0,SG,Chaser,0.19,Lowry 2' Running Layup (11 PTS),,,,MIA,1610612748.0,
Shot Chart Detail,22101172,328,0,Opponent,1610612761,Toronto Raptors,3,10,10,Missed Shot,Pullup Jump shot,,Above the Break 3,Center(C),24+ ft.,25,69,242,1,0,20220403,TOR,MIA,22101172328,|1627783|1627832|1629018|1630567|203920,0,REG,,,2022,203920,-7.0,C,Mobile Big,0.63,MISS Lowry 25' 3PT Pullup Jump Shot,,,,MIA,1610612748.0,
Shot Chart Detail,22101172,337,0,Opponent,1610612761,Toronto Raptors,3,9,37,Made Shot,Driving Floating Jump Shot,,In The Paint (Non-RA),Center(C),8-16 ft.,9,12,91,1,1,20220403,TOR,MIA,22101172337,|1627783|1627832|1629018|1630567|203920,1,REG,,,2022,1627832,-5.0,PG,Point of Attack,0.9,Adebayo 9' Driving Floating Jump Shot (13 PTS) (Lowry 5 AST),,,,MIA,1610612748.0,200768.0
Shot Chart Detail,22101172,341,0,Opponent,1610612761,Toronto Raptors,3,8,57,Missed Shot,Pullup Jump shot,,Mid-Range,Left Side Center(LC),16-24 ft.,18,-114,141,1,0,20220403,TOR,MIA,22101172341,|1627783|1627832|1629018|1630567|203920,0,REG,,,2022,1627832,-8.0,PG,Point of Attack,0.9,MISS Morris 18' Pullup Jump Shot,,,,MIA,1610612748.0,
Shot Chart Detail,22101172,349,0,Opponent,1610612761,Toronto Raptors,3,8,7,Missed Shot,Turnaround Fadeaway shot,,In The Paint (Non-RA),Center(C),Less Than 8 ft.,7,-72,-3,1,0,20220403,TOR,MIA,22101172349,|1627783|1627832|1629018|1630567|203920,0,REG,,,2022,1627783,-8.0,PF,Helper,0.72,MISS Adebayo 7' Turnaround Fadeaway Shot,,,,MIA,1610612748.0,
Shot Chart Detail,22101172,352,0,Opponent,1610612761,Toronto Raptors,3,8,2,Made Shot,Jump Shot,,Right Corner 3,Right Side(R),24+ ft.,22,225,-10,1,1,20220403,TOR,MIA,22101172352,|1627783|1627832|1629018|1630567|203920,1,REG,,,2022,1629018,-5.0,SG,Chaser,0.19,Strus 3PT Jump Shot (3 PTS) (Lowry 6 AST),,,,MIA,1610612748.0,200768.0
Shot Chart Detail,22101172,364,0,Opponent,1610612761,Toronto Raptors,3,7,10,Made Shot,Running Reverse Layup Shot,,Restricted Area,Center(C),Less Than 8 ft.,1,-2,10,1,1,20220403,TOR,MIA,22101172364,|1627783|1627832|1629018|1630567|203920,1,REG,,,2022,1629018,-5.0,SG,Chaser,0.19,Martin 1' Running Reverse Layup (2 PTS) (Lowry 7 AST),,,,MIA,1610612748.0,200768.0
Shot Chart Detail,22101172,368,0,Opponent,1610612761,Toronto Raptors,3,6,31,Missed Shot,Step Back Jump shot,,Mid-Range,Center(C),16-24 ft.,18,0,188,1,0,20220403,TOR,MIA,22101172368,|1627783|1627832|1629018|1630567|203920,0,REG,,,2022,203920,-5.0,C,Mobile Big,0.63,MISS Strus 19' Step Back Jump Shot,,,,MIA,1610612748.0,
Shot Chart Detail,22101172,370,0,Opponent,1610612761,Toronto Raptors,3,6,28,Missed Shot,Tip Layup Shot,,Restricted Area,Center(C),Less Than 8 ft.,0,0,0,1,0,20220403,TOR,MIA,22101172370,|1627783|1627832|1629018|1630567|203920,0,REG,,,2022,1627832,-5.0,PG,Point of Attack,0.9,MISS Lowry Tip Layup Shot,,,,MIA,1610612748.0,
Shot Chart Detail,22101172,382,0,Opponent,1610612761,Toronto Raptors,3,5,45,Made Shot,Jump Shot,,Above the Break 3,Right Side Center(RC),24+ ft.,24,124,214,1,1,20220403,TOR,MIA,22101172382,|1627783|1627832|1628449|1629018|1630173,1,REG,,,2022,1627832,-2.0,PG,Point of Attack,0.9,Strus 25' 3PT Jump Shot (6 PTS) (Herro 2 AST),,,,MIA,1610612748.0,1629639.0
Shot Chart Detail,22101172,387,0,Opponent,1610612761,Toronto Raptors,3,5,14,Missed Shot,Jump Shot,,Above the Break 3,Center(C),24+ ft.,25,-67,241,1,0,20220403,TOR,MIA,22101172387,|1627783|1627832|1628449|1629018|1630173,0,REG,,,2022,1627783,-2.0,PF,Helper,0.72,MISS Morris 25' 3PT Jump Shot,,,,MIA,1610612748.0,
Shot Chart Detail,22101172,391,0,Opponent,1610612761,Toronto Raptors,3,4,47,Missed Shot,Jump Shot,,Above the Break 3,Center(C),24+ ft.,25,1,252,1,0,20220403,TOR,MIA,22101172391,|1627783|1627832|1628449|1629018|1630173,0,REG,,,2022,1628449,-4.0,SF,Helper,0.4,MISS Strus 25' 3PT Jump Shot,,,,MIA,1610612748.0,
Shot Chart Detail,22101172,394,0,Opponent,1610612761,Toronto Raptors,3,4,11,Missed Shot,Pullup Jump shot,,Mid-Range,Right Side(R),16-24 ft.,19,184,53,1,0,20220403,TOR,MIA,22101172394,|1627783|1627832|1628449|1629018|1630173,0,REG,,,2022,1629018,-6.0,SG,Chaser,0.19,MISS Herro 19' Pullup Jump Shot,,,,MIA,1610612748.0,
Shot Chart Detail,22101172,400,0,Opponent,1610612761,Toronto Raptors,3,3,53,Made Shot,Running Layup Shot,,Restricted Area,Center(C),Less Than 8 ft.,1,5,13,1,1,20220403,TOR,MIA,22101172400,|1627783|1627832|1628449|1629018|1630173,1,REG,,,2022,1627832,-4.0,PG,Point of Attack,0.9,Herro 1' Running Layup (13 PTS) (Morris 4 AST),,,,MIA,1610612748.0,202693.0
Shot Chart Detail,22101172,407,0,Opponent,1610612761,Toronto Raptors,3,3,6,Missed Shot,Driving Floating Jump Shot,,In The Paint (Non-RA),Center(C),8-16 ft.,11,-36,113,1,0,20220403,TOR,MIA,22101172407,|1627783|1627832|1628449|1629018|1630173,0,REG,,,2022,1628449|1630173,-4.0,,,,,,,,MIA,1610612748.0,
Shot Chart Detail,22101172,415,0,Opponent,1610612761,Toronto Raptors,3,2,40,Made Shot,Running Jump Shot,,Right Corner 3,Right Side(R),24+ ft.,22,227,-9,1,1,20220403,TOR,MIA,22101172415,|1627783|1627832|1628449|1629018|1630173,1,REG,,,2022,1627783,1.0,PF,Helper,0.72,Strus 3PT Running Jump Shot (11 PTS) (Lowry 8 AST),,,,MIA,1610612748.0,200768.0
Shot Chart Detail,22101172,446,0,Opponent,1610612761,Toronto Raptors,3,1,11,Made Shot,Jump Shot,,Above the Break 3,Left Side Center(LC),24+ ft.,25,-108,232,1,1,20220403,TOR,MIA,22101172446,|1627832|1628449|1629717|1630173|1630567,1,REG,,,2022,1630567,3.0,PF,Helper,0.63,Strus 26' 3PT Jump Shot (14 PTS) (Oladipo 2 AST),,,,MIA,1610612748.0,203506.0
Shot Chart Detail,22101172,455,0,Opponent,1610612761,Toronto Raptors,3,0,45,Made Shot,Step Back Jump shot,,Mid-Range,Left Side(L),8-16 ft.,11,-115,11,1,1,20220403,TOR,MIA,22101172455,|1627832|1628449|1629717|1630173|1630567,0,REG,,,2022,1629717,2.0,SG-PG,Low Activity,-0.97,Herro 12' Step Back Jump Shot (15 PTS),,,,MIA,1610612748.0,
Shot Chart Detail,22101172,458,0,Opponent,1610612761,Toronto Raptors,3,0,19,Made Shot,Step Back Jump shot,,Above the Break 3,Right Side Center(RC),24+ ft.,25,102,230,1,1,20220403,TOR,MIA,22101172458,|1627832|1628449|1629717|1630173|1630567,0,REG,,,2022,1630567,3.0,PF,Helper,0.63,Oladipo 25' 3PT Step Back Jump Shot (12 PTS),,,,MIA,1610612748.0,
Shot Chart Detail,22101172,481,0,Opponent,1610612761,Toronto Raptors,4,11,22,Made Shot,Hook Shot,,In The Paint (Non-RA),Center(C),Less Than 8 ft.,5,58,13,1,1,20220403,TOR,MIA,22101172481,|1627783|1629018|1630173|1630567|201152,1,REG,,,2022,1630567,3.0,PF,Helper,0.63,Yurtseven 6' Hook Shot (2 PTS) (Herro 3 AST),,,,MIA,1610612748.0,1629639.0
Shot Chart Detail,22101172,489,0,Opponent,1610612761,Toronto Raptors,4,10,42,Made Shot,Layup Shot,,Restricted Area,Center(C),Less Than 8 ft.,2,22,5,1,1,20220403,TOR,MIA,22101172489,|1627783|1629018|1630173|1630567|201152,1,REG,,,2022,1627783|201152,2.0,,,,,,,,MIA,1610612748.0,1629639.0
Shot Chart Detail,22101172,493,0,Opponent,1610612761,Toronto Raptors,4,10,13,Made Shot,Hook Shot,,Restricted Area,Center(C),Less Than 8 ft.,1,-15,11,1,1,20220403,TOR,MIA,22101172493,|1627783|1629018|1630173|1630567|201152,1,REG,,,2022,201152,2.0,PF,Helper,0.84,Yurtseven 2' Hook Shot (6 PTS) (Herro 5 AST),,,,MIA,1610612748.0,1629639.0
Shot Chart Detail,22101172,507,0,Opponent,1610612761,Toronto Raptors,4,9,1,Missed Shot,Jump Shot,,Right Corner 3,Right Side(R),24+ ft.,22,229,15,1,0,20220403,TOR,MIA,22101172507,|1627783|1629018|1630173|1630567|201152,0,REG,,,2022,1630173,0.0,C,Mobile Big,0.24,MISS Robinson 3PT Jump Shot,,,,MIA,1610612748.0,
Shot Chart Detail,22101172,517,0,Opponent,1610612761,Toronto Raptors,4,8,26,Missed Shot,Layup Shot,,In The Paint (Non-RA),Center(C),Less Than 8 ft.,4,-44,20,1,0,20220403,TOR,MIA,22101172517,|1627783|1629018|1630173|1630567|201152,0,REG,,,2022,1630173|201152,-1.0,,,,,,,,MIA,1610612748.0,
Shot Chart Detail,22101172,521,0,Opponent,1610612761,Toronto Raptors,4,8,5,Made Shot,Driving Layup Shot,,Restricted Area,Center(C),Less Than 8 ft.,1,16,1,1,1,20220403,TOR,MIA,22101172521,|1627783|1629018|1630173|1630567|201152,1,REG,,,2022,1627783|1630567,1.0,,,,,,,,MIA,1610612748.0,203506.0
Shot Chart Detail,22101172,532,0,Opponent,1610612761,Toronto Raptors,4,7,24,Missed Shot,Jump Shot,,Above the Break 3,Center(C),24+ ft.,32,0,326,1,0,20220403,TOR,MIA,22101172532,|1627783|1627832|1629018|1630567|201152,0,REG,,,2022,1627783,-1.0,PF,Helper,0.72,MISS Herro 33' 3PT Jump Shot,,,,MIA,1610612748.0,
Shot Chart Detail,22101172,540,0,Opponent,1610612761,Toronto Raptors,4,6,44,Made Shot,Jump Shot,,Above the Break 3,Left Side Center(LC),24+ ft.,25,-118,223,1,1,20220403,TOR,MIA,22101172540,|1627783|1627832|1629018|1630567|201152,1,REG,,,2022,1627783,-1.0,PF,Helper,0.72,Strus 25' 3PT Jump Shot (17 PTS) (Lowry 9 AST),,,,MIA,1610612748.0,200768.0
Shot Chart Detail,22101172,544,0,Opponent,1610612761,Toronto Raptors,4,6,8,Made Shot,Jump Shot,,Right Corner 3,Right Side(R),24+ ft.,22,225,-6,1,1,20220403,TOR,MIA,22101172544,|1627783|1627832|1629018|1630567|201152,1,REG,,,2022,1629018|1627783,2.0,,,,,,,,MIA,1610612748.0,1629639.0
Shot Chart Detail,22101172,548,0,Opponent,1610612761,Toronto Raptors,4,5,38,Made Shot,Driving Dunk Shot,,Restricted Area,Center(C),Less Than 8 ft.,0,5,4,1,1,20220403,TOR,MIA,22101172548,|1627783|1627832|1629018|1630567|201152,0,REG,,,2022,1627783,2.0,PF,Helper,0.72,Oladipo 1' Driving Dunk (14 PTS),,,,MIA,1610612748.0,
Shot Chart Detail,22101172,559,0,Opponent,1610612761,Toronto Raptors,4,4,48,Made Shot,Jump Shot,,Left Corner 3,Left Side(L),24+ ft.,22,-221,0,1,1,20220403,TOR,MIA,22101172559,|1627783|1627832|1629018|1630567|201152,1,REG,,,2022,1627783,5.0,PF,Helper,0.72,Strus 3PT Jump Shot (20 PTS) (Herro 7 AST),,,,MIA,1610612748.0,1629639.0
Shot Chart Detail,22101172,572,0,Opponent,1610612761,Toronto Raptors,4,3,35,Made Shot,Jump Shot,,Above the Break 3,Right Side Center(RC),24+ ft.,28,135,246,1,1,20220403,TOR,MIA,22101172572,|1627783|1627832|1629018|1630567|201152,0,REG,,,2022,1629018,6.0,SG,Chaser,0.19,Oladipo 28' 3PT Jump Shot (17 PTS),,,,MIA,1610612748.0,
Shot Chart Detail,22101172,574,0,Opponent,1610612761,Toronto Raptors,4,2,57,Made Shot,Pullup Jump shot,,Above the Break 3,Right Side Center(RC),24+ ft.,24,185,157,1,1,20220403,TOR,MIA,22101172574,|1627783|1627832|1629018|1630567|201152,1,REG,,,2022,1630567,7.0,PF,Helper,0.63,Strus 24' 3PT Pullup Jump Shot (23 PTS) (Lowry 10 AST),,,,MIA,1610612748.0,200768.0
Shot Chart Detail,22101172,583,0,Opponent,1610612761,Toronto Raptors,4,2,22,Made Shot,Jump Shot,,Left Corner 3,Left Side(L),24+ ft.,22,-224,7,1,1,20220403,TOR,MIA,22101172583,|1627783|1627832|1628449|1629018|1630567,1,REG,,,2022,1628449,10.0,SF,Helper,0.4,Oladipo 3PT Jump Shot (20 PTS) (Herro 8 AST),,,,MIA,1610612748.0,1629639.0
Shot Chart Detail,22101172,587,0,Opponent,1610612761,Toronto Raptors,4,1,57,Made Shot,Running Layup Shot,,Restricted Area,Center(C),Less Than 8 ft.,1,13,6,1,1,20220403,TOR,MIA,22101172587,|1627783|1627832|1628449|1629018|1630567,1,REG,,,2022,1630567,9.0,PF,Helper,0.63,Adebayo 1' Running Layup (15 PTS) (Oladipo 4 AST),,,,MIA,1610612748.0,203506.0
Shot Chart Detail,22101172,599,0,Opponent,1610612761,Toronto Raptors,4,1,19,Missed Shot,Driving Layup Shot,,Restricted Area,Center(C),Less Than 8 ft.,1,-11,6,1,0,20220403,TOR,MIA,22101172599,|1627783|1627832|1628449|1629018|1630567,0,REG,,,2022,1628449,6.0,SF,Helper,0.4,MISS Adebayo 1' Driving Layup,,,,MIA,1610612748.0,
Shot Chart Detail,22101172,603,0,Opponent,1610612761,Toronto Raptors,4,0,41,Made Shot,Driving Floating Bank Jump Shot,,Restricted Area,Center(C),Less Than 8 ft.,1,-13,15,1,1,20220403,TOR,MIA,22101172603,|1627783|1627832|1628449|1629018|1630567,0,REG,,,2022,1628449,8.0,SF,Helper,0.4,Herro 2' Driving Floating Bank Jump Shot (17 PTS),,,,MIA,1610612748.0,
Shot Chart Detail,22101182,8,0,Opponent,1610612761,Toronto Raptors,1,11,16,Made Shot,Hook Shot,,In The Paint (Non-RA),Center(C),Less Than 8 ft.,7,-2,73,1,1,20220405,TOR,ATL,221011828,|1627783|1627832|1629018|1630567|203920,1,REG,,,2022,203920|1630567,0.0,,,,,,,,ATL,1610612737.0,1627789.0
Shot Chart Detail,22101182,15,0,Opponent,1610612761,Toronto Raptors,1,10,55,Missed Shot,Driving Floating Jump Shot,,In The Paint (Non-RA),Left Side(L),8-16 ft.,11,-70,88,1,0,20220405,TOR,ATL,2210118215,|1627783|1627832|1629018|1630567|203920,0,REG,,,2022,1627832,-1.0,PG,Point of Attack,0.9,MISS Young 11' Driving Floating Jump Shot,,,,ATL,1610612737.0,
Shot Chart Detail,22101182,19,0,Opponent,1610612761,Toronto Raptors,1,10,45,Made Shot,Driving Finger Roll Layup Shot,,Restricted Area,Center(C),Less Than 8 ft.,3,7,36,1,1,20220405,TOR,ATL,2210118219,|1627783|1627832|1629018|1630567|203920,1,REG,,,2022,203920,1.0,C,Mobile Big,0.63,Young 4' Driving Finger Roll Layup (2 PTS) (Luwawu-Cabarrot 2 AST),,,,ATL,1610612737.0,1627789.0
Shot Chart Detail,22101182,23,0,Opponent,1610612761,Toronto Raptors,1,10,32,Missed Shot,Running Jump Shot,,Right Corner 3,Right Side(R),24+ ft.,23,228,32,1,0,20220405,TOR,ATL,2210118223,|1627783|1627832|1629018|1630567|203920,0,REG,,,2022,1627783,1.0,PF,Helper,0.72,MISS Hunter 3PT Running Jump Shot,,,,ATL,1610612737.0,
Shot Chart Detail,22101182,27,0,Opponent,1610612761,Toronto Raptors,1,10,15,Made Shot,Running Dunk Shot,,Restricted Area,Center(C),Less Than 8 ft.,2,4,24,1,1,20220405,TOR,ATL,2210118227,|1627783|1627832|1629018|1630567|203920,1,REG,,,2022,203920,3.0,C,Mobile Big,0.63,Huerter 2' Running Dunk (2 PTS) (Young 1 AST),,,,ATL,1610612737.0,1629027.0
Shot Chart Detail,22101182,33,0,Opponent,1610612761,Toronto Raptors,1,9,37,Missed Shot,Pullup Jump shot,,Mid-Range,Right Side Center(RC),16-24 ft.,20,157,135,1,0,20220405,TOR,ATL,2210118233,|1627783|1627832|1629018|1630567|203920,0,REG,,,2022,1627832|1629018,3.0,,,,,,,,ATL,1610612737.0,
Shot Chart Detail,22101182,41,0,Opponent,1610612761,Toronto Raptors,1,9,19,Made Shot,Jump Shot,,Above the Break 3,Center(C),24+ ft.,28,4,288,1,1,20220405,TOR,ATL,2210118241,|1627783|1627832|1629018|1630567|203920,1,REG,,,2022,1627832,4.0,PG,Point of Attack,0.9,Young 29' 3PT Jump Shot (5 PTS) (Huerter 1 AST),,,,ATL,1610612737.0,1628989.0
Shot Chart Detail,22101182,44,0,Opponent,1610612761,Toronto Raptors,1,8,42,Missed Shot,Jump Shot,,Above the Break 3,Left Side Center(LC),24+ ft.,25,-152,206,1,0,20220405,TOR,ATL,2210118244,|1627783|1627832|1629018|1630567|203920,0,REG,,,2022,1627783,2.0,PF,Helper,0.72,MISS Luwawu-Cabarrot 26' 3PT Jump Shot,,,,ATL,1610612737.0,
Shot Chart Detail,22101182,50,0,Opponent,1610612761,Toronto Raptors,1,8,22,Made Shot,Alley Oop Layup shot,,Restricted Area,Center(C),Less Than 8 ft.,2,16,24,1,1,20220405,TOR,ATL,2210118250,|1627783|1627832|1629018|1630567|203920,1,REG,,,2022,203920,2.0,C,Mobile Big,0.63,Capela 3' Alley Oop Layup (4 PTS) (Young 2 AST),,,,ATL,1610612737.0,1629027.0
Shot Chart Detail,22101182,54,0,Opponent,1610612761,Toronto Raptors,1,8,1,Missed Shot,Step Back Jump shot,,Above the Break 3,Center(C),24+ ft.,26,-18,260,1,0,20220405,TOR,ATL,2210118254,|1627783|1627832|1629018|1630567|203920,0,REG,,,2022,1627832,0.0,PG,Point of Attack,0.9,MISS Young 26' 3PT Step Back Jump Shot,,,,ATL,1610612737.0,
Shot Chart Detail,22101182,57,0,Opponent,1610612761,Toronto Raptors,1,7,37,Made Shot,Jump Shot,,Mid-Range,Left Side(L),16-24 ft.,16,-145,72,1,1,20220405,TOR,ATL,2210118257,|1627783|1627832|1629018|1630567|203920,1,REG,,,2022,1630567,0.0,PF,Helper,0.63,Hunter 16' Jump Shot (2 PTS) (Young 3 AST),,,,ATL,1610612737.0,1629027.0
Shot Chart Detail,22101182,67,0,Opponent,1610612761,Toronto Raptors,1,7,2,Made Shot,Alley Oop Dunk Shot,,Restricted Area,Center(C),Less Than 8 ft.,2,2,25,1,1,20220405,TOR,ATL,2210118267,|1627783|1627832|1629018|1630567|203920,1,REG,,,2022,203920|1627783,-1.0,,,,,,,,ATL,1610612737.0,1628989.0
Shot Chart Detail,22101182,76,0,Opponent,1610612761,Toronto Raptors,1,6,20,Missed Shot,Pullup Jump shot,,Mid-Range,Right Side(R),8-16 ft.,11,98,58,1,0,20220405,TOR,ATL,2210118276,|1627783|1627832|1629018|1630567|203920,0,REG,,,2022,203920|1630567,-1.0,,,,,,,,ATL,1610612737.0,
Shot Chart Detail,22101182,78,0,Opponent,1610612761,Toronto Raptors,1,6,15,Missed Shot,Tip Layup Shot,,Restricted Area,Center(C),Less Than 8 ft.,0,0,0,1,0,20220405,TOR,ATL,2210118278,|1627783|1627832|1629018|1630567|203920,0,REG,,,2022,1630567,-1.0,PF,Helper,0.63,MISS Capela Tip Layup Shot,,,,ATL,1610612737.0,
Shot Chart Detail,22101182,84,0,Opponent,1610612761,Toronto Raptors,1,5,56,Missed Shot,Jump Shot,,Above the Break 3,Left Side Center(LC),24+ ft.,25,-202,156,1,0,20220405,TOR,ATL,2210118284,|1627783|1627832|1629018|1630567|203920,0,REG,,,2022,1630567,-3.0,PF,Helper,0.63,MISS Huerter 26' 3PT Jump Shot,,,,ATL,1610612737.0,
Shot Chart Detail,22101182,88,0,Opponent,1610612761,Toronto Raptors,1,5,30,Missed Shot,Jump Shot,,Above the Break 3,Center(C),24+ ft.,25,-74,246,1,0,20220405,TOR,ATL,2210118288,|1627783|1627832|1629018|1630567|203920,0,REG,,,2022,1627783,-3.0,PF,Helper,0.72,MISS Hunter 26' 3PT Jump Shot,,,,ATL,1610612737.0,
Shot Chart Detail,22101182,93,0,Opponent,1610612761,Toronto Raptors,1,4,55,Made Shot,Pullup Jump shot,,Mid-Range,Right Side Center(RC),16-24 ft.,18,80,166,1,1,20220405,TOR,ATL,2210118293,|1627783|1627832|1629018|1630567|203920,0,REG,,,2022,203920,-3.0,C,Mobile Big,0.63,Young 18' Pullup Jump Shot (7 PTS),,,,ATL,1610612737.0,
Shot Chart Detail,22101182,96,0,Opponent,1610612761,Toronto Raptors,1,4,34,Made Shot,Running Layup Shot,,Restricted Area,Center(C),Less Than 8 ft.,1,13,13,1,1,20220405,TOR,ATL,2210118296,|1627783|1627832|1629018|1630567|203920,1,REG,,,2022,1627832,-1.0,PG,Point of Attack,0.9,Huerter 2' Running Layup (4 PTS) (Hunter 1 AST),,,,ATL,1610612737.0,1629631.0
Shot Chart Detail,22101182,100,0,Opponent,1610612761,Toronto Raptors,1,4,9,Made Shot,Jump Shot,,Left Corner 3,Left Side(L),24+ ft.,22,-223,-4,1,1,20220405,TOR,ATL,22101182100,|1627783|1627832|1629018|1630567|203920,1,REG,,,2022,1630567,2.0,PF,Helper,0.63,Huerter 3PT Jump Shot (7 PTS) (Young 4 AST),,,,ATL,1610612737.0,1629027.0
Shot Chart Detail,22101182,104,0,Opponent,1610612761,Toronto Raptors,1,3,30,Missed Shot,Pullup Jump shot,,Mid-Range,Left Side(L),8-16 ft.,9,-83,38,1,0,20220405,TOR,ATL,22101182104,|1627783|1627832|1629018|1630567|203920,0,REG,,,2022,1627832,2.0,PG,Point of Attack,0.9,MISS Hunter 9' Pullup Jump Shot,,,,ATL,1610612737.0,
Shot Chart Detail,22101182,121,0,Opponent,1610612761,Toronto Raptors,1,3,10,Made Shot,Driving Layup Shot,,Restricted Area,Center(C),Less Than 8 ft.,2,18,17,1,1,20220405,TOR,ATL,22101182121,|1627783|1627832|1628449|1630173|1630625,1,REG,,,2022,1627783,4.0,PF,Helper,0.72,Hunter 2' Driving Layup (4 PTS) (Young 5 AST),,,,ATL,1610612737.0,1629027.0
Shot Chart Detail,22101182,125,0,Opponent,1610612761,Toronto Raptors,1,2,46,Missed Shot,Pullup Jump shot,,Above the Break 3,Center(C),24+ ft.,29,1,290,1,0,20220405,TOR,ATL,22101182125,|1627783|1627832|1628449|1630173|1630625,0,REG,,,2022,1630173,4.0,C,Mobile Big,0.24,MISS Young 29' 3PT Pullup Jump Shot,,,,ATL,1610612737.0,
Shot Chart Detail,22101182,127,0,Opponent,1610612761,Toronto Raptors,1,2,40,Made Shot,Jump Shot,,Mid-Range,Center(C),16-24 ft.,20,5,200,1,1,20220405,TOR,ATL,22101182127,|1627783|1627832|1628449|1630173|1630625,0,REG,,,2022,1628449,6.0,SF,Helper,0.4,Young 20' Jump Shot (9 PTS),,,,ATL,1610612737.0,
Shot Chart Detail,22101182,133,0,Opponent,1610612761,Toronto Raptors,1,1,59,Missed Shot,Driving Floating Jump Shot,,In The Paint (Non-RA),Center(C),Less Than 8 ft.,4,-9,43,1,0,20220405,TOR,ATL,22101182133,|1627832|1628449|1630173|1630567|1630625,0,REG,,,2022,1628449|1630567,4.0,,,,,,,,ATL,1610612737.0,
Shot Chart Detail,22101182,135,0,Opponent,1610612761,Toronto Raptors,1,1,55,Made Shot,Tip Layup Shot,,Restricted Area,Center(C),Less Than 8 ft.,0,0,0,1,1,20220405,TOR,ATL,22101182135,|1627832|1628449|1630173|1630567|1630625,0,REG,,,2022,1628449,6.0,SF,Helper,0.4,Hunter Tip Layup Shot (6 PTS),,,,ATL,1610612737.0,
Shot Chart Detail,22101182,138,0,Opponent,1610612761,Toronto Raptors,1,1,30,Missed Shot,Step Back Jump shot,,Above the Break 3,Left Side Center(LC),24+ ft.,24,-224,101,1,0,20220405,TOR,ATL,22101182138,|1627832|1628449|1630173|1630567|1630625,0,REG,,,2022,1630173|1630567,6.0,,,,,,,,ATL,1610612737.0,
Shot Chart Detail,22101182,157,0,Opponent,1610612761,Toronto Raptors,1,0,8,Made Shot,Step Back Jump shot,,Left Corner 3,Left Side(L),24+ ft.,22,-225,29,1,1,20220405,TOR,ATL,22101182157,|1627832|1628449|1630173|1630567|1630625,1,REG,,,2022,1630567,6.0,PF,Helper,0.63,Bogdanovic 3PT Step Back Jump Shot (3 PTS) (Wright 1 AST),,,,ATL,1610612737.0,1626153.0
Shot Chart Detail,22101182,169,0,Opponent,1610612761,Toronto Raptors,2,11,48,Missed Shot,Step Back Jump shot,,In The Paint (Non-RA),Center(C),8-16 ft.,12,12,122,1,0,20220405,TOR,ATL,22101182169,|1627783|1628449|1629018|1630173|1630625,0,REG,,,2022,1630625,4.0,PG,Chaser,0.27,MISS Bogdanovic 12' Step Back Jump Shot,,,,ATL,1610612737.0,
Shot Chart Detail,22101182,173,0,Opponent,1610612761,Toronto Raptors,2,11,28,Missed Shot,Jump Shot,,Right Corner 3,Right Side(R),24+ ft.,22,228,8,1,0,20220405,TOR,ATL,22101182173,|1627783|1628449|1629018|1630173|1630625,0,REG,,,2022,1630173,4.0,C,Mobile Big,0.24,MISS Johnson 3PT Jump Shot,,,,ATL,1610612737.0,
Shot Chart Detail,22101182,189,0,Opponent,1610612761,Toronto Raptors,2,10,14,Missed Shot,Jump Shot,,Above the Break 3,Left Side Center(LC),24+ ft.,25,-126,226,1,0,20220405,TOR,ATL,22101182189,|1627783|1628449|1629018|1630173|201152,0,REG,,,2022,1628449,3.0,SF,Helper,0.4,MISS Wright 26' 3PT Jump Shot,,,,ATL,1610612737.0,
Shot Chart Detail,22101182,193,0,Opponent,1610612761,Toronto Raptors,2,9,49,Made Shot,Jump Shot,,Left Corner 3,Left Side(L),24+ ft.,22,-227,8,1,1,20220405,TOR,ATL,22101182193,|1627783|1628449|1629018|1630173|201152,1,REG,,,2022,1628449,4.0,SF,Helper,0.4,Bogdanovic 3PT Jump Shot (6 PTS) (Wright 2 AST),,,,ATL,1610612737.0,1626153.0
Shot Chart Detail,22101182,197,0,Opponent,1610612761,Toronto Raptors,2,9,12,Missed Shot,Turnaround Jump Shot,,In The Paint (Non-RA),Center(C),Less Than 8 ft.,6,39,46,1,0,20220405,TOR,ATL,22101182197,|1627783|1628449|1629018|1630173|201152,0,REG,,,2022,1627783,2.0,PF,Helper,0.72,Siakam BLOCK (1 BLK),,,,ATL,1610612737.0,
Shot Chart Detail,22101182,211,0,Opponent,1610612761,Toronto Raptors,2,8,31,Missed Shot,Jump Shot,,Above the Break 3,Center(C),24+ ft.,25,77,241,1,0,20220405,TOR,ATL,22101182211,|1627783|1628449|1629018|1630173|201152,0,REG,,,2022,201152,-2.0,PF,Helper,0.84,MISS Bogdanovic 25' 3PT Jump Shot,,,,ATL,1610612737.0,
Shot Chart Detail,22101182,213,0,Opponent,1610612761,Toronto Raptors,2,8,26,Made Shot,Tip Dunk Shot,,Restricted Area,Center(C),Less Than 8 ft.,0,0,0,1,1,20220405,TOR,ATL,22101182213,|1627783|1628449|1629018|1630173|201152,0,REG,,,2022,1630173,0.0,C,Mobile Big,0.24,Wright Tip Dunk Shot (3 PTS),,,,ATL,1610612737.0,
Shot Chart Detail,22101182,215,0,Opponent,1610612761,Toronto Raptors,2,7,56,Missed Shot,Jump Shot,,Above the Break 3,Right Side Center(RC),24+ ft.,25,113,229,1,0,20220405,TOR,ATL,22101182215,|1627783|1628449|1629018|1630173|201152,0,REG,,,2022,201152,-2.0,PF,Helper,0.84,MISS Williams 26' 3PT Jump Shot,,,,ATL,1610612737.0,
Shot Chart Detail,22101182,225,0,Opponent,1610612761,Toronto Raptors,2,7,6,Made Shot,Fadeaway Jump Shot,,Mid-Range,Left Side(L),8-16 ft.,12,-125,29,1,1,20220405,TOR,ATL,22101182225,|1627783|1628449|1629018|1630173|201152,1,REG,,,2022,1630173,-2.0,C,Mobile Big,0.24,Williams 13' Fadeaway Jumper (2 PTS) (Wright 3 AST),,,,ATL,1610612737.0,1626153.0
Shot Chart Detail,22101182,238,0,Opponent,1610612761,Toronto Raptors,2,5,52,Made Shot,Jump Shot,,Above the Break 3,Center(C),24+ ft.,25,74,246,1,1,20220405,TOR,ATL,22101182238,|1627783|1628449|1629018|1630173|201152,1,REG,,,2022,201152,-3.0,PF,Helper,0.84,Bogdanovic 26' 3PT Jump Shot (9 PTS) (Williams 1 AST),,,,ATL,1610612737.0,101150.0
Shot Chart Detail,22101182,241,0,Opponent,1610612761,Toronto Raptors,2,5,17,Missed Shot,Step Back Jump shot,,Mid-Range,Center(C),16-24 ft.,18,-29,184,1,0,20220405,TOR,ATL,22101182241,|1627783|1628449|1629018|1630173|201152,0,REG,,,2022,1630173,-5.0,C,Mobile Big,0.24,MISS Bogdanovic 19' Step Back Jump Shot,,,,ATL,1610612737.0,
Shot Chart Detail,22101182,255,0,Opponent,1610612761,Toronto Raptors,2,4,45,Made Shot,Driving Floating Jump Shot,,Mid-Range,Right Side(R),8-16 ft.,9,94,16,1,1,20220405,TOR,ATL,22101182255,|1627783|1627832|1628449|1630173|201152,1,REG,,,2022,1628449,-5.0,SF,Helper,0.4,Hunter 10' Driving Floating Jump Shot (8 PTS) (Young 6 AST),,,,ATL,1610612737.0,1629027.0
Shot Chart Detail,22101182,260,0,Opponent,1610612761,Toronto Raptors,2,4,14,Missed Shot,Step Back Jump shot,,Mid-Range,Left Side(L),16-24 ft.,19,-192,22,1,0,20220405,TOR,ATL,22101182260,|1627783|1627832|1628449|1630173|201152,0,REG,,,2022,1628449,-5.0,SF,Helper,0.4,MISS Hunter 19' Step Back Jump Shot,,,,ATL,1610612737.0,
Shot Chart Detail,22101182,263,0,Opponent,1610612761,Toronto Raptors,2,3,50,Made Shot,Jump Shot,,Above the Break 3,Right Side Center(RC),24+ ft.,25,142,206,1,1,20220405,TOR,ATL,22101182263,|1627783|1627832|1628449|1630173|201152,1,REG,,,2022,1627783,-4.0,PF,Helper,0.72,Huerter 25' 3PT Jump Shot (10 PTS) (Young 7 AST),,,,ATL,1610612737.0,1629027.0
Shot Chart Detail,22101182,269,0,Opponent,1610612761,Toronto Raptors,2,3,18,Missed Shot,Jump Shot,,Left Corner 3,Left Side(L),24+ ft.,23,-230,10,1,0,20220405,TOR,ATL,22101182269,|1627783|1627832|1628449|1630173|201152,0,REG,,,2022,1630173,-4.0,C,Mobile Big,0.24,MISS Bogdanovic 3PT Jump Shot,,,,ATL,1610612737.0,
Shot Chart Detail,22101182,282,0,Opponent,1610612761,Toronto Raptors,2,2,44,Made Shot,Driving Floating Jump Shot,,In The Paint (Non-RA),Center(C),8-16 ft.,9,6,94,1,1,20220405,TOR,ATL,22101182282,|1627783|1627832|1630567|201152|203920,0,REG,,,2022,1627832,-2.0,PG,Point of Attack,0.9,Huerter 9' Driving Floating Jump Shot (12 PTS),,,,ATL,1610612737.0,
Shot Chart Detail,22101182,289,0,Opponent,1610612761,Toronto Raptors,2,2,11,Missed Shot,Driving Layup Shot,,In The Paint (Non-RA),Center(C),Less Than 8 ft.,4,-34,34,1,0,20220405,TOR,ATL,22101182289,|1627783|1627832|1630567|201152|203920,0,REG,,,2022,1627832,-2.0,PG,Point of Attack,0.9,Birch BLOCK (1 BLK),,,,ATL,1610612737.0,
Shot Chart Detail,22101182,292,0,Opponent,1610612761,Toronto Raptors,2,2,5,Made Shot,Jump Shot,,Right Corner 3,Right Side(R),24+ ft.,24,234,69,1,1,20220405,TOR,ATL,22101182292,|1627783|1627832|1630567|201152|203920,1,REG,,,2022,1627783,1.0,PF,Helper,0.72,Young 24' 3PT Jump Shot (12 PTS) (Hunter 2 AST),,,,ATL,1610612737.0,1629631.0
Shot Chart Detail,22101182,298,0,Opponent,1610612761,Toronto Raptors,2,1,31,Missed Shot,Jump Shot,,Above the Break 3,Left Side Center(LC),24+ ft.,25,-211,140,1,0,20220405,TOR,ATL,22101182298,|1627783|1627832|1630567|201152|203920,0,REG,,,2022,1627832,1.0,PG,Point of Attack,0.9,MISS Young 25' 3PT Jump Shot,,,,ATL,1610612737.0,
Shot Chart Detail,22101182,302,0,Opponent,1610612761,Toronto Raptors,2,0,57,Missed Shot,Jump Shot,,Above the Break 3,Left Side Center(LC),24+ ft.,25,-188,177,1,0,20220405,TOR,ATL,22101182302,|1627783|1627832|1630567|201152|203920,0,REG,,,2022,1627783,-2.0,PF,Helper,0.72,MISS Huerter 26' 3PT Jump Shot,,,,ATL,1610612737.0,
Shot Chart Detail,22101182,305,0,Opponent,1610612761,Toronto Raptors,2,0,32,Missed Shot,Fadeaway Jump Shot,,Above the Break 3,Center(C),24+ ft.,25,1,257,1,0,20220405,TOR,ATL,22101182305,|1627783|1627832|1630567|201152|203920,0,REG,,,2022,203920,-2.0,C,Mobile Big,0.63,MISS Young 26' 3PT Fadeaway Jumper,,,,ATL,1610612737.0,
Shot Chart Detail,22101182,308,0,Opponent,1610612761,Toronto Raptors,2,0,3,Missed Shot,Driving Layup Shot,,Restricted Area,Center(C),Less Than 8 ft.,2,-15,24,1,0,20220405,TOR,ATL,22101182308,|1627783|1627832|1630567|201152|203920,0,REG,,,2022,203920,-4.0,C,Mobile Big,0.63,Birch BLOCK (2 BLK),,,,ATL,1610612737.0,
Shot Chart Detail,22101182,316,0,Opponent,1610612761,Toronto Raptors,3,11,44,Made Shot,Jump Shot,,Right Corner 3,Right Side(R),24+ ft.,23,232,26,1,1,20220405,TOR,ATL,22101182316,|1627783|1627832|1629018|1630567|203920,1,REG,,,2022,1627783,-1.0,PF,Helper,0.72,Luwawu-Cabarrot 3PT Jump Shot (3 PTS) (Young 8 AST),,,,ATL,1610612737.0,1629027.0
Shot Chart Detail,22101182,324,0,Opponent,1610612761,Toronto Raptors,3,10,48,Missed Shot,Cutting Layup Shot,,Restricted Area,Center(C),Less Than 8 ft.,3,29,8,1,0,20220405,TOR,ATL,22101182324,|1627783|1627832|1629018|1630567|203920,0,REG,,,2022,1630567,-1.0,PF,Helper,0.63,MISS Hunter 3' Cutting Layup Shot,,,,ATL,1610612737.0,
Shot Chart Detail,22101182,328,0,Opponent,1610612761,Toronto Raptors,3,10,28,Made Shot,Cutting Layup Shot,,Restricted Area,Center(C),Less Than 8 ft.,1,-7,12,1,1,20220405,TOR,ATL,22101182328,|1627783|1627832|1629018|1630567|203920,1,REG,,,2022,1627783,-2.0,PF,Helper,0.72,Luwawu-Cabarrot 1' Cutting Layup Shot (5 PTS) (Young 9 AST),,,,ATL,1610612737.0,1629027.0
Shot Chart Detail,22101182,333,0,Opponent,1610612761,Toronto Raptors,3,9,52,Made Shot,Driving Floating Jump Shot,,In The Paint (Non-RA),Center(C),8-16 ft.,10,31,99,1,1,20220405,TOR,ATL,22101182333,|1627783|1627832|1629018|1630567|203920,0,REG,,,2022,1630567,-2.0,PF,Helper,0.63,Young 10' Driving Floating Jump Shot (14 PTS),,,,ATL,1610612737.0,
Shot Chart Detail,22101182,339,0,Opponent,1610612761,Toronto Raptors,3,9,29,Made Shot,Driving Layup Shot,,Restricted Area,Center(C),Less Than 8 ft.,1,-6,11,1,1,20220405,TOR,ATL,22101182339,|1627783|1627832|1629018|1630567|203920,1,REG,,,2022,203920,-3.0,C,Mobile Big,0.63,Hunter 1' Driving Layup (10 PTS) (Young 10 AST),,,,ATL,1610612737.0,1629027.0
Shot Chart Detail,22101182,342,0,Opponent,1610612761,Toronto Raptors,3,8,58,Missed Shot,Driving Finger Roll Layup Shot,,Restricted Area,Center(C),Less Than 8 ft.,2,-13,21,1,0,20220405,TOR,ATL,22101182342,|1627783|1627832|1629018|1630567|203920,0,REG,,,2022,1627832,-5.0,PG,Point of Attack,0.9,MISS Young 2' Driving Finger Roll Layup,,,,ATL,1610612737.0,
Shot Chart Detail,22101182,344,0,Opponent,1610612761,Toronto Raptors,3,8,58,Made Shot,Tip Layup Shot,,Restricted Area,Center(C),Less Than 8 ft.,0,0,0,1,1,20220405,TOR,ATL,22101182344,|1627783|1627832|1629018|1630567|203920,0,REG,,,2022,1627832|203920,-3.0,,,,,,,,ATL,1610612737.0,
Shot Chart Detail,22101182,358,0,Opponent,1610612761,Toronto Raptors,3,8,24,Made Shot,Floating Jump shot,,In The Paint (Non-RA),Center(C),8-16 ft.,9,33,92,1,1,20220405,TOR,ATL,22101182358,|1627783|1627832|1629018|1630567|203920,1,REG,,,2022,1627832,-2.0,PG,Point of Attack,0.9,Hunter 10' Floating Jump Shot (12 PTS) (Young 11 AST),,,,ATL,1610612737.0,1629027.0
Shot Chart Detail,22101182,362,0,Opponent,1610612761,Toronto Raptors,3,7,47,Made Shot,Step Back Jump shot,,Above the Break 3,Right Side Center(RC),24+ ft.,24,200,137,1,1,20220405,TOR,ATL,22101182362,|1627783|1627832|1629018|1630567|203920,1,REG,,,2022,1630567,-2.0,PF,Helper,0.63,Huerter 24' 3PT Step Back Jump Shot (15 PTS) (Young 12 AST),,,,ATL,1610612737.0,1629027.0
Shot Chart Detail,22101182,368,0,Opponent,1610612761,Toronto Raptors,3,7,11,Made Shot,Pullup Jump shot,,Mid-Range,Left Side Center(LC),16-24 ft.,16,-97,139,1,1,20220405,TOR,ATL,22101182368,|1627783|1627832|1629018|1630567|203920,0,REG,,,2022,1627832,0.0,PG,Point of Attack,0.9,Young 17' Pullup Jump Shot (16 PTS),,,,ATL,1610612737.0,
Shot Chart Detail,22101182,376,0,Opponent,1610612761,Toronto Raptors,3,6,27,Missed Shot,Step Back Jump shot,,Mid-Range,Center(C),16-24 ft.,21,1,212,1,0,20220405,TOR,ATL,22101182376,|1627783|1627832|1629018|1630567|203920,0,REG,,,2022,1627832,0.0,PG,Point of Attack,0.9,MISS Young 21' Step Back Jump Shot,,,,ATL,1610612737.0,
Shot Chart Detail,22101182,383,0,Opponent,1610612761,Toronto Raptors,3,5,49,Made Shot,Running Reverse Layup Shot,,Restricted Area,Center(C),Less Than 8 ft.,1,-1,12,1,1,20220405,TOR,ATL,22101182383,|1627783|1627832|1629018|1630567|203920,1,REG,,,2022,1630567,-1.0,PF,Helper,0.63,Luwawu-Cabarrot 1' Running Reverse Layup (7 PTS) (Huerter 3 AST),,,,ATL,1610612737.0,1628989.0
Shot Chart Detail,22101182,394,0,Opponent,1610612761,Toronto Raptors,3,5,3,Missed Shot,Jump Shot,,Right Corner 3,Right Side(R),24+ ft.,22,228,2,1,0,20220405,TOR,ATL,22101182394,|1627783|1627832|1629018|1630567|203920,0,REG,,,2022,1627832|1629018,-3.0,,,,,,,,ATL,1610612737.0,
Shot Chart Detail,22101182,401,0,Opponent,1610612761,Toronto Raptors,2,1,40,Missed Shot,Turnaround Jump Shot,,Mid-Range,Center(C),8-16 ft.,15,-1,157,1,0,20220405,TOR,ATL,22101182401,|1627783|1627832|1630567|201152|203920,0,REG,,,2022,201152,1.0,PF,Helper,0.84,VanVleet BLOCK (1 BLK),,,,ATL,1610612737.0,
Shot Chart Detail,22101182,410,0,Opponent,1610612761,Toronto Raptors,3,4,37,Made Shot,Alley Oop Dunk Shot,,Restricted Area,Center(C),Less Than 8 ft.,1,0,11,1,1,20220405,TOR,ATL,22101182410,|1627783|1628449|1629018|1630173|1630567,1,REG,,,2022,1630173,-3.0,C,Mobile Big,0.24,Capela 1' Alley Oop Dunk (10 PTS) (Young 13 AST),,,,ATL,1610612737.0,1629027.0
Shot Chart Detail,22101182,418,0,Opponent,1610612761,Toronto Raptors,3,4,7,Made Shot,Cutting Dunk Shot,,Restricted Area,Center(C),Less Than 8 ft.,1,10,15,1,1,20220405,TOR,ATL,22101182418,|1627783|1628449|1629018|1630173|1630567,1,REG,,,2022,1630173,-4.0,C,Mobile Big,0.24,Hunter 2' Cutting Dunk Shot (14 PTS) (Bogdanovic 1 AST),,,,ATL,1610612737.0,203992.0
Shot Chart Detail,22101182,422,0,Opponent,1610612761,Toronto Raptors,3,3,45,Missed Shot,Alley Oop Dunk Shot,,Restricted Area,Center(C),Less Than 8 ft.,1,5,13,1,0,20220405,TOR,ATL,22101182422,|1627783|1628449|1629018|1630173|1630567,0,REG,,,2022,1630173,-4.0,C,Mobile Big,0.24,MISS Capela 1' Alley Oop Dunk,,,,ATL,1610612737.0,
Shot Chart Detail,22101182,426,0,Opponent,1610612761,Toronto Raptors,3,3,24,Missed Shot,Driving Floating Jump Shot,,In The Paint (Non-RA),Center(C),Less Than 8 ft.,5,-22,53,1,0,20220405,TOR,ATL,22101182426,|1627783|1628449|1629018|1630173|1630567,0,REG,,,2022,1629018,-6.0,SG,Chaser,0.19,MISS Young 6' Driving Floating Jump Shot,,,,ATL,1610612737.0,
Shot Chart Detail,22101182,428,0,Opponent,1610612761,Toronto Raptors,3,3,17,Made Shot,Jump Shot,,Above the Break 3,Right Side Center(RC),24+ ft.,25,138,209,1,1,20220405,TOR,ATL,22101182428,|1627783|1628449|1629018|1630173|1630567,1,REG,,,2022,1628449,-3.0,SF,Helper,0.4,Huerter 25' 3PT Jump Shot (18 PTS) (Bogdanovic 2 AST),,,,ATL,1610612737.0,203992.0
Shot Chart Detail,22101182,442,0,Opponent,1610612761,Toronto Raptors,3,2,40,Missed Shot,Hook Shot,,Restricted Area,Center(C),Less Than 8 ft.,3,2,33,1,0,20220405,TOR,ATL,22101182442,|1627783|1628449|1629018|1630173|1630201,0,REG,,,2022,1630173,-6.0,C,Mobile Big,0.24,MISS Okongwu 3' Hook Shot,,,,ATL,1610612737.0,
Shot Chart Detail,22101182,446,0,Opponent,1610612761,Toronto Raptors,3,2,6,Missed Shot,Jump Shot,,Above the Break 3,Left Side Center(LC),24+ ft.,25,-172,189,1,0,20220405,TOR,ATL,22101182446,|1627783|1628449|1629018|1630173|1630201,0,REG,,,2022,1629018,-9.0,SG,Chaser,0.19,MISS Bogdanovic 26' 3PT Jump Shot,,,,ATL,1610612737.0,
Shot Chart Detail,22101182,460,0,Opponent,1610612761,Toronto Raptors,3,1,9,Missed Shot,Jump Shot,,Right Corner 3,Right Side(R),24+ ft.,22,229,11,1,0,20220405,TOR,ATL,22101182460,|1627783|1628449|1629018|1630173|1630201,0,REG,,,2022,1628449,-7.0,SF,Helper,0.4,MISS Luwawu-Cabarrot 3PT Jump Shot,,,,ATL,1610612737.0,
Shot Chart Detail,22101182,467,0,Opponent,1610612761,Toronto Raptors,3,0,56,Missed Shot,Driving Layup Shot,,In The Paint (Non-RA),Center(C),Less Than 8 ft.,5,12,54,1,0,20220405,TOR,ATL,22101182467,|1627783|1628449|1629018|1630173|1630201,0,REG,,,2022,1629018|1627783,-8.0,,,,,,,,ATL,1610612737.0,
Shot Chart Detail,22101182,475,0,Opponent,1610612761,Toronto Raptors,3,0,5,Made Shot,Driving Floating Jump Shot,,In The Paint (Non-RA),Center(C),Less Than 8 ft.,7,5,78,1,1,20220405,TOR,ATL,22101182475,|1627783|1628449|1629018|1630173|1630201,0,REG,,,2022,1630201,-6.0,PG,Point of Attack,-0.52,Young 8' Driving Floating Jump Shot (20 PTS),,,,ATL,1610612737.0,
Shot Chart Detail,22101182,488,0,Opponent,1610612761,Toronto Raptors,4,11,24,Made Shot,Turnaround Jump Shot,,Mid-Range,Left Side(L),16-24 ft.,18,-188,15,1,1,20220405,TOR,ATL,22101182488,|1627832|1628449|1630173|1630201|1630567,1,REG,,,2022,1630173|1630567,-7.0,,,,,,,,ATL,1610612737.0,101150.0
Shot Chart Detail,22101182,493,0,Opponent,1610612761,Toronto Raptors,4,10,42,Missed Shot,Jump Shot,,Above the Break 3,Right Side Center(RC),24+ ft.,26,152,218,1,0,20220405,TOR,ATL,22101182493,|1627832|1628449|1630173|1630201|1630567,0,REG,,,2022,1630201,-10.0,PG,Point of Attack,-0.52,MISS Bogdanovic 27' 3PT Jump Shot,,,,ATL,1610612737.0,
Shot Chart Detail,22101182,495,0,Opponent,1610612761,Toronto Raptors,4,10,37,Made Shot,Fadeaway Jump Shot,,Mid-Range,Left Side Center(LC),16-24 ft.,16,-51,153,1,1,20220405,TOR,ATL,22101182495,|1627832|1628449|1630173|1630201|1630567,0,REG,,,2022,1630567,-8.0,PF,Helper,0.63,Bogdanovic 16' Fadeaway Jumper (13 PTS),,,,ATL,1610612737.0,
Shot Chart Detail,22101182,497,0,Opponent,1610612761,Toronto Raptors,4,10,2,Missed Shot,Jump Shot,,Mid-Range,Right Side(R),16-24 ft.,20,208,9,1,0,20220405,TOR,ATL,22101182497,|1627832|1628449|1630173|1630201|1630567,0,REG,,,2022,1630567,-10.0,PF,Helper,0.63,MISS Wright 21' Jump Shot,,,,ATL,1610612737.0,
Shot Chart Detail,22101182,509,0,Opponent,1610612761,Toronto Raptors,4,9,41,Missed Shot,Pullup Jump shot,,Mid-Range,Left Side Center(LC),16-24 ft.,16,-69,149,1,0,20220405,TOR,ATL,22101182509,|1627832|1628449|1630173|1630201|1630567,0,REG,,,2022,1630173,-12.0,C,Mobile Big,0.24,MISS Williams 16' Pullup Jump Shot,,,,ATL,1610612737.0,
Shot Chart Detail,22101182,519,0,Opponent,1610612761,Toronto Raptors,4,8,54,Missed Shot,Driving Floating Jump Shot,,Restricted Area,Center(C),Less Than 8 ft.,3,26,25,1,0,20220405,TOR,ATL,22101182519,|1627832|1628449|1630173|1630201|1630567,0,REG,,,2022,1627832,-10.0,PG,Point of Attack,0.9,MISS Williams 4' Driving Floating Jump Shot,,,,ATL,1610612737.0,
Shot Chart Detail,22101182,534,0,Opponent,1610612761,Toronto Raptors,4,7,56,Made Shot,Jump Shot,,Right Corner 3,Right Side(R),24+ ft.,23,232,5,1,1,20220405,TOR,ATL,22101182534,|1627832|1628449|1630567|201152|203920,1,REG,,,2022,,,,,,,,,,ATL,1610612737.0,203992.0
Shot Chart Detail,22101182,538,0,Opponent,1610612761,Toronto Raptors,4,7,22,Made Shot,Jump Shot,,Left Corner 3,Left Side(L),24+ ft.,22,-227,6,1,1,20220405,TOR,ATL,22101182538,|1627832|1628449|1630567|201152|203920,1,REG,,,2022,1630567,-7.0,PF,Helper,0.63,Bogdanovic 3PT Jump Shot (16 PTS) (Young 14 AST),,,,ATL,1610612737.0,1629027.0
Shot Chart Detail,22101182,547,0,Opponent,1610612761,Toronto Raptors,4,6,37,Missed Shot,Alley Oop Layup shot,,Restricted Area,Center(C),Less Than 8 ft.,1,12,7,1,0,20220405,TOR,ATL,22101182547,|1627783|1627832|1630567|201152|203920,0,REG,,,2022,1627832|203920,-7.0,,,,,,,,ATL,1610612737.0,
Shot Chart Detail,22101182,551,0,Opponent,1610612761,Toronto Raptors,4,6,7,Missed Shot,Step Back Jump shot,,Mid-Range,Center(C),16-24 ft.,22,-26,222,1,0,20220405,TOR,ATL,22101182551,|1627783|1627832|1630567|201152|203920,0,REG,,,2022,201152,-7.0,PF,Helper,0.84,MISS Young 22' Step Back Jump Shot,,,,ATL,1610612737.0,
Shot Chart Detail,22101182,559,0,Opponent,1610612761,Toronto Raptors,4,5,23,Made Shot,Running Dunk Shot,,Restricted Area,Center(C),Less Than 8 ft.,2,6,21,1,1,20220405,TOR,ATL,22101182559,|1627783|1627832|1630567|201152|203920,1,REG,,,2022,,,,,,,,,,ATL,1610612737.0,1629027.0
Shot Chart Detail,22101182,563,0,Opponent,1610612761,Toronto Raptors,4,4,50,Made Shot,Pullup Jump shot,,Above the Break 3,Center(C),24+ ft.,26,15,262,1,1,20220405,TOR,ATL,22101182563,|1627783|1627832|1630567|201152|203920,0,REG,,,2022,,,,,,,,,,ATL,1610612737.0,
Shot Chart Detail,22101182,569,0,Opponent,1610612761,Toronto Raptors,4,4,29,Made Shot,Running Finger Roll Layup Shot,,Restricted Area,Center(C),Less Than 8 ft.,1,16,-1,1,1,20220405,TOR,ATL,22101182569,|1627783|1627832|1629018|1630567|203920,0,REG,,,2022,1627832,0.0,PG,Point of Attack,0.9,Young 2' Running Finger Roll Layup (25 PTS),,,,ATL,1610612737.0,
Shot Chart Detail,22101182,572,0,Opponent,1610612761,Toronto Raptors,4,4,2,Missed Shot,Step Back Jump shot,,Mid-Range,Center(C),16-24 ft.,20,-62,195,1,0,20220405,TOR,ATL,22101182572,|1627783|1627832|1629018|1630567|203920,0,REG,,,2022,203920,0.0,C,Mobile Big,0.63,MISS Young 20' Step Back Jump Shot,,,,ATL,1610612737.0,
Shot Chart Detail,22101182,576,0,Opponent,1610612761,Toronto Raptors,4,3,29,Missed Shot,Jump Shot,,Left Corner 3,Left Side(L),24+ ft.,22,-229,-1,1,0,20220405,TOR,ATL,22101182576,|1627783|1627832|1629018|1630567|203920,0,REG,,,2022,1629018,0.0,SG,Chaser,0.19,MISS Bogdanovic 3PT Jump Shot,,,,ATL,1610612737.0,
Shot Chart Detail,22101182,594,0,Opponent,1610612761,Toronto Raptors,4,2,12,Missed Shot,Pullup Jump shot,,Mid-Range,Right Side(R),8-16 ft.,12,121,-20,1,0,20220405,TOR,ATL,22101182594,|1627783|1627832|1629018|1630173|1630567,0,REG,,,2022,1627783|1630173,0.0,,,,,,,,ATL,1610612737.0,
Shot Chart Detail,22101182,600,0,Opponent,1610612761,Toronto Raptors,4,1,31,Missed Shot,Driving Finger Roll Layup Shot,,Restricted Area,Center(C),Less Than 8 ft.,3,21,28,1,0,20220405,TOR,ATL,22101182600,|1627783|1627832|1629018|1630173|1630567,0,REG,,,2022,1627832|1627783,-2.0,,,,,,,,ATL,1610612737.0,
Shot Chart Detail,22101182,602,0,Opponent,1610612761,Toronto Raptors,4,1,26,Missed Shot,Fadeaway Jump Shot,,Left Corner 3,Left Side(L),24+ ft.,22,-223,7,1,0,20220405,TOR,ATL,22101182602,|1627783|1627832|1629018|1630173|1630567,0,REG,,,2022,1627783,-2.0,PF,Helper,0.72,MISS Bogdanovic 3PT Fadeaway Jumper,,,,ATL,1610612737.0,
Shot Chart Detail,22101182,607,0,Opponent,1610612761,Toronto Raptors,4,1,0,Missed Shot,Pullup Jump shot,,Above the Break 3,Left Side Center(LC),24+ ft.,32,-102,310,1,0,20220405,TOR,ATL,22101182607,|1627783|1627832|1629018|1630173|1630567,0,REG,,,2022,1627832,-5.0,PG,Point of Attack,0.9,MISS Young 33' 3PT Pullup Jump Shot,,,,ATL,1610612737.0,
Shot Chart Detail,22101182,620,0,Opponent,1610612761,Toronto Raptors,4,0,19,Made Shot,Turnaround Jump Shot,,Left Corner 3,Left Side(L),24+ ft.,23,-230,6,1,1,20220405,TOR,ATL,22101182620,|1627783|1627832|1629018|1630173|1630567,1,REG,,,2022,1627783,-4.0,PF,Helper,0.72,Bogdanovic 3PT Turnaround Jump Shot (19 PTS) (Huerter 4 AST),,,,ATL,1610612737.0,1628989.0
Shot Chart Detail,22101182,638,0,Opponent,1610612761,Toronto Raptors,4,0,1,Missed Shot,Jump Shot,,Above the Break 3,Center(C),24+ ft.,27,4,274,1,0,20220405,TOR,ATL,22101182638,|1627783|1627832|1629018|1630173|1630567,0,REG,,,2022,1629018,-10.0,SG,Chaser,0.19,MISS Huerter 27' 3PT Jump Shot,,,,ATL,1610612737.0,
Shot Chart Detail,22101197,7,0,Opponent,1610612761,Toronto Raptors,1,11,42,Missed Shot,Turnaround Jump Shot,,In The Paint (Non-RA),Center(C),8-16 ft.,9,-33,90,1,0,20220407,TOR,PHI,221011977,|1627783|1629018|1630173|1630567|203920,0,REG,,,2022,203920,0.0,C,Mobile Big,0.63,MISS Embiid 10' Turnaround Jump Shot,,,,PHI,1610612755.0,
Shot Chart Detail,22101197,14,0,Opponent,1610612761,Toronto Raptors,1,10,56,Missed Shot,Driving Hook Shot,,In The Paint (Non-RA),Center(C),Less Than 8 ft.,7,-44,57,1,0,20220407,TOR,PHI,2210119714,|1627783|1629018|1630173|1630567|203920,0,REG,,,2022,203920,0.0,C,Mobile Big,0.63,MISS Green 7' Driving Hook Shot,,,,PHI,1610612755.0,
Shot Chart Detail,22101197,19,0,Opponent,1610612761,Toronto Raptors,1,10,26,Made Shot,Jump Shot,,Left Corner 3,Left Side(L),24+ ft.,23,-230,10,1,1,20220407,TOR,PHI,2210119719,|1627783|1629018|1630173|1630567|203920,1,REG,,,2022,1627783,1.0,PF,Helper,0.72,Green 3PT Jump Shot (3 PTS) (Harden 1 AST),,,,PHI,1610612755.0,201935.0
Shot Chart Detail,22101197,26,0,Opponent,1610612761,Toronto Raptors,1,9,36,Made Shot,Pullup Jump shot,,Above the Break 3,Left Side Center(LC),24+ ft.,26,-132,235,1,1,20220407,TOR,PHI,2210119726,|1627783|1629018|1630173|1630567|203920,1,REG,,,2022,1630567,4.0,PF,Helper,0.63,Maxey 27' 3PT Pullup Jump Shot (3 PTS) (Harden 2 AST),,,,PHI,1610612755.0,201935.0
Shot Chart Detail,22101197,30,0,Opponent,1610612761,Toronto Raptors,1,9,7,Missed Shot,Driving Floating Jump Shot,,Mid-Range,Right Side(R),8-16 ft.,10,104,0,1,0,20220407,TOR,PHI,2210119730,|1627783|1629018|1630173|1630567|203920,0,REG,,,2022,203920,4.0,C,Mobile Big,0.63,MISS Harden 10' Driving Floating Jump Shot,,,,PHI,1610612755.0,
Shot Chart Detail,22101197,36,0,Opponent,1610612761,Toronto Raptors,1,8,49,Made Shot,Jump Shot,,Right Corner 3,Right Side(R),24+ ft.,24,245,4,1,1,20220407,TOR,PHI,2210119736,|1627783|1629018|1630173|1630567|203920,1,REG,,,2022,1627783,7.0,PF,Helper,0.72,Harris 25' 3PT Jump Shot (3 PTS) (Green 1 AST),,,,PHI,1610612755.0,201980.0
Shot Chart Detail,22101197,40,0,Opponent,1610612761,Toronto Raptors,1,8,38,Made Shot,Jump Shot,,Left Corner 3,Left Side(L),24+ ft.,23,-232,17,1,1,20220407,TOR,PHI,2210119740,|1627783|1629018|1630173|1630567|203920,0,REG,,,2022,1629018,10.0,SG,Chaser,0.19,Maxey 3PT Jump Shot (6 PTS),,,,PHI,1610612755.0,
Shot Chart Detail,22101197,43,0,Opponent,1610612761,Toronto Raptors,1,8,1,Missed Shot,Jump Shot,,Mid-Range,Right Side Center(RC),16-24 ft.,20,103,178,1,0,20220407,TOR,PHI,2210119743,|1627783|1629018|1630173|1630567|203920,0,REG,,,2022,203920,10.0,C,Mobile Big,0.63,MISS Embiid 21' Jump Shot,,,,PHI,1610612755.0,
Shot Chart Detail,22101197,56,0,Opponent,1610612761,Toronto Raptors,1,7,28,Made Shot,Jump Shot,,Right Corner 3,Right Side(R),24+ ft.,23,238,3,1,1,20220407,TOR,PHI,2210119756,|1627783|1629018|1630173|1630567|203920,1,REG,,,2022,,,,,,,,,,PHI,1610612755.0,201935.0
Shot Chart Detail,22101197,63,0,Opponent,1610612761,Toronto Raptors,1,7,4,Made Shot,Dunk Shot,,Restricted Area,Center(C),Less Than 8 ft.,2,4,20,1,1,20220407,TOR,PHI,2210119763,|1627783|1628449|1629018|1630567|203920,1,REG,,,2022,203920,15.0,C,Mobile Big,0.63,Embiid 2' Dunk (2 PTS) (Harden 4 AST),,,,PHI,1610612755.0,201935.0
Shot Chart Detail,22101197,66,0,Opponent,1610612761,Toronto Raptors,1,6,25,Missed Shot,Jump Shot,,Above the Break 3,Center(C),24+ ft.,25,-53,252,1,0,20220407,TOR,PHI,2210119766,|1627783|1628449|1629018|1630567|203920,0,REG,,,2022,1630567,13.0,PF,Helper,0.63,MISS Embiid 26' 3PT Jump Shot,,,,PHI,1610612755.0,
Shot Chart Detail,22101197,70,0,Opponent,1610612761,Toronto Raptors,1,6,6,Missed Shot,Driving Finger Roll Layup Shot,,In The Paint (Non-RA),Center(C),Less Than 8 ft.,6,16,68,1,0,20220407,TOR,PHI,2210119770,|1627783|1628449|1629018|1630567|203920,0,REG,,,2022,1627783,13.0,PF,Helper,0.72,Boucher BLOCK (1 BLK),,,,PHI,1610612755.0,
Shot Chart Detail,22101197,76,0,Opponent,1610612761,Toronto Raptors,1,5,32,Made Shot,Driving Layup Shot,,Restricted Area,Center(C),Less Than 8 ft.,1,15,9,1,1,20220407,TOR,PHI,2210119776,|1627783|1628449|1629018|1630567|203920,0,REG,,,2022,203920|1627783,13.0,,,,,,,,PHI,1610612755.0,
Shot Chart Detail,22101197,90,0,Opponent,1610612761,Toronto Raptors,1,4,18,Missed Shot,Driving Finger Roll Layup Shot,,Restricted Area,Center(C),Less Than 8 ft.,2,-17,21,1,0,20220407,TOR,PHI,2210119790,|1627783|1628449|1629018|1630567|203920,0,REG,,,2022,203920,11.0,C,Mobile Big,0.63,MISS Harden 3' Driving Finger Roll Layup,,,,PHI,1610612755.0,
Shot Chart Detail,22101197,94,0,Opponent,1610612761,Toronto Raptors,1,4,9,Made Shot,Running Reverse Layup Shot,,Restricted Area,Center(C),Less Than 8 ft.,1,-11,14,1,1,20220407,TOR,PHI,2210119794,|1627783|1628449|1629018|1630567|203920,1,REG,,,2022,1627783,13.0,PF,Helper,0.72,Harden 2' Running Reverse Layup (2 PTS) (Green 2 AST),,,,PHI,1610612755.0,201980.0
Shot Chart Detail,22101197,98,0,Opponent,1610612761,Toronto Raptors,1,3,36,Made Shot,Jump Shot,,Above the Break 3,Right Side Center(RC),24+ ft.,26,213,153,1,1,20220407,TOR,PHI,2210119798,|1627783|1628449|1629018|1630567|203920,1,REG,,,2022,1627783,14.0,PF,Helper,0.72,Niang 26' 3PT Jump Shot (3 PTS) (Harden 5 AST),,,,PHI,1610612755.0,201935.0
Shot Chart Detail,22101197,109,0,Opponent,1610612761,Toronto Raptors,1,2,51,Made Shot,Pullup Jump shot,,Above the Break 3,Right Side Center(RC),24+ ft.,26,147,215,1,1,20220407,TOR,PHI,22101197109,|1627783|1628449|1629018|1630173|201152,0,REG,,,2022,1630173,14.0,C,Mobile Big,0.24,Harden 26' 3PT Pullup Jump Shot (5 PTS),,,,PHI,1610612755.0,
Shot Chart Detail,22101197,112,0,Opponent,1610612761,Toronto Raptors,1,2,22,Made Shot,Turnaround Fadeaway shot,,In The Paint (Non-RA),Right Side(R),8-16 ft.,8,51,74,1,1,20220407,TOR,PHI,22101197112,|1627783|1628449|1629018|1630173|201152,1,REG,,,2022,1627783|1630173,13.0,,,,,,,,PHI,1610612755.0,201935.0
Shot Chart Detail,22101197,126,0,Opponent,1610612761,Toronto Raptors,1,1,24,Missed Shot,Jump Shot,,Above the Break 3,Center(C),24+ ft.,25,-44,251,1,0,20220407,TOR,PHI,22101197126,|1627783|1628449|1629018|1630173|201152,0,REG,,,2022,201152,10.0,PF,Helper,0.84,MISS Niang 25' 3PT Jump Shot,,,,PHI,1610612755.0,
Shot Chart Detail,22101197,144,0,Opponent,1610612761,Toronto Raptors,1,0,32,Missed Shot,Driving Finger Roll Layup Shot,,In The Paint (Non-RA),Center(C),Less Than 8 ft.,7,-49,58,1,0,20220407,TOR,PHI,22101197144,|1627783|1628449|1629018|1630173|201152,0,REG,,,2022,1629018,7.0,SG,Chaser,0.19,MISS Maxey 8' Driving Finger Roll Layup,,,,PHI,1610612755.0,
Shot Chart Detail,22101197,172,0,Opponent,1610612761,Toronto Raptors,2,10,53,Missed Shot,Step Back Jump shot,,Right Corner 3,Right Side(R),24+ ft.,24,235,62,1,0,20220407,TOR,PHI,22101197172,|1628449|1629018|1630173|1630567|201152,0,REG,,,2022,1630567,5.0,PF,Helper,0.63,MISS Niang 24' 3PT Step Back Jump Shot,,,,PHI,1610612755.0,
Shot Chart Detail,22101197,176,0,Opponent,1610612761,Toronto Raptors,2,10,14,Missed Shot,Jump Shot,,Left Corner 3,Left Side(L),24+ ft.,22,-221,5,1,0,20220407,TOR,PHI,22101197176,|1628449|1629018|1630173|1630567|201152,0,REG,,,2022,1630567,2.0,PF,Helper,0.63,MISS Harris 3PT Jump Shot,,,,PHI,1610612755.0,
Shot Chart Detail,22101197,194,0,Opponent,1610612761,Toronto Raptors,2,8,45,Missed Shot,Driving Finger Roll Layup Shot,,In The Paint (Non-RA),Center(C),Less Than 8 ft.,5,-12,55,1,0,20220407,TOR,PHI,22101197194,|1628449|1629018|1630173|1630567|201152,0,REG,,,2022,1629018,-1.0,SG,Chaser,0.19,MISS Harris 6' Driving Finger Roll Layup,,,,PHI,1610612755.0,
Shot Chart Detail,22101197,196,0,Opponent,1610612761,Toronto Raptors,2,8,40,Made Shot,Tip Dunk Shot,,Restricted Area,Center(C),Less Than 8 ft.,0,0,0,1,1,20220407,TOR,PHI,22101197196,|1628449|1629018|1630173|1630567|201152,0,REG,,,2022,1630173,1.0,C,Mobile Big,0.24,Reed Tip Dunk Shot (2 PTS),,,,PHI,1610612755.0,
Shot Chart Detail,22101197,204,0,Opponent,1610612761,Toronto Raptors,2,8,22,Missed Shot,Jump Shot,,Right Corner 3,Right Side(R),24+ ft.,24,241,17,1,0,20220407,TOR,PHI,22101197204,|1628449|1630173|1630201|1630567|201152,0,REG,,,2022,1628449,0.0,SF,Helper,0.4,MISS Harris 24' 3PT Jump Shot,,,,PHI,1610612755.0,
Shot Chart Detail,22101197,216,0,Opponent,1610612761,Toronto Raptors,2,6,58,Made Shot,Driving Dunk Shot,,Restricted Area,Center(C),Less Than 8 ft.,1,-7,14,1,1,20220407,TOR,PHI,22101197216,|1628449|1630173|1630201|1630567|201152,1,REG,,,2022,1630201,-2.0,PG,Point of Attack,-0.52,Harris 2' Driving Dunk (8 PTS) (Maxey 1 AST),,,,PHI,1610612755.0,1630178.0
Shot Chart Detail,22101197,220,0,Opponent,1610612761,Toronto Raptors,2,6,32,Made Shot,Jump Shot,,Above the Break 3,Center(C),24+ ft.,25,-70,245,1,1,20220407,TOR,PHI,22101197220,|1628449|1630173|1630201|1630567|201152,1,REG,,,2022,1628449,-2.0,SF,Helper,0.4,Maxey 25' 3PT Jump Shot (10 PTS) (Harden 7 AST),,,,PHI,1610612755.0,201935.0
Shot Chart Detail,22101197,224,0,Opponent,1610612761,Toronto Raptors,2,5,56,Missed Shot,Running Layup Shot,,In The Paint (Non-RA),Center(C),Less Than 8 ft.,4,-23,41,1,0,20220407,TOR,PHI,22101197224,|1628449|1630173|1630201|1630567|201152,0,REG,,,2022,1630201,-2.0,PG,Point of Attack,-0.52,MISS Maxey 5' Running Layup,,,,PHI,1610612755.0,
Shot Chart Detail,22101197,226,0,Opponent,1610612761,Toronto Raptors,2,5,56,Made Shot,Putback Layup Shot,,Restricted Area,Center(C),Less Than 8 ft.,0,0,0,1,1,20220407,TOR,PHI,22101197226,|1628449|1630173|1630201|1630567|201152,0,REG,,,2022,201152,0.0,PF,Helper,0.84,Reed Putback Layup (4 PTS),,,,PHI,1610612755.0,
Shot Chart Detail,22101197,254,0,Opponent,1610612761,Toronto Raptors,2,3,57,Made Shot,Jump Shot,,Left Corner 3,Left Side(L),24+ ft.,22,-225,15,1,1,20220407,TOR,PHI,22101197254,|1627783|1629018|1630173|1630201|1630567,1,REG,,,2022,1629018,1.0,SG,Chaser,0.19,Milton 3PT Jump Shot (3 PTS) (Embiid 1 AST),,,,PHI,1610612755.0,203954.0
Shot Chart Detail,22101197,261,0,Opponent,1610612761,Toronto Raptors,2,3,30,Made Shot,Jump Shot,,Right Corner 3,Right Side(R),24+ ft.,23,237,5,1,1,20220407,TOR,PHI,22101197261,|1627783|1629018|1630173|1630201|1630567,1,REG,,,2022,1630567,3.0,PF,Helper,0.63,Green 24' 3PT Jump Shot (6 PTS) (Maxey 2 AST),,,,PHI,1610612755.0,1630178.0
Shot Chart Detail,22101197,269,0,Opponent,1610612761,Toronto Raptors,2,2,30,Missed Shot,Step Back Jump shot,,Right Corner 3,Right Side(R),24+ ft.,23,237,22,1,0,20220407,TOR,PHI,22101197269,|1627783|1629018|1630173|1630201|1630567,0,REG,,,2022,1630567,-2.0,PF,Helper,0.63,MISS Green 24' 3PT Step Back Jump Shot,,,,PHI,1610612755.0,
Shot Chart Detail,22101197,273,0,Opponent,1610612761,Toronto Raptors,2,1,53,Made Shot,Jump Shot,,Left Corner 3,Left Side(L),24+ ft.,22,-222,17,1,1,20220407,TOR,PHI,22101197273,|1627783|1629018|1630173|1630201|1630567,1,REG,,,2022,1627783,1.0,PF,Helper,0.72,Milton 3PT Jump Shot (6 PTS) (Embiid 2 AST),,,,PHI,1610612755.0,203954.0
Shot Chart Detail,22101197,284,0,Opponent,1610612761,Toronto Raptors,2,1,14,Made Shot,Driving Finger Roll Layup Shot,,Restricted Area,Center(C),Less Than 8 ft.,2,23,5,1,1,20220407,TOR,PHI,22101197284,|1627783|1629018|1630173|1630201|1630567,1,REG,,,2022,1627783|1630567,2.0,,,,,,,,PHI,1610612755.0,201935.0
Shot Chart Detail,22101197,288,0,Opponent,1610612761,Toronto Raptors,2,0,39,Made Shot,Fadeaway Jump Shot,,In The Paint (Non-RA),Center(C),8-16 ft.,10,38,98,1,1,20220407,TOR,PHI,22101197288,|1627783|1629018|1630173|1630201|1630567,1,REG,,,2022,1630173|1630567,4.0,,,,,,,,PHI,1610612755.0,201980.0
Shot Chart Detail,22101197,292,0,Opponent,1610612761,Toronto Raptors,2,0,9,Missed Shot,Jump Shot,,Above the Break 3,Right Side Center(RC),24+ ft.,25,110,232,1,0,20220407,TOR,PHI,22101197292,|1627783|1629018|1630173|1630201|1630567,0,REG,,,2022,1627783,4.0,PF,Helper,0.72,MISS Embiid 26' 3PT Jump Shot,,,,PHI,1610612755.0,
Shot Chart Detail,22101197,296,0,Opponent,1610612761,Toronto Raptors,2,0,0,Missed Shot,Running Jump Shot,,Backcourt,Back Court(BC),Back Court Shot,56,15,568,1,0,20220407,TOR,PHI,22101197296,|1627783|1629018|1630173|1630201|1630567,0,REG,,,2022,,,,,,,,,,PHI,1610612755.0,
Shot Chart Detail,22101197,310,0,Opponent,1610612761,Toronto Raptors,3,11,33,Made Shot,Step Back Jump shot,,Above the Break 3,Right Side Center(RC),24+ ft.,24,164,184,1,1,20220407,TOR,PHI,22101197310,|1627783|1628449|1629018|1630567|203920,1,REG,,,2022,1627783,7.0,PF,Helper,0.72,Green 25' 3PT Step Back Jump Shot (9 PTS) (Harden 9 AST),,,,PHI,1610612755.0,201935.0
Shot Chart Detail,22101197,313,0,Opponent,1610612761,Toronto Raptors,3,10,58,Missed Shot,Driving Finger Roll Layup Shot,,Restricted Area,Center(C),Less Than 8 ft.,3,29,27,1,0,20220407,TOR,PHI,22101197313,|1627783|1628449|1629018|1630567|203920,0,REG,,,2022,1630567,5.0,PF,Helper,0.63,Boucher BLOCK (2 BLK),,,,PHI,1610612755.0,
Shot Chart Detail,22101197,318,0,Opponent,1610612761,Toronto Raptors,3,10,31,Made Shot,Pullup Jump shot,,Mid-Range,Center(C),8-16 ft.,14,-12,149,1,1,20220407,TOR,PHI,22101197318,|1627783|1628449|1629018|1630567|203920,0,REG,,,2022,203920,7.0,C,Mobile Big,0.63,Embiid 15' Pullup Jump Shot (16 PTS),,,,PHI,1610612755.0,
Shot Chart Detail,22101197,321,0,Opponent,1610612761,Toronto Raptors,3,10,4,Missed Shot,Running Layup Shot,,Restricted Area,Center(C),Less Than 8 ft.,0,5,8,1,0,20220407,TOR,PHI,22101197321,|1627783|1628449|1629018|1630567|203920,0,REG,,,2022,1628449,7.0,SF,Helper,0.4,Boucher BLOCK (3 BLK),,,,PHI,1610612755.0,
Shot Chart Detail,22101197,342,0,Opponent,1610612761,Toronto Raptors,3,8,53,Made Shot,Step Back Jump shot,,Right Corner 3,Right Side(R),24+ ft.,23,225,55,1,1,20220407,TOR,PHI,22101197342,|1627783|1628449|1629018|1630567|203920,1,REG,,,2022,1628449,7.0,SF,Helper,0.4,Green 3PT Step Back Jump Shot (12 PTS) (Harden 10 AST),,,,PHI,1610612755.0,201935.0
Shot Chart Detail,22101197,349,0,Opponent,1610612761,Toronto Raptors,3,8,18,Missed Shot,Reverse Layup Shot,,Restricted Area,Center(C),Less Than 8 ft.,1,12,11,1,0,20220407,TOR,PHI,22101197349,|1627783|1628449|1629018|1630567|203920,0,REG,,,2022,1628449|1629018,5.0,,,,,,,,PHI,1610612755.0,
Shot Chart Detail,22101197,358,0,Opponent,1610612761,Toronto Raptors,3,7,48,Missed Shot,Driving Floating Jump Shot,,Mid-Range,Right Side(R),8-16 ft.,12,114,49,1,0,20220407,TOR,PHI,22101197358,|1627783|1629018|1630173|1630567|201152,0,REG,,,2022,1627783|1630567,3.0,,,,,,,,PHI,1610612755.0,
Shot Chart Detail,22101197,362,0,Opponent,1610612761,Toronto Raptors,3,7,21,Made Shot,Layup Shot,,Restricted Area,Center(C),Less Than 8 ft.,1,0,11,1,1,20220407,TOR,PHI,22101197362,|1627783|1629018|1630173|1630567|201152,1,REG,,,2022,1630173|201152,5.0,,,,,,,,PHI,1610612755.0,201935.0
Shot Chart Detail,22101197,374,0,Opponent,1610612761,Toronto Raptors,3,6,12,Made Shot,Step Back Jump shot,,Above the Break 3,Center(C),24+ ft.,25,74,249,1,1,20220407,TOR,PHI,22101197374,|1627783|1629018|1630173|1630567|201152,1,REG,,,2022,1629018,6.0,SG,Chaser,0.19,Maxey 26' 3PT Step Back Jump Shot (13 PTS) (Harris 1 AST),,,,PHI,1610612755.0,202699.0
Shot Chart Detail,22101197,380,0,Opponent,1610612761,Toronto Raptors,3,5,15,Made Shot,Driving Layup Shot,,Restricted Area,Center(C),Less Than 8 ft.,0,0,4,1,1,20220407,TOR,PHI,22101197380,|1627783|1629018|1630173|1630567|201152,1,REG,,,2022,1630173,4.0,C,Mobile Big,0.24,Embiid Driving Layup (21 PTS) (Harden 12 AST),,,,PHI,1610612755.0,201935.0
Shot Chart Detail,22101197,385,0,Opponent,1610612761,Toronto Raptors,3,4,43,Missed Shot,Step Back Jump shot,,Above the Break 3,Center(C),24+ ft.,26,-60,253,1,0,20220407,TOR,PHI,22101197385,|1627783|1629018|1630173|1630567|201152,0,REG,,,2022,1630173,4.0,C,Mobile Big,0.24,MISS Harden 26' 3PT Step Back Jump Shot,,,,PHI,1610612755.0,
Shot Chart Detail,22101197,394,0,Opponent,1610612761,Toronto Raptors,3,4,12,Made Shot,Fadeaway Jump Shot,,Mid-Range,Center(C),16-24 ft.,17,-2,172,1,1,20220407,TOR,PHI,22101197394,|1627783|1629018|1630173|1630567|201152,0,REG,,,2022,1629018,6.0,SG,Chaser,0.19,Embiid 17' Fadeaway Jumper (23 PTS),,,,PHI,1610612755.0,
Shot Chart Detail,22101197,403,0,Opponent,1610612761,Toronto Raptors,3,3,37,Missed Shot,Pullup Jump shot,,Mid-Range,Center(C),16-24 ft.,16,-37,163,1,0,20220407,TOR,PHI,22101197403,|1627783|1629018|1630173|1630201|201152,0,REG,,,2022,1630173,3.0,C,Mobile Big,0.24,MISS Embiid 17' Pullup Jump Shot,,,,PHI,1610612755.0,
Shot Chart Detail,22101197,418,0,Opponent,1610612761,Toronto Raptors,3,2,17,Made Shot,Jump Shot,,Above the Break 3,Right Side Center(RC),24+ ft.,25,164,196,1,1,20220407,TOR,PHI,22101197418,|1627783|1629018|1630173|1630201|201152,1,REG,,,2022,1627783,0.0,PF,Helper,0.72,Milton 26' 3PT Jump Shot (9 PTS) (Maxey 3 AST),,,,PHI,1610612755.0,1630178.0
Shot Chart Detail,22101197,422,0,Opponent,1610612761,Toronto Raptors,3,1,49,Missed Shot,Pullup Jump shot,,In The Paint (Non-RA),Center(C),8-16 ft.,9,-43,80,1,0,20220407,TOR,PHI,22101197422,|1627783|1629018|1630173|1630201|201152,0,REG,,,2022,1627783|1630173,0.0,,,,,,,,PHI,1610612755.0,
Shot Chart Detail,22101197,425,0,Opponent,1610612761,Toronto Raptors,3,1,13,Missed Shot,Turnaround Fadeaway shot,,In The Paint (Non-RA),Center(C),8-16 ft.,11,-1,112,1,0,20220407,TOR,PHI,22101197425,|1627783|1629018|1630173|1630201|201152,0,REG,,,2022,201152,-2.0,PF,Helper,0.84,MISS Embiid 11' Turnaround Fadeaway Shot,,,,PHI,1610612755.0,
Shot Chart Detail,22101197,436,0,Opponent,1610612761,Toronto Raptors,3,0,44,Made Shot,Jump Shot,,Right Corner 3,Right Side(R),24+ ft.,22,229,-5,1,1,20220407,TOR,PHI,22101197436,|1627783|1629018|1630173|1630201|201152,1,REG,,,2022,1629018,0.0,SG,Chaser,0.19,Niang 3PT Jump Shot (6 PTS) (Harden 13 AST),,,,PHI,1610612755.0,201935.0
Shot Chart Detail,22101197,439,0,Opponent,1610612761,Toronto Raptors,3,0,22,Missed Shot,Driving Floating Jump Shot,,In The Paint (Non-RA),Center(C),Less Than 8 ft.,6,45,44,1,0,20220407,TOR,PHI,22101197439,|1627783|1629018|1630173|1630201|201152,0,REG,,,2022,1630173,0.0,C,Mobile Big,0.24,MISS Harden 6' Driving Floating Jump Shot,,,,PHI,1610612755.0,
Shot Chart Detail,22101197,442,0,Opponent,1610612761,Toronto Raptors,3,0,0,Missed Shot,Driving Floating Jump Shot,,Above the Break 3,Left Side Center(LC),24+ ft.,39,-188,351,1,0,20220407,TOR,PHI,22101197442,|1627783|1629018|1630173|1630201|201152,0,REG,,,2022,1630173,-2.0,C,Mobile Big,0.24,MISS Milton 40' 3PT Driving Floating Jump Shot,,,,PHI,1610612755.0,
Shot Chart Detail,22101197,450,0,Opponent,1610612761,Toronto Raptors,4,11,49,Missed Shot,Jump Shot,,Left Corner 3,Left Side(L),24+ ft.,22,-229,6,1,0,20220407,TOR,PHI,22101197450,|1628449|1629018|1630173|1630567|201152,0,REG,,,2022,1628449,-2.0,SF,Helper,0.4,MISS Niang 3PT Jump Shot,,,,PHI,1610612755.0,
Shot Chart Detail,22101197,466,0,Opponent,1610612761,Toronto Raptors,4,10,19,Made Shot,Driving Finger Roll Layup Shot,,Restricted Area,Center(C),Less Than 8 ft.,1,-13,6,1,1,20220407,TOR,PHI,22101197466,|1628449|1629018|1630173|1630567|201152,0,REG,,,2022,1628449,-3.0,SF,Helper,0.4,Harden 1' Driving Finger Roll Layup (11 PTS),,,,PHI,1610612755.0,
Shot Chart Detail,22101197,474,0,Opponent,1610612761,Toronto Raptors,4,9,20,Missed Shot,Step Back Jump shot,,Above the Break 3,Left Side Center(LC),24+ ft.,27,-112,249,1,0,20220407,TOR,PHI,22101197474,|1628449|1629018|1630173|1630567|201152,0,REG,,,2022,201152,-6.0,PF,Helper,0.84,MISS Harden 27' 3PT Step Back Jump Shot,,,,PHI,1610612755.0,
Shot Chart Detail,22101197,476,0,Opponent,1610612761,Toronto Raptors,4,9,14,Missed Shot,Jump Shot,,Above the Break 3,Left Side Center(LC),24+ ft.,27,-119,253,1,0,20220407,TOR,PHI,22101197476,|1628449|1629018|1630173|1630567|201152,0,REG,,,2022,201152,-6.0,PF,Helper,0.84,MISS Niang 28' 3PT Jump Shot,,,,PHI,1610612755.0,
Shot Chart Detail,22101197,484,0,Opponent,1610612761,Toronto Raptors,4,8,43,Missed Shot,Turnaround Fadeaway shot,,Mid-Range,Left Side(L),8-16 ft.,12,-126,10,1,0,20220407,TOR,PHI,22101197484,|1628449|1629018|1630173|1630567|201152,0,REG,,,2022,1630173,-8.0,C,Mobile Big,0.24,MISS Embiid 13' Turnaround Fadeaway Shot,,,,PHI,1610612755.0,
Shot Chart Detail,22101197,490,0,Opponent,1610612761,Toronto Raptors,4,7,40,Made Shot,Jump Shot,,Above the Break 3,Left Side Center(LC),24+ ft.,26,-161,211,1,1,20220407,TOR,PHI,22101197490,|1628449|1629018|1630173|1630567|201152,1,REG,,,2022,1630567,-7.0,PF,Helper,0.63,Niang 27' 3PT Jump Shot (9 PTS) (Harden 14 AST),,,,PHI,1610612755.0,201935.0
Shot Chart Detail,22101197,494,0,Opponent,1610612761,Toronto Raptors,4,7,5,Missed Shot,Floating Jump shot,,In The Paint (Non-RA),Center(C),Less Than 8 ft.,6,-47,41,1,0,20220407,TOR,PHI,22101197494,|1628449|1629018|1630173|1630567|201152,0,REG,,,2022,1630173,-7.0,C,Mobile Big,0.24,Achiuwa BLOCK (1 BLK),,,,PHI,1610612755.0,
Shot Chart Detail,22101197,504,0,Opponent,1610612761,Toronto Raptors,4,6,56,Missed Shot,Turnaround Fadeaway Bank Jump Shot,,In The Paint (Non-RA),Center(C),8-16 ft.,11,-51,107,1,0,20220407,TOR,PHI,22101197504,|1627783|1628449|1630173|1630567|201152,0,REG,,,2022,201152,-7.0,PF,Helper,0.84,MISS Embiid 12' Turnaround Fadeaway Bank Jump Shot,,,,PHI,1610612755.0,
Shot Chart Detail,22101197,508,0,Opponent,1610612761,Toronto Raptors,4,6,30,Made Shot,Driving Floating Bank Jump Shot,,Restricted Area,Center(C),Less Than 8 ft.,3,-29,27,1,1,20220407,TOR,PHI,22101197508,|1627783|1628449|1630173|1630567|201152,1,REG,,,2022,1630173,-8.0,C,Mobile Big,0.24,Maxey 4' Driving Floating Bank Jump Shot (15 PTS) (Harden 15 AST),,,,PHI,1610612755.0,201935.0
Shot Chart Detail,22101197,527,0,Opponent,1610612761,Toronto Raptors,4,5,22,Made Shot,Turnaround Fadeaway shot,,In The Paint (Non-RA),Center(C),8-16 ft.,12,37,121,1,1,20220407,TOR,PHI,22101197527,|1627783|1628449|1630173|1630567|201152,0,REG,,,2022,201152,-3.0,PF,Helper,0.84,Maxey 13' Turnaround Fadeaway (20 PTS),,,,PHI,1610612755.0,
Shot Chart Detail,22101197,529,0,Opponent,1610612761,Toronto Raptors,4,4,46,Missed Shot,Step Back Jump shot,,Above the Break 3,Left Side Center(LC),24+ ft.,26,-145,226,1,0,20220407,TOR,PHI,22101197529,|1627783|1628449|1630173|1630567|201152,0,REG,,,2022,1630567,-5.0,PF,Helper,0.63,MISS Maxey 27' 3PT Step Back Jump Shot,,,,PHI,1610612755.0,
Shot Chart Detail,22101197,531,0,Opponent,1610612761,Toronto Raptors,4,4,38,Missed Shot,Step Back Jump shot,,Above the Break 3,Center(C),24+ ft.,27,38,269,1,0,20220407,TOR,PHI,22101197531,|1627783|1628449|1630173|1630567|201152,0,REG,,,2022,201152,-5.0,PF,Helper,0.84,MISS Harden 27' 3PT Step Back Jump Shot,,,,PHI,1610612755.0,
Shot Chart Detail,22101197,539,0,Opponent,1610612761,Toronto Raptors,4,3,54,Missed Shot,Step Back Jump shot,,Above the Break 3,Center(C),24+ ft.,26,-4,265,1,0,20220407,TOR,PHI,22101197539,|1627783|1629018|1630173|1630567|201152,0,REG,,,2022,1630173,-7.0,C,Mobile Big,0.24,MISS Embiid 27' 3PT Step Back Jump Shot,,,,PHI,1610612755.0,
Shot Chart Detail,22101197,543,0,Opponent,1610612761,Toronto Raptors,4,3,31,Made Shot,Running Jump Shot,,Above the Break 3,Right Side Center(RC),24+ ft.,25,145,206,1,1,20220407,TOR,PHI,22101197543,|1627783|1629018|1630173|1630567|201152,1,REG,,,2022,1630567,-4.0,PF,Helper,0.63,Green 25' 3PT Running Jump Shot (15 PTS) (Maxey 4 AST),,,,PHI,1610612755.0,1630178.0
Shot Chart Detail,22101197,552,0,Opponent,1610612761,Toronto Raptors,4,2,16,Missed Shot,Turnaround Hook Shot,,Restricted Area,Center(C),Less Than 8 ft.,3,27,27,1,0,20220407,TOR,PHI,22101197552,|1627783|1629018|1630173|1630567|201152,0,REG,,,2022,1627783|1630173,-7.0,,,,,,,,PHI,1610612755.0,
Shot Chart Detail,22101197,554,0,Opponent,1610612761,Toronto Raptors,4,2,13,Made Shot,Floating Jump shot,,Right Corner 3,Right Side(R),24+ ft.,23,232,-6,1,1,20220407,TOR,PHI,22101197554,|1627783|1629018|1630173|1630567|201152,0,REG,,,2022,1630567,-4.0,PF,Helper,0.63,Green 3PT Floating Jump Shot (18 PTS),,,,PHI,1610612755.0,
Shot Chart Detail,22101197,560,0,Opponent,1610612761,Toronto Raptors,4,1,23,Made Shot,Driving Layup Shot,,Restricted Area,Center(C),Less Than 8 ft.,2,25,11,1,1,20220407,TOR,PHI,22101197560,|1627783|1629018|1630173|1630567|201152,1,REG,,,2022,1627783|1630173,-6.0,,,,,,,,PHI,1610612755.0,201980.0
Shot Chart Detail,22101197,567,0,Opponent,1610612761,Toronto Raptors,4,0,52,Made Shot,Driving Layup Shot,,Restricted Area,Center(C),Less Than 8 ft.,0,-7,0,1,1,20220407,TOR,PHI,22101197567,|1627783|1629018|1630173|1630567|201152,0,REG,,,2022,1630173,-4.0,C,Mobile Big,0.24,Maxey 1' Driving Layup (22 PTS),,,,PHI,1610612755.0,
Shot Chart Detail,22101197,596,0,Opponent,1610612761,Toronto Raptors,4,0,6,Missed Shot,Jump Shot,,Above the Break 3,Left Side Center(LC),24+ ft.,30,-124,278,1,0,20220407,TOR,PHI,22101197596,|1627783|1629018|1630173|1630567|201152,0,REG,,,2022,1630173,-5.0,C,Mobile Big,0.24,MISS Embiid 30' 3PT Jump Shot,,,,PHI,1610612755.0,
Shot Chart Detail,22101206,8,0,Opponent,1610612761,Toronto Raptors,1,11,17,Made Shot,Jump Shot,,Above the Break 3,Right Side Center(RC),24+ ft.,25,217,126,1,1,20220408,TOR,HOU,221012068,|1627783|1629018|1629717|1630567|203920,1,REG,,,2022,1627783,1.0,PF,Helper,0.72,Tate 25' 3PT Jump Shot (3 PTS) (Porter Jr. 1 AST),,,,HOU,1610612745.0,1629645.0
Shot Chart Detail,22101206,12,0,Opponent,1610612761,Toronto Raptors,1,10,51,Made Shot,Driving Dunk Shot,,Restricted Area,Center(C),Less Than 8 ft.,0,1,5,1,1,20220408,TOR,HOU,2210120612,|1627783|1629018|1629717|1630567|203920,0,REG,,,2022,1630567,3.0,PF,Helper,0.63,Green 1' Driving Dunk (2 PTS),,,,HOU,1610612745.0,
Shot Chart Detail,22101206,17,0,Opponent,1610612761,Toronto Raptors,1,10,28,Made Shot,Running Reverse Layup Shot,,Restricted Area,Center(C),Less Than 8 ft.,1,7,16,1,1,20220408,TOR,HOU,2210120617,|1627783|1629018|1629717|1630567|203920,0,REG,,,2022,1627783,5.0,PF,Helper,0.72,Tate 2' Running Reverse Layup (5 PTS),,,,HOU,1610612745.0,
Shot Chart Detail,22101206,20,0,Opponent,1610612761,Toronto Raptors,1,10,6,Made Shot,Driving Finger Roll Layup Shot,,Restricted Area,Center(C),Less Than 8 ft.,1,1,15,1,1,20220408,TOR,HOU,2210120620,|1627783|1629018|1629717|1630567|203920,0,REG,,,2022,1629018,7.0,SG,Chaser,0.19,Porter Jr. 2' Driving Finger Roll Layup (2 PTS),,,,HOU,1610612745.0,
Shot Chart Detail,22101206,24,0,Opponent,1610612761,Toronto Raptors,1,9,20,Missed Shot,Hook Shot,,In The Paint (Non-RA),Center(C),Less Than 8 ft.,4,-26,42,1,0,20220408,TOR,HOU,2210120624,|1627783|1629018|1629717|1630567|203920,0,REG,,,2022,1627783,5.0,PF,Helper,0.72,MISS Tate 5' Hook Shot,,,,HOU,1610612745.0,
Shot Chart Detail,22101206,30,0,Opponent,1610612761,Toronto Raptors,1,8,52,Missed Shot,Jump Shot,,Left Corner 3,Left Side(L),24+ ft.,23,-230,14,1,0,20220408,TOR,HOU,2210120630,|1627783|1629018|1629717|1630567|203920,0,REG,,,2022,1629018,2.0,SG,Chaser,0.19,MISS Tate 3PT Jump Shot,,,,HOU,1610612745.0,
Shot Chart Detail,22101206,37,0,Opponent,1610612761,Toronto Raptors,1,8,12,Made Shot,Cutting Finger Roll Layup Shot,,Restricted Area,Center(C),Less Than 8 ft.,2,-9,19,1,1,20220408,TOR,HOU,2210120637,|1627783|1629018|1629717|1630567|203920,1,REG,,,2022,1627783,4.0,PF,Helper,0.72,Tate 2' Cutting Finger Roll Layup Shot (7 PTS) (Green 1 AST),,,,HOU,1610612745.0,1630224.0
Shot Chart Detail,22101206,45,0,Opponent,1610612761,Toronto Raptors,1,7,41,Made Shot,Step Back Jump shot,,Mid-Range,Center(C),8-16 ft.,15,-6,156,1,1,20220408,TOR,HOU,2210120645,|1627783|1629018|1629717|1630567|203920,0,REG,,,2022,1629018,4.0,SG,Chaser,0.19,Porter Jr. 16' Step Back Jump Shot (4 PTS),,,,HOU,1610612745.0,
Shot Chart Detail,22101206,80,0,Opponent,1610612761,Toronto Raptors,1,5,7,Made Shot,Driving Hook Shot,,Restricted Area,Center(C),Less Than 8 ft.,2,-4,27,1,1,20220408,TOR,HOU,2210120680,|1627783|1628449|1629018|1629717|1630173,1,REG,,,2022,1628449,4.0,SF,Helper,0.4,Tate 3' Driving Hook Shot (9 PTS) (Green 2 AST),,,,HOU,1610612745.0,1630224.0
Shot Chart Detail,22101206,83,0,Opponent,1610612761,Toronto Raptors,1,4,37,Made Shot,Cutting Dunk Shot,,Restricted Area,Center(C),Less Than 8 ft.,1,12,6,1,1,20220408,TOR,HOU,2210120683,|1627783|1628449|1629018|1629717|1630173,0,REG,,,2022,1630173,6.0,C,Mobile Big,0.24,Sengun 1' Cutting Dunk Shot (4 PTS),,,,HOU,1610612745.0,
Shot Chart Detail,22101206,88,0,Opponent,1610612761,Toronto Raptors,1,4,13,Missed Shot,Driving Layup Shot,,Restricted Area,Center(C),Less Than 8 ft.,2,27,8,1,0,20220408,TOR,HOU,2210120688,|1627783|1628449|1629018|1629717|1630173,0,REG,,,2022,1629018|1630173,6.0,,,,,,,,HOU,1610612745.0,
Shot Chart Detail,22101206,91,0,Opponent,1610612761,Toronto Raptors,1,4,9,Made Shot,Putback Layup Shot,,Restricted Area,Center(C),Less Than 8 ft.,1,2,19,1,1,20220408,TOR,HOU,2210120691,|1627783|1628449|1629018|1629717|1630173,0,REG,,,2022,1630173,8.0,C,Mobile Big,0.24,Green 2' Putback Layup (4 PTS),,,,HOU,1610612745.0,
Shot Chart Detail,22101206,94,0,Opponent,1610612761,Toronto Raptors,1,3,49,Missed Shot,Pullup Jump shot,,Mid-Range,Left Side Center(LC),16-24 ft.,16,-127,108,1,0,20220408,TOR,HOU,2210120694,|1627783|1628449|1629018|1629717|1630173,0,REG,,,2022,1629717,8.0,SG-PG,Low Activity,-0.97,MISS Green 17' Pullup Jump Shot,,,,HOU,1610612745.0,
Shot Chart Detail,22101206,107,0,Opponent,1610612761,Toronto Raptors,1,3,19,Made Shot,Turnaround Bank Hook Shot,,Restricted Area,Center(C),Less Than 8 ft.,2,15,15,1,1,20220408,TOR,HOU,22101206107,|1627783|1628449|1629018|1630173|1630201,0,REG,,,2022,1630173,8.0,C,Mobile Big,0.24,Sengun 2' Turnaround Bank Hook Shot (6 PTS),,,,HOU,1610612745.0,
Shot Chart Detail,22101206,110,0,Opponent,1610612761,Toronto Raptors,1,2,57,Made Shot,Step Back Jump shot,,Above the Break 3,Right Side Center(RC),24+ ft.,25,217,137,1,1,20220408,TOR,HOU,22101206110,|1627783|1628449|1629018|1630173|1630201,0,REG,,,2022,1627783,11.0,PF,Helper,0.72,Porter Jr. 26' 3PT Step Back Jump Shot (7 PTS),,,,HOU,1610612745.0,
Shot Chart Detail,22101206,122,0,Opponent,1610612761,Toronto Raptors,1,2,4,Missed Shot,Running Jump Shot,,Above the Break 3,Left Side Center(LC),24+ ft.,26,-200,169,1,0,20220408,TOR,HOU,22101206122,|1628449|1630173|1630201|1630551|1630567,0,REG,,,2022,1630201,11.0,PG,Point of Attack,-0.52,MISS Green 26' 3PT Running Jump Shot,,,,HOU,1610612745.0,
Shot Chart Detail,22101206,124,0,Opponent,1610612761,Toronto Raptors,1,2,0,Made Shot,Putback Layup Shot,,Restricted Area,Center(C),Less Than 8 ft.,3,33,16,1,1,20220408,TOR,HOU,22101206124,|1628449|1630173|1630201|1630551|1630567,0,REG,,,2022,1628449|1630551|1630567,13.0,,,,,,,,HOU,1610612745.0,
Shot Chart Detail,22101206,130,0,Opponent,1610612761,Toronto Raptors,1,1,19,Missed Shot,Jump Shot,,Above the Break 3,Center(C),24+ ft.,25,26,252,1,0,20220408,TOR,HOU,22101206130,|1628449|1630173|1630201|1630551|1630567,0,REG,,,2022,1630551,13.0,SF,Helper,-0.61,MISS Porter Jr. 25' 3PT Jump Shot,,,,HOU,1610612745.0,
Shot Chart Detail,22101206,132,0,Opponent,1610612761,Toronto Raptors,1,1,14,Missed Shot,Jump Shot,,Above the Break 3,Left Side Center(LC),24+ ft.,26,-93,248,1,0,20220408,TOR,HOU,22101206132,|1628449|1630173|1630201|1630551|1630567,0,REG,,,2022,1628449,13.0,SF,Helper,0.4,MISS Christopher 26' 3PT Jump Shot,,,,HOU,1610612745.0,
Shot Chart Detail,22101206,136,0,Opponent,1610612761,Toronto Raptors,1,1,2,Made Shot,Jump Shot,,Above the Break 3,Center(C),24+ ft.,26,10,261,1,1,20220408,TOR,HOU,22101206136,|1628449|1630173|1630201|1630551|1630567,1,REG,,,2022,1628449,16.0,SF,Helper,0.4,Porter Jr. 26' 3PT Jump Shot (12 PTS) (Garuba 1 AST),,,,HOU,1610612745.0,1630586.0
Shot Chart Detail,22101206,142,0,Opponent,1610612761,Toronto Raptors,1,0,46,Made Shot,Cutting Dunk Shot,,Restricted Area,Center(C),Less Than 8 ft.,2,9,19,1,1,20220408,TOR,HOU,22101206142,|1628449|1630173|1630201|1630551|1630567,1,REG,,,2022,1630173,16.0,C,Mobile Big,0.24,Garuba 2' Cutting Dunk Shot (2 PTS) (Green 3 AST),,,,HOU,1610612745.0,1630224.0
Shot Chart Detail,22101206,146,0,Opponent,1610612761,Toronto Raptors,1,0,10,Made Shot,Pullup Jump shot,,Above the Break 3,Right Side Center(RC),24+ ft.,24,163,183,1,1,20220408,TOR,HOU,22101206146,|1628449|1630173|1630201|1630551|1630567,0,REG,,,2022,1630551|1630173,19.0,,,,,,,,HOU,1610612745.0,
Shot Chart Detail,22101206,149,0,Opponent,1610612761,Toronto Raptors,1,0,0,Missed Shot,Jump Shot,,Backcourt,Back Court(BC),Back Court Shot,76,-148,749,1,0,20220408,TOR,HOU,22101206149,|1628449|1630173|1630201|1630551|1630567,0,REG,,,2022,,,,,,,,,,HOU,1610612745.0,
Shot Chart Detail,22101206,155,0,Opponent,1610612761,Toronto Raptors,2,11,46,Made Shot,Driving Finger Roll Layup Shot,,Restricted Area,Center(C),Less Than 8 ft.,2,20,9,1,1,20220408,TOR,HOU,22101206155,|1628449|1630173|1630201|1630551|1630567,1,REG,,,2022,1630551|1630173,18.0,,,,,,,,HOU,1610612745.0,1630231.0
Shot Chart Detail,22101206,159,0,Opponent,1610612761,Toronto Raptors,2,11,25,Made Shot,Running Finger Roll Layup Shot,,Restricted Area,Center(C),Less Than 8 ft.,1,1,11,1,1,20220408,TOR,HOU,22101206159,|1628449|1630173|1630201|1630551|1630567,1,REG,,,2022,1630201,20.0,PG,Point of Attack,-0.52,Porter Jr. 1' Running Finger Roll Layup (17 PTS) (Christopher 1 AST),,,,HOU,1610612745.0,1630528.0
Shot Chart Detail,22101206,163,0,Opponent,1610612761,Toronto Raptors,2,11,3,Missed Shot,Jump Shot,,Above the Break 3,Left Side Center(LC),24+ ft.,25,-188,171,1,0,20220408,TOR,HOU,22101206163,|1628449|1630173|1630201|1630551|1630567,0,REG,,,2022,1630201,17.0,PG,Point of Attack,-0.52,MISS Martin Jr. 25' 3PT Jump Shot,,,,HOU,1610612745.0,
Shot Chart Detail,22101206,165,0,Opponent,1610612761,Toronto Raptors,2,10,59,Missed Shot,Jump Shot,,Above the Break 3,Center(C),24+ ft.,25,26,250,1,0,20220408,TOR,HOU,22101206165,|1628449|1630173|1630201|1630551|1630567,0,REG,,,2022,,,,,,,,,,HOU,1610612745.0,
Shot Chart Detail,22101206,173,0,Opponent,1610612761,Toronto Raptors,2,10,24,Made Shot,Cutting Dunk Shot,,Restricted Area,Center(C),Less Than 8 ft.,2,7,19,1,1,20220408,TOR,HOU,22101206173,|1628449|1630173|1630201|1630551|1630567,1,REG,,,2022,1630551,19.0,SF,Helper,-0.61,Martin Jr. 2' Cutting Dunk Shot (2 PTS) (Christopher 2 AST),,,,HOU,1610612745.0,1630528.0
Shot Chart Detail,22101206,187,0,Opponent,1610612761,Toronto Raptors,2,10,2,Made Shot,Driving Floating Jump Shot,,In The Paint (Non-RA),Center(C),8-16 ft.,11,10,110,1,1,20220408,TOR,HOU,22101206187,|1627783|1630201|1630551|201152|203920,0,REG,,,2022,1630201,20.0,PG,Point of Attack,-0.52,Christopher 11' Driving Floating Jump Shot (4 PTS),,,,HOU,1610612745.0,
Shot Chart Detail,22101206,192,0,Opponent,1610612761,Toronto Raptors,2,9,42,Missed Shot,Jump Shot,,Above the Break 3,Left Side Center(LC),24+ ft.,25,-207,155,1,0,20220408,TOR,HOU,22101206192,|1627783|1630201|1630551|201152|203920,0,REG,,,2022,1630551,18.0,SF,Helper,-0.61,MISS Mathews 26' 3PT Jump Shot,,,,HOU,1610612745.0,
Shot Chart Detail,22101206,196,0,Opponent,1610612761,Toronto Raptors,2,9,11,Made Shot,Jump Shot,,Above the Break 3,Right Side Center(RC),24+ ft.,26,94,253,1,1,20220408,TOR,HOU,22101206196,|1627783|1630201|1630551|201152|203920,1,REG,,,2022,203920,19.0,C,Mobile Big,0.63,Garuba 27' 3PT Jump Shot (5 PTS) (Mathews 1 AST),,,,HOU,1610612745.0,1629726.0
Shot Chart Detail,22101206,200,0,Opponent,1610612761,Toronto Raptors,2,8,47,Made Shot,Jump Shot,,Left Corner 3,Left Side(L),24+ ft.,22,-228,27,1,1,20220408,TOR,HOU,22101206200,|1627783|1630201|1630551|201152|203920,1,REG,,,2022,1630201,22.0,PG,Point of Attack,-0.52,Christopher 3PT Jump Shot (7 PTS) (Garuba 2 AST),,,,HOU,1610612745.0,1630586.0
Shot Chart Detail,22101206,216,0,Opponent,1610612761,Toronto Raptors,2,8,1,Missed Shot,Jump Shot,,Left Corner 3,Left Side(L),24+ ft.,22,-221,32,1,0,20220408,TOR,HOU,22101206216,|1627783|1629018|1630551|201152|203920,0,REG,,,2022,1630551,23.0,SF,Helper,-0.61,MISS Christopher 3PT Jump Shot,,,,HOU,1610612745.0,
Shot Chart Detail,22101206,220,0,Opponent,1610612761,Toronto Raptors,2,7,34,Missed Shot,Jump Shot,,Above the Break 3,Center(C),24+ ft.,26,74,253,1,0,20220408,TOR,HOU,22101206220,|1627783|1629018|1630551|201152|203920,0,REG,,,2022,1630551,21.0,SF,Helper,-0.61,MISS Martin Jr. 26' 3PT Jump Shot,,,,HOU,1610612745.0,
Shot Chart Detail,22101206,228,0,Opponent,1610612761,Toronto Raptors,2,7,10,Made Shot,Jump Shot,,Above the Break 3,Left Side Center(LC),24+ ft.,26,-202,166,1,1,20220408,TOR,HOU,22101206228,|1627783|1628449|1629018|201152|203920,1,REG,,,2022,1627783,22.0,PF,Helper,0.72,Mathews 26' 3PT Jump Shot (3 PTS) (Nix 1 AST),,,,HOU,1610612745.0,1630227.0
Shot Chart Detail,22101206,250,0,Opponent,1610612761,Toronto Raptors,2,5,39,Missed Shot,Step Back Jump shot,,Above the Break 3,Right Side Center(RC),24+ ft.,25,189,169,1,0,20220408,TOR,HOU,22101206250,|1627783|1628449|1629018|201152|203920,0,REG,,,2022,203920,15.0,C,Mobile Big,0.63,MISS Porter Jr. 25' 3PT Step Back Jump Shot,,,,HOU,1610612745.0,
Shot Chart Detail,22101206,255,0,Opponent,1610612761,Toronto Raptors,2,5,12,Missed Shot,Driving Finger Roll Layup Shot,,In The Paint (Non-RA),Center(C),Less Than 8 ft.,5,15,48,1,0,20220408,TOR,HOU,22101206255,|1627783|1628449|1629018|201152|203920,0,REG,,,2022,1628449|1627783,13.0,,,,,,,,HOU,1610612745.0,
Shot Chart Detail,22101206,257,0,Opponent,1610612761,Toronto Raptors,2,5,4,Missed Shot,Putback Layup Shot,,Restricted Area,Center(C),Less Than 8 ft.,0,0,0,1,0,20220408,TOR,HOU,22101206257,|1627783|1628449|1629018|201152|203920,0,REG,,,2022,203920|201152,13.0,,,,,,,,HOU,1610612745.0,
Shot Chart Detail,22101206,263,0,Opponent,1610612761,Toronto Raptors,2,4,27,Missed Shot,Pullup Jump shot,,Above the Break 3,Right Side Center(RC),24+ ft.,25,118,226,1,0,20220408,TOR,HOU,22101206263,|1627783|1628449|1629018|201152|203920,0,REG,,,2022,203920,11.0,C,Mobile Big,0.63,MISS Green 25' 3PT Pullup Jump Shot,,,,HOU,1610612745.0,
Shot Chart Detail,22101206,269,0,Opponent,1610612761,Toronto Raptors,2,4,1,Missed Shot,Driving Hook Shot,,In The Paint (Non-RA),Center(C),Less Than 8 ft.,4,47,16,1,0,20220408,TOR,HOU,22101206269,|1627783|1628449|1629018|201152|203920,0,REG,,,2022,203920,11.0,C,Mobile Big,0.63,MISS Porter Jr. 5' Driving Hook Shot,,,,HOU,1610612745.0,
Shot Chart Detail,22101206,277,0,Opponent,1610612761,Toronto Raptors,2,3,31,Made Shot,Cutting Layup Shot,,Restricted Area,Center(C),Less Than 8 ft.,2,18,16,1,1,20220408,TOR,HOU,22101206277,|1627783|1628449|1629018|201152|203920,1,REG,,,2022,201152,11.0,PF,Helper,0.84,Sengun 2' Cutting Layup Shot (8 PTS) (Porter Jr. 2 AST),,,,HOU,1610612745.0,1629645.0
Shot Chart Detail,22101206,285,0,Opponent,1610612761,Toronto Raptors,2,2,55,Missed Shot,Layup Shot,,Restricted Area,Center(C),Less Than 8 ft.,2,-12,19,1,0,20220408,TOR,HOU,22101206285,|1627783|1628449|1629018|201152|203920,0,REG,,,2022,203920|1627783,9.0,,,,,,,,HOU,1610612745.0,
Shot Chart Detail,22101206,288,0,Opponent,1610612761,Toronto Raptors,2,2,49,Made Shot,Jump Shot,,Left Corner 3,Left Side(L),24+ ft.,23,-229,25,1,1,20220408,TOR,HOU,22101206288,|1627783|1628449|1629018|201152|203920,1,REG,,,2022,1627783,12.0,PF,Helper,0.72,Mathews 3PT Jump Shot (6 PTS) (Tate 1 AST),,,,HOU,1610612745.0,1630256.0
Shot Chart Detail,22101206,316,0,Opponent,1610612761,Toronto Raptors,2,0,32,Missed Shot,Jump Shot,,Left Corner 3,Left Side(L),24+ ft.,22,-229,14,1,0,20220408,TOR,HOU,22101206316,|1628449|1629018|1630567|201152|203920,0,REG,,,2022,1628449,9.0,SF,Helper,0.4,MISS Tate 3PT Jump Shot,,,,HOU,1610612745.0,
Shot Chart Detail,22101206,343,0,Opponent,1610612761,Toronto Raptors,3,11,42,Missed Shot,Hook Shot,,Restricted Area,Center(C),Less Than 8 ft.,3,-32,23,1,0,20220408,TOR,HOU,22101206343,|1627783|1629018|1629717|1630567|203920,0,REG,,,2022,203920,9.0,C,Mobile Big,0.63,MISS Sengun 4' Hook Shot,,,,HOU,1610612745.0,
Shot Chart Detail,22101206,348,0,Opponent,1610612761,Toronto Raptors,3,11,21,Made Shot,Running Jump Shot,,Above the Break 3,Center(C),24+ ft.,25,-21,259,1,1,20220408,TOR,HOU,22101206348,|1627783|1629018|1629717|1630567|203920,1,REG,,,2022,1627783,12.0,PF,Helper,0.72,Porter Jr. 26' 3PT Running Jump Shot (24 PTS) (Tate 2 AST),,,,HOU,1610612745.0,1630256.0
Shot Chart Detail,22101206,352,0,Opponent,1610612761,Toronto Raptors,3,10,31,Missed Shot,Driving Layup Shot,,In The Paint (Non-RA),Center(C),Less Than 8 ft.,6,-44,47,1,0,20220408,TOR,HOU,22101206352,|1627783|1629018|1629717|1630567|203920,0,REG,,,2022,1629717|1630567,10.0,,,,,,,,HOU,1610612745.0,
Shot Chart Detail,22101206,360,0,Opponent,1610612761,Toronto Raptors,3,10,3,Made Shot,Cutting Layup Shot,,Restricted Area,Center(C),Less Than 8 ft.,2,-23,13,1,1,20220408,TOR,HOU,22101206360,|1627783|1629018|1629717|1630567|203920,1,REG,,,2022,1629018,9.0,SG,Chaser,0.19,Sengun 3' Cutting Layup Shot (10 PTS) (Mathews 2 AST),,,,HOU,1610612745.0,1629726.0
Shot Chart Detail,22101206,379,0,Opponent,1610612761,Toronto Raptors,3,8,46,Missed Shot,Jump Shot,,Above the Break 3,Center(C),24+ ft.,26,47,257,1,0,20220408,TOR,HOU,22101206379,|1627783|1629018|1629717|1630567|203920,0,REG,,,2022,1630567,2.0,PF,Helper,0.63,MISS Porter Jr. 26' 3PT Jump Shot,,,,HOU,1610612745.0,
Shot Chart Detail,22101206,383,0,Opponent,1610612761,Toronto Raptors,3,8,6,Missed Shot,Cutting Finger Roll Layup Shot,,Restricted Area,Center(C),Less Than 8 ft.,2,20,16,1,0,20220408,TOR,HOU,22101206383,|1627783|1629018|1629717|1630567|203920,0,REG,,,2022,1629018|203920,2.0,,,,,,,,HOU,1610612745.0,
Shot Chart Detail,22101206,388,0,Opponent,1610612761,Toronto Raptors,3,7,42,Missed Shot,Step Back Jump shot,,Above the Break 3,Right Side Center(RC),24+ ft.,25,131,220,1,0,20220408,TOR,HOU,22101206388,|1627783|1629018|1629717|1630567|203920,0,REG,,,2022,203920,2.0,C,Mobile Big,0.63,MISS Sengun 26' 3PT Step Back Jump Shot,,,,HOU,1610612745.0,
Shot Chart Detail,22101206,392,0,Opponent,1610612761,Toronto Raptors,3,7,22,Made Shot,Driving Layup Shot,,Restricted Area,Center(C),Less Than 8 ft.,0,-4,6,1,1,20220408,TOR,HOU,22101206392,|1627783|1629018|1629717|1630567|203920,0,REG,,,2022,1627783,4.0,PF,Helper,0.72,Porter Jr. 1' Driving Layup (26 PTS),,,,HOU,1610612745.0,
Shot Chart Detail,22101206,395,0,Opponent,1610612761,Toronto Raptors,3,6,53,Made Shot,Running Dunk Shot,,Restricted Area,Center(C),Less Than 8 ft.,2,-20,11,1,1,20220408,TOR,HOU,22101206395,|1627783|1629018|1629717|1630567|203920,1,REG,,,2022,1629018,6.0,SG,Chaser,0.19,Sengun 2' Running Dunk (13 PTS) (Tate 3 AST),,,,HOU,1610612745.0,1630256.0
Shot Chart Detail,22101206,399,0,Opponent,1610612761,Toronto Raptors,3,6,17,Made Shot,Driving Reverse Layup Shot,,Restricted Area,Center(C),Less Than 8 ft.,3,-31,11,1,1,20220408,TOR,HOU,22101206399,|1627783|1629018|1629717|1630567|203920,0,REG,,,2022,203920,5.0,C,Mobile Big,0.63,Green 3' Driving Reverse Layup (6 PTS),,,,HOU,1610612745.0,
Shot Chart Detail,22101206,402,0,Opponent,1610612761,Toronto Raptors,3,5,42,Missed Shot,Pullup Jump shot,,Mid-Range,Center(C),16-24 ft.,17,-26,176,1,0,20220408,TOR,HOU,22101206402,|1627783|1629018|1629717|1630567|203920,0,REG,,,2022,203920,3.0,C,Mobile Big,0.63,MISS Green 18' Pullup Jump Shot,,,,HOU,1610612745.0,
Shot Chart Detail,22101206,424,0,Opponent,1610612761,Toronto Raptors,3,4,49,Missed Shot,Pullup Jump shot,,In The Paint (Non-RA),Center(C),8-16 ft.,11,-15,111,1,0,20220408,TOR,HOU,22101206424,|1627783|1628449|1629018|1630173|1630567,0,REG,,,2022,1628449,3.0,SF,Helper,0.4,MISS Christopher 11' Pullup Jump Shot,,,,HOU,1610612745.0,
Shot Chart Detail,22101206,430,0,Opponent,1610612761,Toronto Raptors,3,4,13,Made Shot,Driving Floating Bank Jump Shot,,In The Paint (Non-RA),Center(C),Less Than 8 ft.,6,50,44,1,1,20220408,TOR,HOU,22101206430,|1627783|1628449|1629018|1630173|1630567,1,REG,,,2022,1630173,5.0,C,Mobile Big,0.24,Sengun 7' Driving Floating Bank Jump Shot (15 PTS) (Porter Jr. 3 AST),,,,HOU,1610612745.0,1629645.0
Shot Chart Detail,22101206,433,0,Opponent,1610612761,Toronto Raptors,3,3,50,Made Shot,Running Layup Shot,,Restricted Area,Center(C),Less Than 8 ft.,1,-12,11,1,1,20220408,TOR,HOU,22101206433,|1627783|1628449|1629018|1630173|1630567,1,REG,,,2022,1627783,7.0,PF,Helper,0.72,Christopher 2' Running Layup (9 PTS) (Sengun 1 AST),,,,HOU,1610612745.0,1630578.0
Shot Chart Detail,22101206,443,0,Opponent,1610612761,Toronto Raptors,3,3,19,Made Shot,Turnaround Hook Shot,,In The Paint (Non-RA),Center(C),Less Than 8 ft.,5,7,50,1,1,20220408,TOR,HOU,22101206443,|1627783|1628449|1629018|1630173|1630201,0,REG,,,2022,1628449|1630173,6.0,,,,,,,,HOU,1610612745.0,
Shot Chart Detail,22101206,445,0,Opponent,1610612761,Toronto Raptors,3,2,38,Made Shot,Driving Floating Bank Jump Shot,,In The Paint (Non-RA),Center(C),Less Than 8 ft.,5,-32,39,1,1,20220408,TOR,HOU,22101206445,|1627783|1628449|1629018|1630173|1630201,1,REG,,,2022,1628449,6.0,SF,Helper,0.4,Christopher 5' Driving Floating Bank Jump Shot (11 PTS) (Sengun 2 AST),,,,HOU,1610612745.0,1630578.0
Shot Chart Detail,22101206,449,0,Opponent,1610612761,Toronto Raptors,3,2,19,Missed Shot,Jump Shot,,Above the Break 3,Center(C),24+ ft.,27,-40,269,1,0,20220408,TOR,HOU,22101206449,|1627783|1628449|1629018|1630173|1630201,0,REG,,,2022,1630173,6.0,C,Mobile Big,0.24,MISS Sengun 27' 3PT Jump Shot,,,,HOU,1610612745.0,
Shot Chart Detail,22101206,453,0,Opponent,1610612761,Toronto Raptors,3,1,54,Made Shot,Driving Bank Hook Shot,,In The Paint (Non-RA),Center(C),Less Than 8 ft.,4,31,34,1,1,20220408,TOR,HOU,22101206453,|1627783|1628449|1629018|1630173|1630201,0,REG,,,2022,1627783,8.0,PF,Helper,0.72,Christopher 5' Driving Bank Hook Shot (13 PTS),,,,HOU,1610612745.0,
Shot Chart Detail,22101206,466,0,Opponent,1610612761,Toronto Raptors,3,0,32,Made Shot,Driving Finger Roll Layup Shot,,In The Paint (Non-RA),Center(C),Less Than 8 ft.,4,-28,34,1,1,20220408,TOR,HOU,22101206466,|1628449|1629018|1630173|1630201|201152,1,REG,,,2022,1630201|1630173,8.0,,,,,,,,HOU,1610612745.0,1629645.0
Shot Chart Detail,22101206,470,0,Opponent,1610612761,Toronto Raptors,3,0,3,Made Shot,Driving Floating Jump Shot,,In The Paint (Non-RA),Center(C),8-16 ft.,13,-25,132,1,1,20220408,TOR,HOU,22101206470,|1628449|1629018|1630173|1630201|201152,0,REG,,,2022,1628449|1630173,10.0,,,,,,,,HOU,1610612745.0,
Shot Chart Detail,22101206,489,0,Opponent,1610612761,Toronto Raptors,4,11,16,Missed Shot,Jump Shot,,Above the Break 3,Right Side Center(RC),24+ ft.,28,88,268,1,0,20220408,TOR,HOU,22101206489,|1627783|1629139|1630567|201152|203920,0,REG,,,2022,203920,8.0,C,Mobile Big,0.63,MISS Porter Jr. 28' 3PT Jump Shot,,,,HOU,1610612745.0,
Shot Chart Detail,22101206,493,0,Opponent,1610612761,Toronto Raptors,4,11,3,Made Shot,Running Layup Shot,,Restricted Area,Center(C),Less Than 8 ft.,0,-5,0,1,1,20220408,TOR,HOU,22101206493,|1627783|1629139|1630567|201152|203920,0,REG,,,2022,1630567|201152,10.0,,,,,,,,HOU,1610612745.0,
Shot Chart Detail,22101206,496,0,Opponent,1610612761,Toronto Raptors,4,10,26,Missed Shot,Step Back Jump shot,,Mid-Range,Right Side(R),8-16 ft.,15,97,116,1,0,20220408,TOR,HOU,22101206496,|1627783|1629139|1630567|201152|203920,0,REG,,,2022,203920,10.0,C,Mobile Big,0.63,MISS Porter Jr. 15' Step Back Jump Shot,,,,HOU,1610612745.0,
Shot Chart Detail,22101206,499,0,Opponent,1610612761,Toronto Raptors,4,9,53,Missed Shot,Jump Shot,,Above the Break 3,Left Side Center(LC),24+ ft.,25,-146,211,1,0,20220408,TOR,HOU,22101206499,|1627783|1629139|1630567|201152|203920,0,REG,,,2022,1627783,8.0,PF,Helper,0.72,MISS Martin Jr. 26' 3PT Jump Shot,,,,HOU,1610612745.0,
Shot Chart Detail,22101206,516,0,Opponent,1610612761,Toronto Raptors,4,8,54,Made Shot,Step Back Jump shot,,Above the Break 3,Right Side Center(RC),24+ ft.,25,131,222,1,1,20220408,TOR,HOU,22101206516,|1627783|1629139|1630567|201152|203920,0,REG,,,2022,201152,8.0,PF,Helper,0.84,Christopher 26' 3PT Step Back Jump Shot (20 PTS),,,,HOU,1610612745.0,
Shot Chart Detail,22101206,523,0,Opponent,1610612761,Toronto Raptors,4,8,14,Missed Shot,Cutting Dunk Shot,,Restricted Area,Center(C),Less Than 8 ft.,1,-2,16,1,0,20220408,TOR,HOU,22101206523,|1627783|1629139|1630567|201152|203920,0,REG,,,2022,1627783,6.0,PF,Helper,0.72,Siakam BLOCK (1 BLK),,,,HOU,1610612745.0,
Shot Chart Detail,22101206,531,0,Opponent,1610612761,Toronto Raptors,4,7,33,Made Shot,Driving Layup Shot,,Restricted Area,Center(C),Less Than 8 ft.,0,-2,4,1,1,20220408,TOR,HOU,22101206531,|1627783|1629018|1629139|1630567|201152,1,REG,,,2022,1630567|201152,6.0,,,,,,,,HOU,1610612745.0,1630231.0
Shot Chart Detail,22101206,550,0,Opponent,1610612761,Toronto Raptors,4,6,1,Missed Shot,Jump Shot,,Left Corner 3,Left Side(L),24+ ft.,22,-224,11,1,0,20220408,TOR,HOU,22101206550,|1627783|1629018|1629139|1630567|201152,0,REG,,,2022,1629018,4.0,SG,Chaser,0.19,MISS Martin Jr. 3PT Jump Shot,,,,HOU,1610612745.0,
Shot Chart Detail,22101206,569,0,Opponent,1610612761,Toronto Raptors,4,4,34,Missed Shot,Driving Finger Roll Layup Shot,,In The Paint (Non-RA),Center(C),Less Than 8 ft.,6,40,48,1,0,20220408,TOR,HOU,22101206569,|1627783|1629018|1629139|1630567|201152,0,REG,,,2022,1630567,0.0,PF,Helper,0.63,MISS Porter Jr. 6' Driving Finger Roll Layup,,,,HOU,1610612745.0,
Shot Chart Detail,22101206,573,0,Opponent,1610612761,Toronto Raptors,4,4,24,Made Shot,Running Dunk Shot,,Restricted Area,Center(C),Less Than 8 ft.,0,-1,-1,1,1,20220408,TOR,HOU,22101206573,|1627783|1629018|1629139|1630567|201152,1,REG,,,2022,1627783,2.0,PF,Helper,0.72,Martin Jr. Running Dunk (5 PTS) (Christopher 3 AST),,,,HOU,1610612745.0,1630528.0
Shot Chart Detail,22101206,585,0,Opponent,1610612761,Toronto Raptors,4,3,25,Missed Shot,Driving Layup Shot,,In The Paint (Non-RA),Center(C),Less Than 8 ft.,5,-4,53,1,0,20220408,TOR,HOU,22101206585,|1627783|1629018|1629139|1630567|201152,0,REG,,,2022,1627783,-2.0,PF,Helper,0.72,MISS Porter Jr. 5' Driving Layup,,,,HOU,1610612745.0,
Shot Chart Detail,22101206,590,0,Opponent,1610612761,Toronto Raptors,4,2,57,Missed Shot,Driving Finger Roll Layup Shot,,In The Paint (Non-RA),Center(C),Less Than 8 ft.,4,15,41,1,0,20220408,TOR,HOU,22101206590,|1627783|1629018|1629139|1630567|201152,0,REG,,,2022,201152,-4.0,PF,Helper,0.84,MISS Sengun 4' Driving Finger Roll Layup,,,,HOU,1610612745.0,
Shot Chart Detail,22101206,600,0,Opponent,1610612761,Toronto Raptors,4,2,21,Missed Shot,Driving Finger Roll Layup Shot,,In The Paint (Non-RA),Center(C),Less Than 8 ft.,5,-37,46,1,0,20220408,TOR,HOU,22101206600,|1627783|1629018|1629139|1630567|201152,0,REG,,,2022,1627783,-3.0,PF,Helper,0.72,MISS Porter Jr. 6' Driving Finger Roll Layup,,,,HOU,1610612745.0,
Shot Chart Detail,22101206,605,0,Opponent,1610612761,Toronto Raptors,4,2,8,Made Shot,Running Dunk Shot,,Restricted Area,Center(C),Less Than 8 ft.,1,-12,1,1,1,20220408,TOR,HOU,22101206605,|1627783|1629018|1629139|1630567|201152,1,REG,,,2022,,,,,,,,,,HOU,1610612745.0,1630528.0
Shot Chart Detail,22101206,617,0,Opponent,1610612761,Toronto Raptors,4,0,56,Made Shot,Cutting Dunk Shot,,Restricted Area,Center(C),Less Than 8 ft.,0,2,1,1,1,20220408,TOR,HOU,22101206617,|1627783|1629018|1629139|1630567|201152,1,REG,,,2022,1629139,-2.0,SF,Helper,0.1,Tate Cutting Dunk Shot (12 PTS) (Sengun 3 AST),,,,HOU,1610612745.0,1630578.0
Shot Chart Detail,22101206,622,0,Opponent,1610612761,Toronto Raptors,4,0,28,Made Shot,Driving Layup Shot,,Restricted Area,Center(C),Less Than 8 ft.,0,-2,-3,1,1,20220408,TOR,HOU,22101206622,|1627783|1629018|1629139|1630567|201152,0,REG,,,2022,201152,0.0,PF,Helper,0.84,Porter Jr. Driving Layup (35 PTS),,,,HOU,1610612745.0,
Shot Chart Detail,22101206,625,0,Opponent,1610612761,Toronto Raptors,4,0,0,Missed Shot,Driving Hook Shot,,In The Paint (Non-RA),Center(C),Less Than 8 ft.,4,39,23,1,0,20220408,TOR,HOU,22101206625,|1627783|1629018|1629139|1630567|201152,0,REG,,,2022,1627783,-2.0,PF,Helper,0.72,MISS Sengun 5' Driving Hook Shot,,,,HOU,1610612745.0,
Shot Chart Detail,22101226,7,0,Opponent,1610612761,Toronto Raptors,1,11,42,Missed Shot,Pullup Jump shot,,Above the Break 3,Center(C),24+ ft.,26,-55,256,1,0,20220410,NYK,TOR,221012267,|1628384|1629018|1629717|1630567|203920,0,REG,,,2022,1629018,0.0,SG,Chaser,0.19,MISS Fournier 26' 3PT Pullup Jump Shot,,,,NYK,1610612752.0,
Shot Chart Detail,22101226,12,0,Opponent,1610612761,Toronto Raptors,1,11,12,Made Shot,Running Jump Shot,,Above the Break 3,Center(C),24+ ft.,25,32,252,1,1,20220410,NYK,TOR,2210122612,|1628384|1629018|1629717|1630567|203920,1,REG,,,2022,1629717,3.0,SG-PG,Low Activity,-0.97,Burks 25' 3PT Running Jump Shot (3 PTS) (Fournier 1 AST),,,,NYK,1610612752.0,203095.0
Shot Chart Detail,22101226,20,0,Opponent,1610612761,Toronto Raptors,1,10,18,Made Shot,Driving Floating Jump Shot,,In The Paint (Non-RA),Center(C),8-16 ft.,12,-5,126,1,1,20220410,NYK,TOR,2210122620,|1628384|1629018|1629717|1630567|203920,0,REG,,,2022,1629717,3.0,SG-PG,Low Activity,-0.97,Quickley 13' Driving Floating Jump Shot (2 PTS),,,,NYK,1610612752.0,
Shot Chart Detail,22101226,34,0,Opponent,1610612761,Toronto Raptors,1,8,57,Made Shot,Jump Shot,,Right Corner 3,Right Side(R),24+ ft.,23,230,-8,1,1,20220410,NYK,TOR,2210122634,|1628384|1629018|1629717|1630567|203920,1,REG,,,2022,1629018,9.0,SG,Chaser,0.19,Fournier 3PT Jump Shot (3 PTS) (Burks 1 AST),,,,NYK,1610612752.0,202692.0
Shot Chart Detail,22101226,37,0,Opponent,1610612761,Toronto Raptors,1,8,31,Missed Shot,Driving Layup Shot,,Restricted Area,Center(C),Less Than 8 ft.,3,-31,21,1,0,20220410,NYK,TOR,2210122637,|1628384|1629018|1629717|1630567|203920,0,REG,,,2022,1629717,6.0,SG-PG,Low Activity,-0.97,MISS Quickley 4' Driving Layup,,,,NYK,1610612752.0,
Shot Chart Detail,22101226,39,0,Opponent,1610612761,Toronto Raptors,1,8,27,Made Shot,Driving Layup Shot,,Restricted Area,Center(C),Less Than 8 ft.,2,-2,26,1,1,20220410,NYK,TOR,2210122639,|1628384|1629018|1629717|1630567|203920,1,REG,,,2022,1629717,8.0,SG-PG,Low Activity,-0.97,Toppin 3' Driving Layup (2 PTS) (Burks 2 AST),,,,NYK,1610612752.0,202692.0
Shot Chart Detail,22101226,46,0,Opponent,1610612761,Toronto Raptors,1,7,56,Missed Shot,Jump Shot,,Left Corner 3,Left Side(L),24+ ft.,23,-234,0,1,0,20220410,NYK,TOR,2210122646,|1628384|1629018|1629717|1630567|203920,0,REG,,,2022,1629018,9.0,SG,Chaser,0.19,MISS Toppin 3PT Jump Shot,,,,NYK,1610612752.0,
Shot Chart Detail,22101226,49,0,Opponent,1610612761,Toronto Raptors,1,7,51,Missed Shot,Jump Shot,,Right Corner 3,Right Side(R),24+ ft.,22,229,-6,1,0,20220410,NYK,TOR,2210122649,|1628384|1629018|1629717|1630567|203920,0,REG,,,2022,1629018,9.0,SG,Chaser,0.19,MISS Fournier 3PT Jump Shot,,,,NYK,1610612752.0,
Shot Chart Detail,22101226,53,0,Opponent,1610612761,Toronto Raptors,1,7,26,Missed Shot,Step Back Jump shot,,Mid-Range,Right Side(R),16-24 ft.,21,219,12,1,0,20220410,NYK,TOR,2210122653,|1628384|1629018|1629717|1630567|203920,0,REG,,,2022,203920,9.0,C,Mobile Big,0.63,MISS Toppin 3PT Step Back Jump Shot,,,,NYK,1610612752.0,
Shot Chart Detail,22101226,59,0,Opponent,1610612761,Toronto Raptors,1,7,7,Missed Shot,Running Layup Shot,,Restricted Area,Center(C),Less Than 8 ft.,0,2,8,1,0,20220410,NYK,TOR,2210122659,|1628384|1629018|1629717|1630567|203920,0,REG,,,2022,203920,9.0,C,Mobile Big,0.63,MISS Quickley 1' Running Layup,,,,NYK,1610612752.0,
Shot Chart Detail,22101226,63,0,Opponent,1610612761,Toronto Raptors,1,6,36,Missed Shot,Pullup Jump shot,,Mid-Range,Right Side Center(RC),16-24 ft.,22,92,206,1,0,20220410,NYK,TOR,2210122663,|1628384|1629018|1629717|1630567|203920,0,REG,,,2022,203920,7.0,C,Mobile Big,0.63,MISS Fournier 23' Pullup Jump Shot,,,,NYK,1610612752.0,
Shot Chart Detail,22101226,67,0,Opponent,1610612761,Toronto Raptors,1,6,21,Made Shot,Running Reverse Dunk Shot,,Restricted Area,Center(C),Less Than 8 ft.,0,-4,0,1,1,20220410,NYK,TOR,2210122667,|1628384|1629018|1629717|1630567|203920,1,REG,,,2022,1630567|1629717,9.0,,,,,,,,NYK,1610612752.0,202692.0
Shot Chart Detail,22101226,78,0,Opponent,1610612761,Toronto Raptors,1,5,49,Made Shot,Jump Shot,,Left Corner 3,Left Side(L),24+ ft.,23,-237,13,1,1,20220410,NYK,TOR,2210122678,|1628384|1628449|1629018|1630173|1630201,1,REG,,,2022,1628449,12.0,SF,Helper,0.4,Toppin 24' 3PT Jump Shot (8 PTS) (Quickley 1 AST),,,,NYK,1610612752.0,1630193.0
Shot Chart Detail,22101226,81,0,Opponent,1610612761,Toronto Raptors,1,5,14,Made Shot,Step Back Jump shot,,Left Corner 3,Left Side(L),24+ ft.,23,-239,2,1,1,20220410,NYK,TOR,2210122681,|1628384|1628449|1629018|1630173|1630201,1,REG,,,2022,1628449,13.0,SF,Helper,0.4,Fournier 24' 3PT Step Back Jump Shot (6 PTS) (Quickley 2 AST),,,,NYK,1610612752.0,1630193.0
Shot Chart Detail,22101226,85,0,Opponent,1610612761,Toronto Raptors,1,4,36,Made Shot,Floating Jump shot,,In The Paint (Non-RA),Right Side(R),8-16 ft.,8,64,60,1,1,20220410,NYK,TOR,2210122685,|1628384|1628449|1629018|1630173|1630201,1,REG,,,2022,1630201,12.0,PG,Point of Attack,-0.52,Toppin 9' Floating Jump Shot (10 PTS) (Quickley 3 AST),,,,NYK,1610612752.0,1630193.0
Shot Chart Detail,22101226,89,0,Opponent,1610612761,Toronto Raptors,1,3,57,Missed Shot,Turnaround Fadeaway shot,,In The Paint (Non-RA),Left Side(L),8-16 ft.,11,-76,88,1,0,20220410,NYK,TOR,2210122689,|1628384|1628449|1629018|1630173|1630201,0,REG,,,2022,1630173,12.0,C,Mobile Big,0.24,MISS Quickley 12' Turnaround Fadeaway Shot,,,,NYK,1610612752.0,
Shot Chart Detail,22101226,91,0,Opponent,1610612761,Toronto Raptors,1,3,49,Made Shot,Cutting Layup Shot,,Restricted Area,Center(C),Less Than 8 ft.,1,9,11,1,1,20220410,NYK,TOR,2210122691,|1628384|1628449|1629018|1630173|1630201,1,REG,,,2022,1628449,14.0,SF,Helper,0.4,Sims 1' Cutting Layup Shot (2 PTS) (Fournier 2 AST),,,,NYK,1610612752.0,203095.0
Shot Chart Detail,22101226,95,0,Opponent,1610612761,Toronto Raptors,1,3,7,Missed Shot,Pullup Jump shot,,Mid-Range,Center(C),8-16 ft.,14,-15,146,1,0,20220410,NYK,TOR,2210122695,|1628384|1628449|1629018|1630173|1630201,0,REG,,,2022,1629018,11.0,SG,Chaser,0.19,MISS Fournier 15' Pullup Jump Shot,,,,NYK,1610612752.0,
Shot Chart Detail,22101226,99,0,Opponent,1610612761,Toronto Raptors,1,2,54,Made Shot,Running Reverse Dunk Shot,,Restricted Area,Center(C),Less Than 8 ft.,0,-9,0,1,1,20220410,NYK,TOR,2210122699,|1628384|1628449|1629018|1630173|1630201,1,REG,,,2022,1628384,13.0,SF,Wing Stopper,1.03,Toppin 1' Running Reverse Dunk Shot (12 PTS) (Quickley 4 AST),,,,NYK,1610612752.0,1630193.0
Shot Chart Detail,22101226,114,0,Opponent,1610612761,Toronto Raptors,1,2,3,Missed Shot,Pullup Jump shot,,Mid-Range,Center(C),8-16 ft.,15,-2,154,1,0,20220410,NYK,TOR,22101226114,|1628449|1629018|1630173|1630201|201152,0,REG,,,2022,201152,10.0,PF,Helper,0.84,MISS Quickley 15' Pullup Jump Shot,,,,NYK,1610612752.0,
Shot Chart Detail,22101226,118,0,Opponent,1610612761,Toronto Raptors,1,1,36,Missed Shot,Driving Layup Shot,,Restricted Area,Center(C),Less Than 8 ft.,1,6,11,1,0,20220410,NYK,TOR,22101226118,|1628449|1629018|1630173|1630201|201152,0,REG,,,2022,1630173,8.0,C,Mobile Big,0.24,MISS Hunt 1' Driving Layup,,,,NYK,1610612752.0,
Shot Chart Detail,22101226,120,0,Opponent,1610612761,Toronto Raptors,1,1,34,Missed Shot,Layup Shot,,Restricted Area,Center(C),Less Than 8 ft.,2,-17,11,1,0,20220410,NYK,TOR,22101226120,|1628449|1629018|1630173|1630201|201152,0,REG,,,2022,1628449,8.0,SF,Helper,0.4,MISS Gibson 2' Layup,,,,NYK,1610612752.0,
Shot Chart Detail,22101226,132,0,Opponent,1610612761,Toronto Raptors,1,0,46,Missed Shot,Jump Shot,,Above the Break 3,Left Side Center(LC),24+ ft.,25,-197,157,1,0,20220410,NYK,TOR,22101226132,|1628449|1629018|1630173|1630201|201152,0,REG,,,2022,201152,6.0,PF,Helper,0.84,MISS Toppin 25' 3PT Jump Shot,,,,NYK,1610612752.0,
Shot Chart Detail,22101226,136,0,Opponent,1610612761,Toronto Raptors,1,0,31,Made Shot,Running Pull-Up Jump Shot,,Above the Break 3,Center(C),24+ ft.,28,15,281,1,1,20220410,NYK,TOR,22101226136,|1628449|1629018|1630173|1630201|201152,0,REG,,,2022,1630201,9.0,PG,Point of Attack,-0.52,Quickley 28' 3PT Running Pull-Up Jump Shot (8 PTS),,,,NYK,1610612752.0,
Shot Chart Detail,22101226,152,0,Opponent,1610612761,Toronto Raptors,2,11,30,Missed Shot,Driving Hook Shot,,Restricted Area,Center(C),Less Than 8 ft.,2,-6,21,1,0,20220410,NYK,TOR,22101226152,|1628449|1630173|1630201|1630567|201152,0,REG,,,2022,1630201,7.0,PG,Point of Attack,-0.52,MISS Toppin 2' Driving Hook Shot,,,,NYK,1610612752.0,
Shot Chart Detail,22101226,154,0,Opponent,1610612761,Toronto Raptors,2,11,26,Missed Shot,Tip Layup Shot,,Restricted Area,Center(C),Less Than 8 ft.,0,0,0,1,0,20220410,NYK,TOR,22101226154,|1628449|1630173|1630201|1630567|201152,0,REG,,,2022,1630201|1630567,7.0,,,,,,,,NYK,1610612752.0,
Shot Chart Detail,22101226,167,0,Opponent,1610612761,Toronto Raptors,2,10,36,Made Shot,Running Layup Shot,,Restricted Area,Center(C),Less Than 8 ft.,0,-9,1,1,1,20220410,NYK,TOR,22101226167,|1628449|1630173|1630201|1630567|201152,0,REG,,,2022,1630201|201152,7.0,,,,,,,,NYK,1610612752.0,
Shot Chart Detail,22101226,170,0,Opponent,1610612761,Toronto Raptors,2,10,12,Missed Shot,Running Pull-Up Jump Shot,,Above the Break 3,Right Side Center(RC),24+ ft.,29,97,276,1,0,20220410,NYK,TOR,22101226170,|1628449|1630173|1630201|1630567|201152,0,REG,,,2022,201152,7.0,PF,Helper,0.84,MISS Quickley 29' 3PT Running Pull-Up Jump Shot,,,,NYK,1610612752.0,
Shot Chart Detail,22101226,194,0,Opponent,1610612761,Toronto Raptors,2,8,43,Missed Shot,Alley Oop Dunk Shot,,Restricted Area,Center(C),Less Than 8 ft.,1,-17,6,1,0,20220410,NYK,TOR,22101226194,|1628449|1630173|1630201|1630567|201152,0,REG,,,2022,,,,,,,,,,NYK,1610612752.0,
Shot Chart Detail,22101226,197,0,Opponent,1610612761,Toronto Raptors,2,8,32,Made Shot,Jump Shot,,Mid-Range,Right Side Center(RC),16-24 ft.,21,91,191,1,1,20220410,NYK,TOR,22101226197,|1628449|1630173|1630201|1630567|201152,1,REG,,,2022,1630173,9.0,C,Mobile Big,0.24,Gibson 21' Jump Shot (2 PTS) (Hunt 1 AST),,,,NYK,1610612752.0,1630624.0
Shot Chart Detail,22101226,210,0,Opponent,1610612761,Toronto Raptors,2,8,1,Missed Shot,Jump Shot,,Left Corner 3,Left Side(L),24+ ft.,22,-227,6,1,0,20220410,NYK,TOR,22101226210,|1628384|1628449|1630201|201152|203920,0,REG,,,2022,1628449,9.0,SF,Helper,0.4,MISS Gibson 3PT Jump Shot,,,,NYK,1610612752.0,
Shot Chart Detail,22101226,219,0,Opponent,1610612761,Toronto Raptors,2,7,22,Missed Shot,Jump Shot,,Above the Break 3,Right Side Center(RC),24+ ft.,27,114,252,1,0,20220410,NYK,TOR,22101226219,|1628384|1628449|1630201|201152|203920,0,REG,,,2022,201152,6.0,PF,Helper,0.84,MISS Arcidiacono 28' 3PT Jump Shot,,,,NYK,1610612752.0,
Shot Chart Detail,22101226,232,0,Opponent,1610612761,Toronto Raptors,2,6,23,Missed Shot,Jump Shot,,Above the Break 3,Right Side Center(RC),24+ ft.,26,153,212,1,0,20220410,NYK,TOR,22101226232,|1628384|1629018|1630201|201152|203920,0,REG,,,2022,203920,0.0,C,Mobile Big,0.63,MISS Arcidiacono 26' 3PT Jump Shot,,,,NYK,1610612752.0,
Shot Chart Detail,22101226,243,0,Opponent,1610612761,Toronto Raptors,2,5,24,Missed Shot,Jump Shot,,Above the Break 3,Center(C),24+ ft.,25,37,254,1,0,20220410,NYK,TOR,22101226243,|1628384|1629018|1630201|201152|203920,0,REG,,,2022,1629018,-2.0,SG,Chaser,0.19,MISS Toppin 26' 3PT Jump Shot,,,,NYK,1610612752.0,
Shot Chart Detail,22101226,250,0,Opponent,1610612761,Toronto Raptors,2,4,59,Missed Shot,Pullup Jump shot,,Above the Break 3,Left Side Center(LC),24+ ft.,26,-170,206,1,0,20220410,NYK,TOR,22101226250,|1628384|1629018|1629139|201152|203920,0,REG,,,2022,1629018,-4.0,SG,Chaser,0.19,MISS Fournier 27' 3PT Pullup Jump Shot,,,,NYK,1610612752.0,
Shot Chart Detail,22101226,252,0,Opponent,1610612761,Toronto Raptors,2,4,53,Made Shot,Pullup Jump shot,,Above the Break 3,Right Side Center(RC),24+ ft.,25,206,149,1,1,20220410,NYK,TOR,22101226252,|1628384|1629018|1629139|201152|203920,1,REG,,,2022,1629018,-1.0,SG,Chaser,0.19,Quickley 25' 3PT Pullup Jump Shot (13 PTS) (Sims 1 AST),,,,NYK,1610612752.0,1630579.0
Shot Chart Detail,22101226,261,0,Opponent,1610612761,Toronto Raptors,2,3,58,Missed Shot,Driving Floating Jump Shot,,In The Paint (Non-RA),Center(C),8-16 ft.,12,11,128,1,0,20220410,NYK,TOR,22101226261,|1628384|1629018|1629139|201152|203920,0,REG,,,2022,203920,-1.0,C,Mobile Big,0.63,MISS Quickley 13' Driving Floating Jump Shot,,,,NYK,1610612752.0,
Shot Chart Detail,22101226,264,0,Opponent,1610612761,Toronto Raptors,2,3,33,Missed Shot,Jump Shot,,Above the Break 3,Left Side Center(LC),24+ ft.,25,-169,185,1,0,20220410,NYK,TOR,22101226264,|1628384|1629018|1629139|201152|203920,0,REG,,,2022,201152,-1.0,PF,Helper,0.84,MISS Quickley 25' 3PT Jump Shot,,,,NYK,1610612752.0,
Shot Chart Detail,22101226,266,0,Opponent,1610612761,Toronto Raptors,2,3,27,Missed Shot,Jump Shot,,Above the Break 3,Left Side Center(LC),24+ ft.,25,-174,189,1,0,20220410,NYK,TOR,22101226266,|1628384|1629018|1629139|201152|203920,0,REG,,,2022,,,,,,,,,,NYK,1610612752.0,
Shot Chart Detail,22101226,270,0,Opponent,1610612761,Toronto Raptors,2,2,52,Made Shot,Driving Floating Jump Shot,,In The Paint (Non-RA),Center(C),8-16 ft.,12,-50,115,1,1,20220410,NYK,TOR,22101226270,|1628384|1629018|1629139|201152|203920,1,REG,,,2022,203920|1628384,1.0,,,,,,,,NYK,1610612752.0,1630167.0
Shot Chart Detail,22101226,277,0,Opponent,1610612761,Toronto Raptors,2,2,32,Made Shot,Running Jump Shot,,Above the Break 3,Left Side Center(LC),24+ ft.,25,-148,205,1,1,20220410,NYK,TOR,22101226277,|1628384|1629018|1629139|1630201|203920,1,REG,,,2022,,,,,,,,,,NYK,1610612752.0,203095.0
Shot Chart Detail,22101226,281,0,Opponent,1610612761,Toronto Raptors,2,2,2,Made Shot,Layup Shot,,Restricted Area,Center(C),Less Than 8 ft.,1,6,10,1,1,20220410,NYK,TOR,22101226281,|1628384|1629018|1629139|1630201|203920,1,REG,,,2022,1630201,6.0,PG,Point of Attack,-0.52,Toppin 1' Layup (17 PTS) (Quickley 5 AST),,,,NYK,1610612752.0,1630193.0
Shot Chart Detail,22101226,300,0,Opponent,1610612761,Toronto Raptors,2,0,58,Missed Shot,Jump Shot,,Above the Break 3,Left Side Center(LC),24+ ft.,26,-119,232,1,0,20220410,NYK,TOR,22101226300,|1628384|1628449|1629018|1630201|203920,0,REG,,,2022,1629018,2.0,SG,Chaser,0.19,MISS Quickley 26' 3PT Jump Shot,,,,NYK,1610612752.0,
Shot Chart Detail,22101226,304,0,Opponent,1610612761,Toronto Raptors,2,0,35,Made Shot,Jump Shot,,Left Corner 3,Left Side(L),24+ ft.,23,-232,-6,1,1,20220410,NYK,TOR,22101226304,|1628384|1628449|1629018|1630201|203920,1,REG,,,2022,1630201,3.0,PG,Point of Attack,-0.52,Toppin 3PT Jump Shot (20 PTS) (Quickley 6 AST),,,,NYK,1610612752.0,1630193.0
Shot Chart Detail,22101226,313,0,Opponent,1610612761,Toronto Raptors,2,0,2,Made Shot,Jump Bank Shot,,Above the Break 3,Left Side Center(LC),24+ ft.,25,-129,217,1,1,20220410,NYK,TOR,22101226313,|1628384|1628449|1629018|1630201|203920,1,REG,,,2022,1628384,3.0,SF,Wing Stopper,1.03,Toppin 25' 3PT Jump Bank Shot (23 PTS) (Quickley 7 AST),,,,NYK,1610612752.0,1630193.0
Shot Chart Detail,22101226,325,0,Opponent,1610612761,Toronto Raptors,3,11,22,Missed Shot,Pullup Jump shot,,Above the Break 3,Left Side Center(LC),24+ ft.,24,-162,185,1,0,20220410,NYK,TOR,22101226325,|1628384|1629018|1629717|1630567|203920,0,REG,,,2022,1629717,3.0,SG-PG,Low Activity,-0.97,MISS Quickley 25' 3PT Pullup Jump Shot,,,,NYK,1610612752.0,
Shot Chart Detail,22101226,331,0,Opponent,1610612761,Toronto Raptors,3,10,46,Missed Shot,Jump Shot,,In The Paint (Non-RA),Center(C),Less Than 8 ft.,6,-69,-1,1,0,20220410,NYK,TOR,22101226331,|1628384|1629018|1629717|1630567|203920,0,REG,,,2022,1628384,3.0,SF,Wing Stopper,1.03,MISS Toppin 7' Jump Shot,,,,NYK,1610612752.0,
Shot Chart Detail,22101226,334,0,Opponent,1610612761,Toronto Raptors,3,10,24,Missed Shot,Step Back Jump shot,,Above the Break 3,Center(C),24+ ft.,26,71,257,1,0,20220410,NYK,TOR,22101226334,|1628384|1629018|1629717|1630567|203920,0,REG,,,2022,1628384,3.0,SF,Wing Stopper,1.03,MISS Fournier 27' 3PT Step Back Jump Shot,,,,NYK,1610612752.0,
Shot Chart Detail,22101226,338,0,Opponent,1610612761,Toronto Raptors,3,9,56,Made Shot,Driving Layup Shot,,Restricted Area,Center(C),Less Than 8 ft.,2,17,17,1,1,20220410,NYK,TOR,22101226338,|1628384|1629018|1629717|1630567|203920,0,REG,,,2022,203920,3.0,C,Mobile Big,0.63,Quickley 2' Driving Layup (17 PTS),,,,NYK,1610612752.0,
Shot Chart Detail,22101226,341,0,Opponent,1610612761,Toronto Raptors,3,9,15,Missed Shot,Jump Shot,,Above the Break 3,Right Side Center(RC),24+ ft.,25,82,241,1,0,20220410,NYK,TOR,22101226341,|1628384|1629018|1629717|1630567|203920,0,REG,,,2022,1629717,1.0,SG-PG,Low Activity,-0.97,MISS Burks 25' 3PT Jump Shot,,,,NYK,1610612752.0,
Shot Chart Detail,22101226,350,0,Opponent,1610612761,Toronto Raptors,3,8,42,Made Shot,Driving Layup Shot,,Restricted Area,Center(C),Less Than 8 ft.,3,-29,9,1,1,20220410,NYK,TOR,22101226350,|1628384|1629018|1629717|1630567|203920,0,REG,,,2022,1629717,1.0,SG-PG,Low Activity,-0.97,Quickley 3' Driving Layup (19 PTS),,,,NYK,1610612752.0,
Shot Chart Detail,22101226,356,0,Opponent,1610612761,Toronto Raptors,3,8,8,Made Shot,Driving Floating Bank Jump Shot,,Restricted Area,Center(C),Less Than 8 ft.,3,-33,9,1,1,20220410,NYK,TOR,22101226356,|1628384|1629018|1629717|1630567|203920,0,REG,,,2022,203920,4.0,C,Mobile Big,0.63,Quickley 3' Driving Floating Bank Jump Shot (22 PTS),,,,NYK,1610612752.0,
Shot Chart Detail,22101226,358,0,Opponent,1610612761,Toronto Raptors,3,7,39,Missed Shot,Turnaround Jump Shot,,Mid-Range,Center(C),8-16 ft.,15,36,148,1,0,20220410,NYK,TOR,22101226358,|1628384|1629018|1629717|1630567|203920,0,REG,,,2022,1630567,4.0,PF,Helper,0.63,MISS Burks 15' Turnaround Jump Shot,,,,NYK,1610612752.0,
Shot Chart Detail,22101226,361,0,Opponent,1610612761,Toronto Raptors,3,7,17,Made Shot,Alley Oop Dunk Shot,,Restricted Area,Center(C),Less Than 8 ft.,0,0,3,1,1,20220410,NYK,TOR,22101226361,|1628384|1629018|1629717|1630567|203920,1,REG,,,2022,203920,4.0,C,Mobile Big,0.63,Toppin Alley Oop Dunk (25 PTS) (Burks 4 AST),,,,NYK,1610612752.0,202692.0
Shot Chart Detail,22101226,365,0,Opponent,1610612761,Toronto Raptors,3,6,51,Missed Shot,Jump Shot,,Left Corner 3,Left Side(L),24+ ft.,23,-232,-28,1,0,20220410,NYK,TOR,22101226365,|1628384|1629018|1629717|1630567|203920,0,REG,,,2022,1629717,4.0,SG-PG,Low Activity,-0.97,MISS Fournier 3PT Jump Shot,,,,NYK,1610612752.0,
Shot Chart Detail,22101226,375,0,Opponent,1610612761,Toronto Raptors,3,6,21,Missed Shot,Driving Layup Shot,,Restricted Area,Center(C),Less Than 8 ft.,1,-15,6,1,0,20220410,NYK,TOR,22101226375,|1628384|1628449|1629018|1630173|1630567,0,REG,,,2022,1628384,4.0,SF,Wing Stopper,1.03,MISS Quickley 2' Driving Layup,,,,NYK,1610612752.0,
Shot Chart Detail,22101226,379,0,Opponent,1610612761,Toronto Raptors,3,5,52,Made Shot,Jump Shot,,Left Corner 3,Left Side(L),24+ ft.,23,-233,-18,1,1,20220410,NYK,TOR,22101226379,|1628384|1628449|1629018|1630173|1630567,1,REG,,,2022,1630173,7.0,C,Mobile Big,0.24,Burks 3PT Jump Shot (6 PTS) (Fournier 4 AST),,,,NYK,1610612752.0,203095.0
Shot Chart Detail,22101226,382,0,Opponent,1610612761,Toronto Raptors,3,5,10,Made Shot,Driving Reverse Layup Shot,,Restricted Area,Center(C),Less Than 8 ft.,1,-10,4,1,1,20220410,NYK,TOR,22101226382,|1628384|1628449|1629018|1630173|1630567,1,REG,,,2022,1628449,7.0,SF,Helper,0.4,Burks 1' Driving Reverse Layup (8 PTS) (Quickley 8 AST),,,,NYK,1610612752.0,1630193.0
Shot Chart Detail,22101226,386,0,Opponent,1610612761,Toronto Raptors,3,4,24,Missed Shot,Driving Reverse Layup Shot,,Restricted Area,Center(C),Less Than 8 ft.,1,-18,-5,1,0,20220410,NYK,TOR,22101226386,|1628384|1628449|1629018|1630173|1630567,0,REG,,,2022,1630567|1628449,7.0,,,,,,,,NYK,1610612752.0,
Shot Chart Detail,22101226,394,0,Opponent,1610612761,Toronto Raptors,3,3,39,Made Shot,Driving Floating Jump Shot,,In The Paint (Non-RA),Center(C),8-16 ft.,11,37,113,1,1,20220410,NYK,TOR,22101226394,|1628449|1629018|1630173|1630567|201152,1,REG,,,2022,1629018,9.0,SG,Chaser,0.19,Quickley 12' Driving Floating Jump Shot (24 PTS) (Toppin 2 AST),,,,NYK,1610612752.0,1630167.0
Shot Chart Detail,22101226,398,0,Opponent,1610612761,Toronto Raptors,3,3,8,Made Shot,Driving Floating Jump Shot,,In The Paint (Non-RA),Center(C),Less Than 8 ft.,7,4,78,1,1,20220410,NYK,TOR,22101226398,|1628449|1629018|1630173|1630567|201152,0,REG,,,2022,1629018,8.0,SG,Chaser,0.19,Quickley 8' Driving Floating Jump Shot (26 PTS),,,,NYK,1610612752.0,
Shot Chart Detail,22101226,406,0,Opponent,1610612761,Toronto Raptors,3,2,23,Missed Shot,Driving Floating Jump Shot,,In The Paint (Non-RA),Center(C),Less Than 8 ft.,6,51,41,1,0,20220410,NYK,TOR,22101226406,|1628449|1629018|1630173|1630567|201152,0,REG,,,2022,1630173,6.0,C,Mobile Big,0.24,MISS Quickley 7' Driving Floating Jump Shot,,,,NYK,1610612752.0,
Shot Chart Detail,22101226,410,0,Opponent,1610612761,Toronto Raptors,3,2,20,Missed Shot,Fadeaway Jump Shot,,Right Corner 3,Right Side(R),24+ ft.,23,237,0,1,0,20220410,NYK,TOR,22101226410,|1628449|1629018|1630173|1630567|201152,0,REG,,,2022,1630173,6.0,C,Mobile Big,0.24,MISS Fournier 24' 3PT Fadeaway Jumper,,,,NYK,1610612752.0,
Shot Chart Detail,22101226,416,0,Opponent,1610612761,Toronto Raptors,3,1,42,Made Shot,Pullup Jump shot,,In The Paint (Non-RA),Center(C),8-16 ft.,10,13,100,1,1,20220410,NYK,TOR,22101226416,|1628449|1629018|1630173|1630567|201152,1,REG,,,2022,201152,6.0,PF,Helper,0.84,Arcidiacono 10' Pullup Jump Shot (2 PTS) (Fournier 5 AST),,,,NYK,1610612752.0,203095.0
Shot Chart Detail,22101226,424,0,Opponent,1610612761,Toronto Raptors,3,1,0,Missed Shot,Jump Shot,,Left Corner 3,Left Side(L),24+ ft.,23,-232,-7,1,0,20220410,NYK,TOR,22101226424,|1628449|1629018|1630173|1630567|201152,0,REG,,,2022,1628449,4.0,SF,Helper,0.4,MISS Fournier 3PT Jump Shot,,,,NYK,1610612752.0,
Shot Chart Detail,22101226,427,0,Opponent,1610612761,Toronto Raptors,3,0,54,Made Shot,Pullup Jump shot,,In The Paint (Non-RA),Center(C),Less Than 8 ft.,4,-44,13,1,1,20220410,NYK,TOR,22101226427,|1628449|1629018|1630173|1630567|201152,1,REG,,,2022,1630173|1628449,6.0,,,,,,,,NYK,1610612752.0,1630193.0
Shot Chart Detail,22101226,431,0,Opponent,1610612761,Toronto Raptors,3,0,31,Missed Shot,Step Back Jump shot,,Above the Break 3,Left Side Center(LC),24+ ft.,25,-132,220,1,0,20220410,NYK,TOR,22101226431,|1628449|1629018|1630173|1630567|201152,0,REG,,,2022,1630173,3.0,C,Mobile Big,0.24,MISS Quickley 26' 3PT Step Back Jump Shot,,,,NYK,1610612752.0,
Shot Chart Detail,22101226,435,0,Opponent,1610612761,Toronto Raptors,3,0,12,Missed Shot,Jump Shot,,Right Corner 3,Right Side(R),24+ ft.,22,229,5,1,0,20220410,NYK,TOR,22101226435,|1628449|1629018|1630173|1630567|201152,0,REG,,,2022,,,,,,,,,,NYK,1610612752.0,
Shot Chart Detail,22101226,454,0,Opponent,1610612761,Toronto Raptors,4,11,10,Missed Shot,Jump Shot,,Mid-Range,Right Side(R),8-16 ft.,9,97,13,1,0,20220410,NYK,TOR,22101226454,|1628449|1629717|1630173|1630201|201152,0,REG,,,2022,201152,1.0,PF,Helper,0.84,MISS Gibson 10' Jump Shot,,,,NYK,1610612752.0,
Shot Chart Detail,22101226,459,0,Opponent,1610612761,Toronto Raptors,4,10,51,Made Shot,Running Dunk Shot,,Restricted Area,Center(C),Less Than 8 ft.,0,1,8,1,1,20220410,NYK,TOR,22101226459,|1628449|1629717|1630173|1630201|201152,1,REG,,,2022,1630173,3.0,C,Mobile Big,0.24,Toppin 1' Running Dunk (29 PTS) (Burks 5 AST),,,,NYK,1610612752.0,202692.0
Shot Chart Detail,22101226,466,0,Opponent,1610612761,Toronto Raptors,4,10,12,Missed Shot,Jump Shot,,Left Corner 3,Left Side(L),24+ ft.,22,-229,-15,1,0,20220410,NYK,TOR,22101226466,|1628449|1629717|1630173|1630201|201152,0,REG,,,2022,1630173,0.0,C,Mobile Big,0.24,MISS Burks 3PT Jump Shot,,,,NYK,1610612752.0,
Shot Chart Detail,22101226,471,0,Opponent,1610612761,Toronto Raptors,4,10,0,Missed Shot,Running Pull-Up Jump Shot,,Above the Break 3,Left Side Center(LC),24+ ft.,25,-194,158,1,0,20220410,NYK,TOR,22101226471,|1628449|1629717|1630173|1630201|201152,0,REG,,,2022,201152,0.0,PF,Helper,0.84,MISS Toppin 25' 3PT Running Pull-Up Jump Shot,,,,NYK,1610612752.0,
Shot Chart Detail,22101226,481,0,Opponent,1610612761,Toronto Raptors,4,9,9,Made Shot,Driving Layup Shot,,In The Paint (Non-RA),Center(C),Less Than 8 ft.,4,27,32,1,1,20220410,NYK,TOR,22101226481,|1628449|1629717|1630173|1630201|201152,1,REG,,,2022,1628449,-1.0,SF,Helper,0.4,Burks 4' Driving Layup (10 PTS) (Quickley 10 AST),,,,NYK,1610612752.0,1630193.0
Shot Chart Detail,22101226,490,0,Opponent,1610612761,Toronto Raptors,4,8,34,Made Shot,Jump Shot,,Above the Break 3,Right Side Center(RC),24+ ft.,25,150,205,1,1,20220410,NYK,TOR,22101226490,|1628449|1629717|1630173|1630201|201152,1,REG,,,2022,1629717,0.0,SG-PG,Low Activity,-0.97,Arcidiacono 25' 3PT Jump Shot (5 PTS) (Quickley 11 AST),,,,NYK,1610612752.0,1630193.0
Shot Chart Detail,22101226,496,0,Opponent,1610612761,Toronto Raptors,4,7,58,Made Shot,Pullup Jump shot,,Above the Break 3,Center(C),24+ ft.,25,-54,250,1,1,20220410,NYK,TOR,22101226496,|1628449|1629717|1630173|1630201|201152,0,REG,,,2022,1629717,3.0,SG-PG,Low Activity,-0.97,Quickley 26' 3PT Pullup Jump Shot (29 PTS),,,,NYK,1610612752.0,
Shot Chart Detail,22101226,505,0,Opponent,1610612761,Toronto Raptors,4,7,36,Missed Shot,Pullup Jump shot,,Above the Break 3,Right Side Center(RC),24+ ft.,25,132,219,1,0,20220410,NYK,TOR,22101226505,|1628449|1629004|1629139|1630173|1630201,0,REG,,,2022,1629139,3.0,SF,Helper,0.1,MISS Quickley 26' 3PT Pullup Jump Shot,,,,NYK,1610612752.0,
Shot Chart Detail,22101226,510,0,Opponent,1610612761,Toronto Raptors,4,7,1,Made Shot,Alley Oop Dunk Shot,,Restricted Area,Center(C),Less Than 8 ft.,0,5,5,1,1,20220410,NYK,TOR,22101226510,|1628449|1629004|1629139|1630173|1630201,1,REG,,,2022,1630201|1629139,5.0,,,,,,,,NYK,1610612752.0,1630193.0
Shot Chart Detail,22101226,515,0,Opponent,1610612761,Toronto Raptors,4,6,15,Missed Shot,Floating Jump shot,,Mid-Range,Right Side(R),8-16 ft.,11,110,-16,1,0,20220410,NYK,TOR,22101226515,|1628449|1629004|1629139|1630173|1630201,0,REG,,,2022,1628449,5.0,SF,Helper,0.4,MISS Sims 11' Floating Jump Shot,,,,NYK,1610612752.0,
Shot Chart Detail,22101226,535,0,Opponent,1610612761,Toronto Raptors,4,4,49,Made Shot,Alley Oop Dunk Shot,,Restricted Area,Center(C),Less Than 8 ft.,0,1,8,1,1,20220410,NYK,TOR,22101226535,|1628449|1629004|1629139|1630173|1630201,1,REG,,,2022,1628449,7.0,SF,Helper,0.4,Toppin 1' Alley Oop Dunk (31 PTS) (Burks 6 AST),,,,NYK,1610612752.0,202692.0
Shot Chart Detail,22101226,539,0,Opponent,1610612761,Toronto Raptors,4,4,13,Made Shot,Jump Shot,,Right Corner 3,Right Side(R),24+ ft.,23,232,26,1,1,20220410,NYK,TOR,22101226539,|1628449|1629004|1629139|1630173|1630201,1,REG,,,2022,1629139,10.0,SF,Helper,0.1,Toppin 3PT Jump Shot (34 PTS) (Arcidiacono 1 AST),,,,NYK,1610612752.0,1627853.0
Shot Chart Detail,22101226,543,0,Opponent,1610612761,Toronto Raptors,4,3,48,Missed Shot,Jump Shot,,Left Corner 3,Left Side(L),24+ ft.,23,-232,-4,1,0,20220410,NYK,TOR,22101226543,|1628449|1629004|1629139|1630173|1630201,0,REG,,,2022,1629004,10.0,SF,Chaser,-0.31,MISS Toppin 3PT Jump Shot,,,,NYK,1610612752.0,
Shot Chart Detail,22101226,553,0,Opponent,1610612761,Toronto Raptors,4,3,12,Made Shot,Pullup Jump shot,,Above the Break 3,Right Side Center(RC),24+ ft.,31,150,276,1,1,20220410,NYK,TOR,22101226553,|1628449|1629004|1629139|1630173|1630201,1,REG,,,2022,1628449,13.0,SF,Helper,0.4,Quickley 31' 3PT Pullup Jump Shot (34 PTS) (Burks 7 AST),,,,NYK,1610612752.0,202692.0
Shot Chart Detail,22101226,561,0,Opponent,1610612761,Toronto Raptors,4,2,38,Made Shot,Jump Shot,,Above the Break 3,Left Side Center(LC),24+ ft.,25,-112,226,1,1,20220410,NYK,TOR,22101226561,|1628449|1629004|1629139|1629717|1630201,1,REG,,,2022,,,,,,,,,,NYK,1610612752.0,202692.0
Shot Chart Detail,22101226,568,0,Opponent,1610612761,Toronto Raptors,4,2,0,Missed Shot,Jump Shot,,Left Corner 3,Left Side(L),24+ ft.,22,-228,-16,1,0,20220410,NYK,TOR,22101226568,|1628449|1629004|1629139|1629717|1630201,0,REG,,,2022,1628449,11.0,SF,Helper,0.4,MISS Toppin 3PT Jump Shot,,,,NYK,1610612752.0,
Shot Chart Detail,22101226,574,0,Opponent,1610612761,Toronto Raptors,4,1,51,Made Shot,Alley Oop Layup shot,,Restricted Area,Center(C),Less Than 8 ft.,0,0,-2,1,1,20220410,NYK,TOR,22101226574,|1628449|1629004|1629139|1629717|1630201,1,REG,,,2022,1629139,11.0,SF,Helper,0.1,Sims Alley Oop Layup (6 PTS) (Toppin 3 AST),,,,NYK,1610612752.0,1630167.0
Shot Chart Detail,22101226,578,0,Opponent,1610612761,Toronto Raptors,4,1,36,Made Shot,Driving Dunk Shot,,Restricted Area,Center(C),Less Than 8 ft.,0,0,5,1,1,20220410,NYK,TOR,22101226578,|1628449|1629004|1629139|1629717|1630201,1,REG,,,2022,,,,,,,,,,NYK,1610612752.0,1627853.0
Shot Chart Detail,22101226,582,0,Opponent,1610612761,Toronto Raptors,4,1,23,Missed Shot,Running Pull-Up Jump Shot,,Above the Break 3,Left Side Center(LC),24+ ft.,29,-200,222,1,0,20220410,NYK,TOR,22101226582,|1628449|1629004|1629139|1629717|1630201,0,REG,,,2022,1629139,10.0,SF,Helper,0.1,MISS Quickley 30' 3PT Running Pull-Up Jump Shot,,,,NYK,1610612752.0,
