gi,ei,dsc,def_id,team_id,player_name,year
0021800016,105,James 1' Putback Layup (11 PTS),1628380,1610612757,Zach Collins,2019
0021800016,117,James 1' Putback Layup (13 PTS),1628380,1610612757,Zach Collins,2019
0021800016,148,MISS Kuzma 3PT Jump Shot,1628380,1610612757,Zach Collins,2019
0021800016,189,Kuzma 1' Driving Layup (8 PTS) (Stephenson 1 AST),1628380,1610612757,Zach Collins,2019
0021800016,491,MISS Kuzma 2' Running Layup,1628380,1610612757,Zach Collins,2019
0021800016,508,Collins BLOCK (2 BLK),1628380,1610612757,Zach Collins,2019
0021800016,539,MISS Ball 25' 3PT Step Back Jump Shot,1628380,1610612757,Zach Collins,2019
0021800016,583,James 1' Running Layup (20 PTS),1628380,1610612757,Zach Collins,2019
0021800016,637,McGee 1' Cutting Dunk Shot (13 PTS) (Ingram 1 AST),1628380,1610612757,Zach Collins,2019
0021800016,703,Collins BLOCK (6 BLK),1628380,1610612757,Zach Collins,2019
0021800016,171,MISS Hart 3PT Pullup Jump Shot,203917,1610612757,Nik Stauskas,2019
0021800016,258,McGee 1' Reverse Layup (4 PTS) (James 2 AST),203917,1610612757,Nik Stauskas,2019
0021800016,282,McGee 1' Alley Oop Dunk (6 PTS) (Rondo 3 AST),203917,1610612757,Nik Stauskas,2019
0021800016,320,MISS Ingram 1' Tip Layup Shot,203917,1610612757,Nik Stauskas,2019
0021800016,332,Rondo 2' Driving Layup (6 PTS),203917,1610612757,Nik Stauskas,2019
0021800016,336,Rondo 1' Driving Finger Roll Layup (8 PTS),203917,1610612757,Nik Stauskas,2019
0021800016,353,MISS Rondo 21' Pullup Jump Shot,203917,1610612757,Nik Stauskas,2019
0021800016,543,Collins BLOCK (4 BLK),203917,1610612757,Nik Stauskas,2019
0021800016,556,Hart 25' 3PT Pullup Jump Shot (15 PTS),203917,1610612757,Nik Stauskas,2019
0021800016,580,Hart 2' Driving Layup (17 PTS),203917,1610612757,Nik Stauskas,2019
0021800016,672,MISS Ingram 3PT Jump Shot,203917,1610612757,Nik Stauskas,2019
0021800016,703,Collins BLOCK (6 BLK),203917,1610612757,Nik Stauskas,2019
0021800016,711,MISS Hart 25' 3PT Pullup Jump Shot,203917,1610612757,Nik Stauskas,2019
0021800016,723,Caldwell-Pope 25' 3PT Jump Shot (5 PTS) (Rondo 11 AST),203917,1610612757,Nik Stauskas,2019
0021800833,18,MISS Middleton 14' Turnaround Fadeaway Shot,203932,1610612753,Aaron Gordon,2019
0021800833,20,MISS Lopez 27' 3PT Step Back Jump Shot,203932,1610612753,Aaron Gordon,2019
0021800833,117,MISS Brogdon 3' Driving Layup,203932,1610612753,Aaron Gordon,2019
0021800833,162,MISS Wilson 26' 3PT Jump Shot,203932,1610612753,Aaron Gordon,2019
0021800833,306,G. Hill 3PT Jump Shot (6 PTS) (Wilson 1 AST),203932,1610612753,Aaron Gordon,2019
0021800833,310,MISS Middleton 26' 3PT Jump Shot,203932,1610612753,Aaron Gordon,2019
0021800833,407,MISS Middleton 25' 3PT Step Back Jump Shot,203932,1610612753,Aaron Gordon,2019
0021800833,497,MISS Wilson 26' 3PT Jump Shot,203932,1610612753,Aaron Gordon,2019
0021800833,522,Brogdon 2' Layup (14 PTS) (Bledsoe 5 AST),203932,1610612753,Aaron Gordon,2019
0021800833,662,MISS Duval 16' Jump Shot,1628518,1610612753,Amile Jefferson,2019
0021800833,12,MISS Augustin 11' Floating Jump Shot,201572,1610612749,Brook Lopez,2019
0021800833,33,Gordon 1' Putback Layup (2 PTS),201572,1610612749,Brook Lopez,2019
0021800833,36,MISS Vucevic 15' Jump Shot,201572,1610612749,Brook Lopez,2019
0021800833,49,MISS Vucevic 16' Jump Shot,201572,1610612749,Brook Lopez,2019
0021800833,62,MISS Vucevic 26' 3PT Jump Shot,201572,1610612749,Brook Lopez,2019
0021800833,198,MISS Gordon 11' Fadeaway Jumper,201572,1610612749,Brook Lopez,2019
0021800833,219,Ross 13' Jump Shot (7 PTS) (Briscoe 3 AST),201572,1610612749,Brook Lopez,2019
0021800833,225,Birch 1' Putback Dunk (4 PTS),201572,1610612749,Brook Lopez,2019
0021800833,251,Vucevic 15' Jump Shot (7 PTS) (Augustin 2 AST),201572,1610612749,Brook Lopez,2019
0021800833,263,Vucevic 7' Hook Shot (9 PTS) (Augustin 3 AST),201572,1610612749,Brook Lopez,2019
0021800833,267,Vucevic 13' Step Back Jump Shot (11 PTS) (Fournier 1 AST),201572,1610612749,Brook Lopez,2019
0021800833,355,MISS Isaac 27' 3PT Jump Shot,201572,1610612749,Brook Lopez,2019
0021800833,361,Vucevic 1' Tip Layup Shot (13 PTS),201572,1610612749,Brook Lopez,2019
0021800833,380,MISS Vucevic 1' Tip Layup Shot,201572,1610612749,Brook Lopez,2019
0021800833,384,MISS Gordon 26' 3PT Jump Shot,201572,1610612749,Brook Lopez,2019
0021800833,389,Vucevic 15' Turnaround Jump Shot (15 PTS) (Fournier 2 AST),201572,1610612749,Brook Lopez,2019
0021800833,393,Brogdon BLOCK (1 BLK),201572,1610612749,Brook Lopez,2019
0021800833,468,MISS Ross 29' 3PT Jump Shot,201572,1610612749,Brook Lopez,2019
0021800833,508,Gordon 2' Driving Layup (13 PTS) (Fournier 3 AST),201572,1610612749,Brook Lopez,2019
0021800833,7,Bledsoe 4' Layup (2 PTS),201571,1610612753,D.J. Augustin,2019
0021800833,26,Bledsoe 2' Driving Layup (4 PTS),201571,1610612753,D.J. Augustin,2019
0021800833,38,MISS Middleton 26' 3PT Pullup Jump Shot,201571,1610612753,D.J. Augustin,2019
0021800833,56,MISS Brown 24' 3PT Jump Shot,201571,1610612753,D.J. Augustin,2019
0021800833,64,MISS Bledsoe 15' Jump Shot,201571,1610612753,D.J. Augustin,2019
0021800833,253,Bledsoe 27' 3PT Jump Shot (12 PTS) (Middleton 3 AST),201571,1610612753,D.J. Augustin,2019
0021800833,279,Snell 2' Running Finger Roll Layup (6 PTS),201571,1610612753,D.J. Augustin,2019
0021800833,348,Brogdon 1' Running Layup (10 PTS) (Middleton 4 AST),201571,1610612753,D.J. Augustin,2019
0021800833,353,MISS Lopez 29' 3PT Jump Shot,201571,1610612753,D.J. Augustin,2019
0021800833,364,Bledsoe 1' Tip Layup Shot (14 PTS),201571,1610612753,D.J. Augustin,2019
0021800833,367,MISS Bledsoe 2' Running Layup,201571,1610612753,D.J. Augustin,2019
0021800833,88,Isaac 2' Cutting Dunk Shot (4 PTS) (Briscoe 1 AST),1628391,1610612749,D.J. Wilson,2019
0021800833,160,MISS Gordon 2' Driving Layup,1628391,1610612749,D.J. Wilson,2019
0021800833,184,Ross 27' 3PT Jump Shot (3 PTS) (Briscoe 2 AST),1628391,1610612749,D.J. Wilson,2019
0021800833,255,Isaac 3PT Jump Shot (7 PTS) (Vucevic 2 AST),1628391,1610612749,D.J. Wilson,2019
0021800833,263,Vucevic 7' Hook Shot (9 PTS) (Augustin 3 AST),1628391,1610612749,D.J. Wilson,2019
0021800833,280,Isaac 27' 3PT Jump Shot (10 PTS) (Augustin 4 AST),1628391,1610612749,D.J. Wilson,2019
0021800833,472,Gordon 13' Fadeaway Jumper (11 PTS),1628391,1610612749,D.J. Wilson,2019
0021800833,487,MISS Gordon 15' Pullup Jump Shot,1628391,1610612749,D.J. Wilson,2019
0021800833,499,Lopez BLOCK (3 BLK),1628391,1610612749,D.J. Wilson,2019
0021800833,561,MISS Isaac 26' 3PT Jump Shot,1628391,1610612749,D.J. Wilson,2019
0021800833,590,MISS Vucevic 6' Turnaround Hook Shot,1628391,1610612749,D.J. Wilson,2019
0021800833,598,MISS Isaac 5' Hook Shot,1628391,1610612749,D.J. Wilson,2019
0021800833,616,MISS Briscoe 3' Driving Reverse Layup,1628391,1610612749,D.J. Wilson,2019
0021800833,656,MISS Martin 29' 3PT Jump Shot,1628391,1610612749,D.J. Wilson,2019
0021800833,40,Augustin 12' Jump Shot (2 PTS),202339,1610612749,Eric Bledsoe,2019
0021800833,51,MISS Fournier 29' 3PT Jump Shot,202339,1610612749,Eric Bledsoe,2019
0021800833,223,MISS Iwundu 2' Layup,202339,1610612749,Eric Bledsoe,2019
0021800833,229,Ross 27' 3PT Jump Shot (10 PTS),202339,1610612749,Eric Bledsoe,2019
0021800833,232,Ross 27' 3PT Jump Shot (13 PTS) (Briscoe 4 AST),202339,1610612749,Eric Bledsoe,2019
0021800833,245,Vucevic 4' Hook Shot (5 PTS) (Iwundu 1 AST),202339,1610612749,Eric Bledsoe,2019
0021800833,375,Augustin 2' Driving Layup (9 PTS),202339,1610612749,Eric Bledsoe,2019
0021800833,524,Briscoe 17' Jump Shot (6 PTS) (Fournier 4 AST),202339,1610612749,Eric Bledsoe,2019
0021800833,119,MISS Iwundu 17' Jump Shot,101141,1610612749,Ersan Ilyasova,2019
0021800833,160,MISS Gordon 2' Driving Layup,101141,1610612749,Ersan Ilyasova,2019
0021800833,285,Ilyasova BLOCK (1 BLK),101141,1610612749,Ersan Ilyasova,2019
0021800833,308,Fournier 28' 3PT Jump Shot (5 PTS) (Vucevic 3 AST),101141,1610612749,Ersan Ilyasova,2019
0021800833,345,Lopez BLOCK (1 BLK),101141,1610612749,Ersan Ilyasova,2019
0021800833,359,MISS Fournier 14' Driving Floating Jump Shot,101141,1610612749,Ersan Ilyasova,2019
0021800833,371,MISS Vucevic 26' 3PT Jump Shot,101141,1610612749,Ersan Ilyasova,2019
0021800833,378,MISS Gordon 4' Driving Layup,101141,1610612749,Ersan Ilyasova,2019
0021800833,396,Lopez BLOCK (2 BLK),101141,1610612749,Ersan Ilyasova,2019
0021800833,437,MISS Fournier 26' 3PT Jump Shot,101141,1610612749,Ersan Ilyasova,2019
0021800833,450,Isaac 28' 3PT Jump Shot (13 PTS) (Briscoe 5 AST),101141,1610612749,Ersan Ilyasova,2019
0021800833,508,Gordon 2' Driving Layup (13 PTS) (Fournier 3 AST),101141,1610612749,Ersan Ilyasova,2019
0021800833,565,Isaac 3' Cutting Dunk Shot (15 PTS) (Briscoe 7 AST),101141,1610612749,Ersan Ilyasova,2019
0021800833,573,MISS Ross 18' Floating Jump Shot,101141,1610612749,Ersan Ilyasova,2019
0021800833,594,MISS Vucevic 6' Hook Shot,101141,1610612749,Ersan Ilyasova,2019
0021800833,14,Brogdon 8' Driving Floating Jump Shot (2 PTS) (Middleton 1 AST),203095,1610612753,Evan Fournier,2019
0021800833,29,Bledsoe 2' Running Layup (6 PTS),203095,1610612753,Evan Fournier,2019
0021800833,73,MISS Brown 3' Driving Layup,203095,1610612753,Evan Fournier,2019
0021800833,168,MISS Connaughton 30' 3PT Jump Shot,203095,1610612753,Evan Fournier,2019
0021800833,183,Brogdon 3' Driving Layup (6 PTS),203095,1610612753,Evan Fournier,2019
0021800833,186,MISS Wilson 25' 3PT Jump Shot,203095,1610612753,Evan Fournier,2019
0021800833,207,Connaughton 1' Cutting Dunk Shot (2 PTS) (Middleton 2 AST),203095,1610612753,Evan Fournier,2019
0021800833,265,MISS Lopez 10' Jump Shot,203095,1610612753,Evan Fournier,2019
0021800833,325,MISS G. Hill 16' Jump Shot,203095,1610612753,Evan Fournier,2019
0021800833,373,MISS Lopez 8' Hook Shot,203095,1610612753,Evan Fournier,2019
0021800833,382,MISS Brogdon 7' Jump Shot,203095,1610612753,Evan Fournier,2019
0021800833,391,MISS Brogdon 25' 3PT Jump Shot,203095,1610612753,Evan Fournier,2019
0021800833,526,MISS Brogdon 2' Driving Reverse Layup,203095,1610612753,Evan Fournier,2019
0021800833,536,Middleton 16' Step Back Jump Shot (9 PTS) (Ilyasova 1 AST),203095,1610612753,Evan Fournier,2019
0021800833,95,MISS Vucevic 8' Hook Shot,201588,1610612749,George Hill,2019
0021800833,112,MISS Ross 13' Pullup Jump Shot,201588,1610612749,George Hill,2019
0021800833,155,G. Hill BLOCK (1 BLK),201588,1610612749,George Hill,2019
0021800833,158,MISS Ross 16' Jump Shot,201588,1610612749,George Hill,2019
0021800833,170,Birch 1' Cutting Dunk Shot (2 PTS) (Ross 1 AST),201588,1610612749,George Hill,2019
0021800833,464,Ross 19' Floating Jump Shot (15 PTS) (Briscoe 6 AST),201588,1610612749,George Hill,2019
0021800833,483,MISS Ross 27' 3PT Jump Shot,201588,1610612749,George Hill,2019
0021800833,90,MISS G. Hill 13' Floating Jump Shot,1628515,1610612753,Isaiah Briscoe,2019
0021800833,97,MISS Middleton 8' Floating Jump Shot,1628515,1610612753,Isaiah Briscoe,2019
0021800833,121,Wilson 2' Driving Layup (2 PTS) (G. Hill 1 AST),1628515,1610612753,Isaiah Briscoe,2019
0021800833,166,MISS Ilyasova 1' Layup,1628515,1610612753,Isaiah Briscoe,2019
0021800833,444,MISS Ilyasova 19' Fadeaway Jumper,1628515,1610612753,Isaiah Briscoe,2019
0021800833,466,MISS Brogdon 2' Driving Layup,1628515,1610612753,Isaiah Briscoe,2019
0021800833,474,MISS Lopez 28' 3PT Jump Shot,1628515,1610612753,Isaiah Briscoe,2019
0021800833,485,MISS Brogdon 27' 3PT Pullup Jump Shot,1628515,1610612753,Isaiah Briscoe,2019
0021800833,522,Brogdon 2' Layup (14 PTS) (Bledsoe 5 AST),1628515,1610612753,Isaiah Briscoe,2019
0021800833,588,MISS Bledsoe 1' Running Layup,1628515,1610612753,Isaiah Briscoe,2019
0021800833,596,MISS Bledsoe 28' 3PT Running Pull-Up Jump Shot,1628515,1610612753,Isaiah Briscoe,2019
0021800833,622,Duval 24' 3PT Jump Shot (3 PTS) (Brown 1 AST),1628515,1610612753,Isaiah Briscoe,2019
0021800833,638,MISS Wilson 30' 3PT Jump Shot,1626185,1610612753,Jarell Martin,2019
0021800833,658,Connaughton 1' Running Dunk (7 PTS) (Brown 2 AST),1626185,1610612753,Jarell Martin,2019
0021800833,34,Snell 10' Driving Floating Bank Jump Shot (2 PTS) (Bledsoe 1 AST),1628371,1610612753,Jonathan Isaac,2019
0021800833,69,Lopez 2' Layup (2 PTS) (Snell 1 AST),1628371,1610612753,Jonathan Isaac,2019
0021800833,265,MISS Lopez 10' Jump Shot,1628371,1610612753,Jonathan Isaac,2019
0021800833,300,MISS Brogdon 2' Driving Layup,1628371,1610612753,Jonathan Isaac,2019
0021800833,357,MISS Middleton 14' Jump Shot,1628371,1610612753,Jonathan Isaac,2019
0021800833,422,Bledsoe 3' Driving Layup (19 PTS),1628371,1610612753,Jonathan Isaac,2019
0021800833,431,Ilyasova 12' Fadeaway Jumper (2 PTS),1628371,1610612753,Jonathan Isaac,2019
0021800833,572,Middleton 1' Driving Finger Roll Layup (11 PTS),1628371,1610612753,Jonathan Isaac,2019
0021800833,575,MISS Middleton 3' Layup,1628371,1610612753,Jonathan Isaac,2019
0021800833,592,MISS Ilyasova 27' 3PT Jump Shot,1628371,1610612753,Jonathan Isaac,2019
0021800833,117,MISS Brogdon 3' Driving Layup,203920,1610612753,Khem Birch,2019
0021800833,143,MISS Brogdon 28' 3PT Jump Shot,203920,1610612753,Khem Birch,2019
0021800833,145,MISS Brogdon 3' Layup,203920,1610612753,Khem Birch,2019
0021800833,164,MISS Brogdon 1' Layup,203920,1610612753,Khem Birch,2019
0021800833,166,MISS Ilyasova 1' Layup,203920,1610612753,Khem Birch,2019
0021800833,227,Lopez 11' Jump Shot (4 PTS) (Bledsoe 2 AST),203920,1610612753,Khem Birch,2019
0021800833,463,Lopez 2' Layup (6 PTS),203920,1610612753,Khem Birch,2019
0021800833,504,Lopez 1' Driving Hook Shot (8 PTS),203920,1610612753,Khem Birch,2019
0021800833,578,MISS Bledsoe 2' Driving Layup,203920,1610612753,Khem Birch,2019
0021800833,8,MISS Gordon 14' Turnaround Fadeaway Shot,203114,1610612749,Khris Middleton,2019
0021800833,92,Briscoe 2' Layup (2 PTS),203114,1610612749,Khris Middleton,2019
0021800833,198,MISS Gordon 11' Fadeaway Jumper,203114,1610612749,Khris Middleton,2019
0021800833,312,Augustin 1' Running Layup (7 PTS),203114,1610612749,Khris Middleton,2019
0021800833,338,Gordon 2' Cutting Dunk Shot (7 PTS) (Augustin 5 AST),203114,1610612749,Khris Middleton,2019
0021800833,378,MISS Gordon 4' Driving Layup,203114,1610612749,Khris Middleton,2019
0021800833,413,Gordon 1' Alley Oop Layup (9 PTS) (Vucevic 4 AST),203114,1610612749,Khris Middleton,2019
0021800833,446,Iwundu 24' 3PT Jump Shot (3 PTS) (Vucevic 5 AST),203114,1610612749,Khris Middleton,2019
0021800833,565,Isaac 3' Cutting Dunk Shot (15 PTS) (Briscoe 7 AST),203114,1610612749,Khris Middleton,2019
0021800833,116,Briscoe 19' Step Back Jump Shot (4 PTS),1627763,1610612749,Malcolm Brogdon,2019
0021800833,298,MISS Fournier 10' Driving Floating Jump Shot,1627763,1610612749,Malcolm Brogdon,2019
0021800833,321,MISS Augustin 25' 3PT Step Back Jump Shot,1627763,1610612749,Malcolm Brogdon,2019
0021800833,521,Fournier 13' Step Back Jump Shot (7 PTS),1627763,1610612749,Malcolm Brogdon,2019
0021800833,649,Connaughton 29' 3PT Jump Shot (5 PTS) (Duval 1 AST),1628982,1610612753,Melvin Frazier Jr.,2019
0021800833,654,MISS Connaughton 26' 3PT Jump Shot,1628982,1610612753,Melvin Frazier Jr.,2019
0021800833,47,MISS Bledsoe 27' 3PT Jump Shot,202696,1610612753,Nikola Vučević,2019
0021800833,53,MISS Middleton 5' Layup,202696,1610612753,Nikola Vučević,2019
0021800833,60,MISS Lopez 27' 3PT Jump Shot,202696,1610612753,Nikola Vučević,2019
0021800833,302,Wilson 8' Hook Shot (4 PTS),202696,1610612753,Nikola Vučević,2019
0021800833,323,MISS Brogdon 26' 3PT Jump Shot,202696,1610612753,Nikola Vučević,2019
0021800833,362,MISS Brogdon 2' Driving Layup,202696,1610612753,Nikola Vučević,2019
0021800833,376,Bledsoe 26' 3PT Jump Shot (17 PTS) (Brogdon 2 AST),202696,1610612753,Nikola Vučević,2019
0021800833,415,MISS Wilson 24' 3PT Jump Shot,202696,1610612753,Nikola Vučević,2019
0021800833,439,MISS Snell 1' Running Layup,202696,1610612753,Nikola Vučević,2019
0021800833,448,MISS Wilson 12' Turnaround Fadeaway Shot,202696,1610612753,Nikola Vučević,2019
0021800833,174,Gordon 1' Driving Layup (4 PTS),1626192,1610612749,Pat Connaughton,2019
0021800833,209,MISS Fournier 11' Driving Floating Jump Shot,1626192,1610612749,Pat Connaughton,2019
0021800833,637,Frazier Jr. 2' Layup (2 PTS) (Iwundu 2 AST),1626192,1610612749,Pat Connaughton,2019
0021800833,642,Frazier Jr. 18' Jump Shot (4 PTS),1626192,1610612749,Pat Connaughton,2019
0021800833,66,MISS Fournier 14' Floating Jump Shot,1628425,1610612749,Sterling Brown,2019
0021800833,68,Fournier 12' Jump Shot (2 PTS),1628425,1610612749,Sterling Brown,2019
0021800833,92,Briscoe 2' Layup (2 PTS),1628425,1610612749,Sterling Brown,2019
0021800833,586,MISS Iwundu 28' 3PT Jump Shot,1628425,1610612749,Sterling Brown,2019
0021800833,620,Isaac 1' Cutting Dunk Shot (17 PTS) (Birch 2 AST),1628425,1610612749,Sterling Brown,2019
0021800833,104,MISS Brown 27' 3PT Jump Shot,203082,1610612753,Terrence Ross,2019
0021800833,139,G. Hill 28' 3PT Jump Shot (3 PTS) (Brogdon 1 AST),203082,1610612753,Terrence Ross,2019
0021800833,172,MISS Ilyasova 27' 3PT Jump Shot,203082,1610612753,Terrence Ross,2019
0021800833,247,Snell 2' Driving Reverse Layup (4 PTS) (Bledsoe 4 AST),203082,1610612753,Terrence Ross,2019
0021800833,282,MISS Snell 4' Driving Floating Jump Shot,203082,1610612753,Terrence Ross,2019
0021800833,544,MISS Connaughton 24' 3PT Jump Shot,203082,1610612753,Terrence Ross,2019
0021800833,554,MISS Connaughton 29' 3PT Jump Shot,203082,1610612753,Terrence Ross,2019
0021800833,588,MISS Bledsoe 1' Running Layup,203082,1610612753,Terrence Ross,2019
0021800833,24,MISS Isaac 24' 3PT Jump Shot,203503,1610612749,Tony Snell,2019
0021800833,27,MISS Fournier 17' Pullup Jump Shot,203503,1610612749,Tony Snell,2019
0021800833,31,Snell BLOCK (1 BLK),203503,1610612749,Tony Snell,2019
0021800833,33,Gordon 1' Putback Layup (2 PTS),203503,1610612749,Tony Snell,2019
0021800833,58,Isaac 11' Pullup Jump Shot (2 PTS) (Vucevic 1 AST),203503,1610612749,Tony Snell,2019
0021800833,71,Vucevic 28' 3PT Jump Shot (3 PTS) (Augustin 1 AST),203503,1610612749,Tony Snell,2019
0021800833,76,Augustin 2' Running Layup (5 PTS),203503,1610612749,Tony Snell,2019
0021800833,205,Ross 13' Pullup Jump Shot (5 PTS) (Birch 1 AST),203503,1610612749,Tony Snell,2019
0021800833,219,Ross 13' Jump Shot (7 PTS) (Briscoe 3 AST),203503,1610612749,Tony Snell,2019
0021800833,405,MISS Fournier 27' 3PT Jump Shot,203503,1610612749,Tony Snell,2019
0021800833,420,MISS Fournier 25' 3PT Jump Shot,203503,1610612749,Tony Snell,2019
0021800833,423,MISS Vucevic 26' 3PT Jump Shot,203503,1610612749,Tony Snell,2019
0021800833,441,Snell BLOCK (2 BLK),203503,1610612749,Tony Snell,2019
0021800833,86,MISS Middleton 16' Fadeaway Jumper,1628411,1610612753,Wes Iwundu,2019
0021800833,114,MISS Brogdon 15' Driving Floating Jump Shot,1628411,1610612753,Wes Iwundu,2019
0021800833,130,MISS Brogdon 3' Layup,1628411,1610612753,Wes Iwundu,2019
0021800833,230,Middleton 2' Driving Layup (2 PTS) (Bledsoe 3 AST),1628411,1610612753,Wes Iwundu,2019
0021800833,257,Middleton 10' Driving Floating Bank Jump Shot (6 PTS),1628411,1610612753,Wes Iwundu,2019
0021800833,435,MISS Middleton 4' Driving Layup,1628411,1610612753,Wes Iwundu,2019
0021800833,470,MISS G. Hill 2' Driving Layup,1628411,1610612753,Wes Iwundu,2019
0021800833,489,MISS Lopez 27' 3PT Jump Shot,1628411,1610612753,Wes Iwundu,2019
0021800833,563,MISS Middleton 1' Running Finger Roll Layup,1628411,1610612753,Wes Iwundu,2019
0021800833,578,MISS Bledsoe 2' Driving Layup,1628411,1610612753,Wes Iwundu,2019
0021800833,584,MISS Middleton 6' Floating Jump Shot,1628411,1610612753,Wes Iwundu,2019
0021800833,600,MISS Middleton 26' 3PT Jump Shot,1628411,1610612753,Wes Iwundu,2019
0021801056,29,Nowitzki 20' Jump Shot (2 PTS) (Brunson 1 AST),203076,1610612740,Anthony Davis,2019
0021801056,55,MISS Kleber 3' Driving Layup,203076,1610612740,Anthony Davis,2019
0021801056,99,Mejri 25' 3PT Jump Shot (5 PTS) (Kleber 1 AST),203076,1610612740,Anthony Davis,2019
0021801056,305,MISS Brunson 12' Jump Shot,203076,1610612740,Anthony Davis,2019
0021801056,316,Powell 1' Putback Layup (8 PTS),203076,1610612740,Anthony Davis,2019
0021801056,319,MISS Hardaway Jr. 16' Pullup Jump Shot,203076,1610612740,Anthony Davis,2019
0021801056,368,Powell 25' 3PT Jump Shot (11 PTS) (Kleber 2 AST),203076,1610612740,Anthony Davis,2019
0021801056,186,Nowitzki 22' Jump Shot (6 PTS) (Harris 1 AST),1627767,1610612740,Cheick Diallo,2019
0021801056,205,Burke 2' Driving Layup (2 PTS),1627767,1610612740,Cheick Diallo,2019
0021801056,238,Powell 1' Finger Roll Layup (6 PTS) (Doncic 3 AST),1627767,1610612740,Cheick Diallo,2019
0021801056,419,MISS Powell 25' 3PT Jump Shot,1627767,1610612740,Cheick Diallo,2019
0021801056,449,MISS Brunson 9' Driving Floating Jump Shot,1627767,1610612740,Cheick Diallo,2019
0021801056,458,Mejri 7' Jump Bank Shot (9 PTS) (Brunson 3 AST),1627767,1610612740,Cheick Diallo,2019
0021801056,533,MISS Doncic 3' Driving Layup,1627767,1610612740,Cheick Diallo,2019
0021801056,585,Kleber 13' Jump Shot (6 PTS) (Harris 2 AST),1627767,1610612740,Cheick Diallo,2019
0021801056,595,MISS Kleber 14' Jump Shot,1627767,1610612740,Cheick Diallo,2019
0021801056,598,Kleber 1' Running Dunk (8 PTS) (Finney-Smith 2 AST),1627767,1610612740,Cheick Diallo,2019
0021801056,735,MISS Doncic 4' Driving Floating Jump Shot,1627767,1610612740,Cheick Diallo,2019
0021801056,754,MISS Hardaway Jr. 25' 3PT Jump Shot,1627767,1610612740,Cheick Diallo,2019
0021801056,763,MISS Doncic 4' Driving Floating Jump Shot,1627767,1610612740,Cheick Diallo,2019
0021801056,765,Doncic 2' Putback Layup (29 PTS),1627767,1610612740,Cheick Diallo,2019
0021801056,559,MISS Harris 6' Driving Floating Jump Shot,1629541,1610612740,Dairis Bertans,2019
0021801056,581,MISS Jackson 7' Driving Floating Jump Shot,1629541,1610612740,Dairis Bertans,2019
0021801056,128,Kleber 1' Running Dunk (4 PTS),203121,1610612740,Darius Miller,2019
0021801056,156,MISS Harris 4' Driving Floating Bank Jump Shot,203121,1610612740,Darius Miller,2019
0021801056,192,MISS Burke 4' Driving Floating Jump Shot,203121,1610612740,Darius Miller,2019
0021801056,214,MISS Nowitzki 26' 3PT Jump Shot,203121,1610612740,Darius Miller,2019
0021801056,267,Hardaway Jr. 3PT Jump Shot (8 PTS) (Doncic 4 AST),203121,1610612740,Darius Miller,2019
0021801056,283,Doncic 1' Driving Layup (8 PTS),203121,1610612740,Darius Miller,2019
0021801056,293,Hardaway Jr. 3PT Jump Shot (11 PTS) (Doncic 5 AST),203121,1610612740,Darius Miller,2019
0021801056,461,MISS Kleber 3PT Jump Shot,203121,1610612740,Darius Miller,2019
0021801056,493,MISS Nowitzki 25' 3PT Jump Shot,203121,1610612740,Darius Miller,2019
0021801056,543,MISS Harris 2' Running Layup,203121,1610612740,Darius Miller,2019
0021801056,547,Finney-Smith 26' 3PT Jump Shot (3 PTS) (Doncic 6 AST),203121,1610612740,Darius Miller,2019
0021801056,717,MISS Finney-Smith 3PT Jump Shot,203121,1610612740,Darius Miller,2019
0021801056,158,Clark 9' Driving Floating Jump Shot (2 PTS) (Payton 5 AST),2734,1610612742,Devin Harris,2019
0021801056,190,MISS Diallo 7' Jump Shot,2734,1610612742,Devin Harris,2019
0021801056,216,MISS Okafor 4' Pullup Jump Shot,2734,1610612742,Devin Harris,2019
0021801056,447,Jackson 9' Jump Shot (13 PTS) (Payton 8 AST),2734,1610612742,Devin Harris,2019
0021801056,513,MISS Williams 25' 3PT Pullup Jump Shot,2734,1610612742,Devin Harris,2019
0021801056,535,Bertans 25' 3PT Jump Shot (3 PTS) (Miller 3 AST),2734,1610612742,Devin Harris,2019
0021801056,593,MISS Jackson 13' Turnaround Jump Shot,2734,1610612742,Devin Harris,2019
0021801056,11,MISS Williams 25' 3PT Jump Shot,1717,1610612742,Dirk Nowitzki,2019
0021801056,37,Williams 29' 3PT Jump Shot (3 PTS) (Payton 2 AST),1717,1610612742,Dirk Nowitzki,2019
0021801056,53,Randle Layup (2 PTS) (Davis 1 AST),1717,1610612742,Dirk Nowitzki,2019
0021801056,188,MISS Okafor 16' Pullup Jump Shot,1717,1610612742,Dirk Nowitzki,2019
0021801056,203,Clark 16' Pullup Jump Shot (6 PTS) (Diallo 1 AST),1717,1610612742,Dirk Nowitzki,2019
0021801056,216,MISS Okafor 4' Pullup Jump Shot,1717,1610612742,Dirk Nowitzki,2019
0021801056,341,MISS Williams 25' 3PT Jump Shot,1717,1610612742,Dirk Nowitzki,2019
0021801056,487,MISS Miller 25' 3PT Jump Shot,1717,1610612742,Dirk Nowitzki,2019
0021801056,491,Diallo 18' Jump Shot (4 PTS) (Williams 2 AST),1717,1610612742,Dirk Nowitzki,2019
0021801056,85,Randle 2' Driving Bank Hook Shot (4 PTS) (Davis 2 AST),1627827,1610612742,Dorian Finney-Smith,2019
0021801056,97,Randle 1' Running Dunk (6 PTS) (Davis 3 AST),1627827,1610612742,Dorian Finney-Smith,2019
0021801056,101,Payton 8' Fadeaway Jumper (2 PTS) (Randle 1 AST),1627827,1610612742,Dorian Finney-Smith,2019
0021801056,313,Davis 1' Putback Layup (14 PTS),1627827,1610612742,Dorian Finney-Smith,2019
0021801056,421,Randle 7' Fadeaway Jumper (19 PTS) (Payton 7 AST),1627827,1610612742,Dorian Finney-Smith,2019
0021801056,474,MISS Clark 25' 3PT Jump Shot,1627827,1610612742,Dorian Finney-Smith,2019
0021801056,505,Miller 16' Pullup Jump Shot (2 PTS) (Clark 1 AST),1627827,1610612742,Dorian Finney-Smith,2019
0021801056,509,Diallo 1' Cutting Dunk Shot (6 PTS) (Williams 3 AST),1627827,1610612742,Dorian Finney-Smith,2019
0021801056,540,Finney-Smith BLOCK (2 BLK),1627827,1610612742,Dorian Finney-Smith,2019
0021801056,549,Miller 25' 3PT Jump Shot (5 PTS) (Clark 2 AST),1627827,1610612742,Dorian Finney-Smith,2019
0021801056,569,MISS Clark 9' Driving Floating Jump Shot,1627827,1610612742,Dorian Finney-Smith,2019
0021801056,583,MISS Randle 6' Turnaround Jump Shot,1627827,1610612742,Dorian Finney-Smith,2019
0021801056,651,MISS Miller 25' 3PT Jump Shot,1627827,1610612742,Dorian Finney-Smith,2019
0021801056,7,MISS Jackson 25' 3PT Jump Shot,203939,1610612742,Dwight Powell,2019
0021801056,27,Davis 25' 3PT Jump Shot (3 PTS) (Payton 1 AST),203939,1610612742,Dwight Powell,2019
0021801056,195,Clark 21' Step Back Jump Shot (4 PTS),203939,1610612742,Dwight Powell,2019
0021801056,311,MISS Randle 4' Hook Shot,203939,1610612742,Dwight Powell,2019
0021801056,326,MISS Randle 20' Step Back Jump Shot,203939,1610612742,Dwight Powell,2019
0021801056,332,Randle 8' Driving Floating Bank Jump Shot (13 PTS),203939,1610612742,Dwight Powell,2019
0021801056,348,MISS Davis 9' Driving Floating Jump Shot,203939,1610612742,Dwight Powell,2019
0021801056,350,Davis 1' Tip Layup Shot (16 PTS),203939,1610612742,Dwight Powell,2019
0021801056,355,Davis 13' Jump Shot (18 PTS),203939,1610612742,Dwight Powell,2019
0021801056,370,MISS Davis 17' Jump Shot,203939,1610612742,Dwight Powell,2019
0021801056,505,Miller 16' Pullup Jump Shot (2 PTS) (Clark 1 AST),203939,1610612742,Dwight Powell,2019
0021801056,623,MISS Miller 27' 3PT Jump Shot,203939,1610612742,Dwight Powell,2019
0021801056,633,Randle 4' Driving Floating Jump Shot (23 PTS),203939,1610612742,Dwight Powell,2019
0021801056,642,Randle 4' Driving Floating Bank Jump Shot (25 PTS) (Jackson 4 AST),203939,1610612742,Dwight Powell,2019
0021801056,645,Randle 26' 3PT Jump Shot (28 PTS) (Payton 9 AST),203939,1610612742,Dwight Powell,2019
0021801056,667,Randle 1' Cutting Dunk Shot (30 PTS) (Payton 10 AST),203939,1610612742,Dwight Powell,2019
0021801056,690,MISS Randle 15' Turnaround Fadeaway Shot,203939,1610612742,Dwight Powell,2019
0021801056,719,MISS Payton 3PT Jump Shot,203939,1610612742,Dwight Powell,2019
0021801056,29,Nowitzki 20' Jump Shot (2 PTS) (Brunson 1 AST),203901,1610612740,Elfrid Payton,2019
0021801056,103,MISS Finney-Smith 25' 3PT Jump Shot,203901,1610612740,Elfrid Payton,2019
0021801056,130,MISS Harris 3PT Jump Shot,203901,1610612740,Elfrid Payton,2019
0021801056,147,MISS Brunson 6' Driving Floating Jump Shot,203901,1610612740,Elfrid Payton,2019
0021801056,149,MISS Mejri 1' Tip Layup Shot,203901,1610612740,Elfrid Payton,2019
0021801056,153,Mejri 1' Putback Layup (7 PTS),203901,1610612740,Elfrid Payton,2019
0021801056,160,Harris 25' 3PT Jump Shot (5 PTS) (Brunson 2 AST),203901,1610612740,Elfrid Payton,2019
0021801056,314,MISS Hardaway Jr. 3' Driving Layup,203901,1610612740,Elfrid Payton,2019
0021801056,339,Brunson 10' Pullup Jump Shot (5 PTS) (Hardaway Jr. 2 AST),203901,1610612740,Elfrid Payton,2019
0021801056,372,Doncic 1' Running Layup (12 PTS),203901,1610612740,Elfrid Payton,2019
0021801056,416,Brunson 1' Running Layup (7 PTS),203901,1610612740,Elfrid Payton,2019
0021801056,443,Brunson 16' Pullup Jump Shot (9 PTS) (Mejri 1 AST),203901,1610612740,Elfrid Payton,2019
0021801056,653,MISS Hardaway Jr. 10' Turnaround Fadeaway Shot,203901,1610612740,Elfrid Payton,2019
0021801056,700,Brunson 3PT Jump Shot (12 PTS) (Doncic 7 AST),203901,1610612740,Elfrid Payton,2019
0021801056,749,Doncic 7' Putback Layup (27 PTS),203901,1610612740,Elfrid Payton,2019
0021801056,35,Hardaway Jr. 24' 3PT Jump Shot (3 PTS) (Nowitzki 1 AST),1628402,1610612740,Frank Jackson,2019
0021801056,90,Hardaway Jr. 15' Pullup Jump Shot (5 PTS) (Finney-Smith 1 AST),1628402,1610612740,Frank Jackson,2019
0021801056,95,Mejri 1' Running Dunk (2 PTS) (Hardaway Jr. 1 AST),1628402,1610612740,Frank Jackson,2019
0021801056,319,MISS Hardaway Jr. 16' Pullup Jump Shot,1628402,1610612740,Frank Jackson,2019
0021801056,328,MISS Doncic 7' Floating Jump Shot,1628402,1610612740,Frank Jackson,2019
0021801056,360,MISS Hardaway Jr. 25' 3PT Pullup Jump Shot,1628402,1610612740,Frank Jackson,2019
0021801056,461,MISS Kleber 3PT Jump Shot,1628402,1610612740,Frank Jackson,2019
0021801056,472,MISS Harris 2' Reverse Layup,1628402,1610612740,Frank Jackson,2019
0021801056,620,Finney-Smith 1' Cutting Finger Roll Layup Shot (5 PTS) (Brunson 4 AST),1628402,1610612740,Frank Jackson,2019
0021801056,640,Hardaway Jr. 4' Driving Layup (15 PTS) (Finney-Smith 3 AST),1628402,1610612740,Frank Jackson,2019
0021801056,644,Hardaway Jr. 18' Step Back Jump Shot (17 PTS),1628402,1610612740,Frank Jackson,2019
0021801056,647,Hardaway Jr. 4' Turnaround Fadeaway (19 PTS),1628402,1610612740,Frank Jackson,2019
0021801056,710,MISS Doncic 5' Driving Floating Jump Shot,1628402,1610612740,Frank Jackson,2019
0021801056,713,MISS Doncic 27' 3PT Step Back Jump Shot,1628402,1610612740,Frank Jackson,2019
0021801056,723,MISS Hardaway Jr. 4' Turnaround Hook Shot,1628402,1610612740,Frank Jackson,2019
0021801056,741,MISS Hardaway Jr. 25' 3PT Jump Shot,1628402,1610612740,Frank Jackson,2019
0021801056,785,Powell Cutting Layup Shot (16 PTS) (Doncic 10 AST),1628402,1610612740,Frank Jackson,2019
0021801056,149,MISS Mejri 1' Tip Layup Shot,203546,1610612740,Ian Clark,2019
0021801056,205,Burke 2' Driving Layup (2 PTS),203546,1610612740,Ian Clark,2019
0021801056,489,MISS Finney-Smith 3PT Jump Shot,203546,1610612740,Ian Clark,2019
0021801056,495,MISS Finney-Smith 2' Putback Layup,203546,1610612740,Ian Clark,2019
0021801056,507,MISS Jackson 25' 3PT Jump Shot,203546,1610612740,Ian Clark,2019
0021801056,517,MISS Doncic 25' 3PT Pullup Jump Shot,203546,1610612740,Ian Clark,2019
0021801056,522,Jackson 12' Turnaround Jump Shot (2 PTS),203546,1610612740,Ian Clark,2019
0021801056,561,Jackson 3' Putback Layup (5 PTS),203546,1610612740,Ian Clark,2019
0021801056,571,MISS Brunson 5' Driving Floating Jump Shot,203546,1610612740,Ian Clark,2019
0021801056,124,MISS Mejri 25' 3PT Jump Shot,1626143,1610612740,Jahlil Okafor,2019
0021801056,147,MISS Brunson 6' Driving Floating Jump Shot,1626143,1610612740,Jahlil Okafor,2019
0021801056,149,MISS Mejri 1' Tip Layup Shot,1626143,1610612740,Jahlil Okafor,2019
0021801056,153,Mejri 1' Putback Layup (7 PTS),1626143,1610612740,Jahlil Okafor,2019
0021801056,186,Nowitzki 22' Jump Shot (6 PTS) (Harris 1 AST),1626143,1610612740,Jahlil Okafor,2019
0021801056,201,MISS Powell 1' Alley Oop Dunk,1626143,1610612740,Jahlil Okafor,2019
0021801056,210,Powell 6' Driving Layup (2 PTS) (Nowitzki 2 AST),1626143,1610612740,Jahlil Okafor,2019
0021801056,14,MISS Payton 5' Driving Finger Roll Layup,1628973,1610612742,Jalen Brunson,2019
0021801056,174,MISS Payton 32' 3PT Pullup Jump Shot,1628973,1610612742,Jalen Brunson,2019
0021801056,236,MISS Johnson 3PT Jump Shot,1628973,1610612742,Jalen Brunson,2019
0021801056,262,MISS Jackson 20' Pullup Jump Shot,1628973,1610612742,Jalen Brunson,2019
0021801056,284,MISS Jackson 1' Running Layup,1628973,1610612742,Jalen Brunson,2019
0021801056,358,Williams 25' 3PT Jump Shot (6 PTS) (Jackson 2 AST),1628973,1610612742,Jalen Brunson,2019
0021801056,404,Jackson 1' Running Alley Oop Dunk Shot (9 PTS) (Payton 6 AST),1628973,1610612742,Jalen Brunson,2019
0021801056,417,Williams 1' Cutting Dunk Shot (8 PTS) (Randle 3 AST),1628973,1610612742,Jalen Brunson,2019
0021801056,430,Payton 8' Turnaround Fadeaway (4 PTS),1628973,1610612742,Jalen Brunson,2019
0021801056,460,Payton 26' 3PT Jump Shot (8 PTS),1628973,1610612742,Jalen Brunson,2019
0021801056,569,MISS Clark 9' Driving Floating Jump Shot,1628973,1610612742,Jalen Brunson,2019
0021801056,587,MISS Payton 10' Driving Floating Jump Shot,1628973,1610612742,Jalen Brunson,2019
0021801056,638,MISS Payton 27' 3PT Jump Shot,1628973,1610612742,Jalen Brunson,2019
0021801056,683,Brunson BLOCK (1 BLK),1628973,1610612742,Jalen Brunson,2019
0021801056,715,Miller 26' 3PT Jump Shot (8 PTS) (Payton 11 AST),1628973,1610612742,Jalen Brunson,2019
0021801056,739,MISS Payton 27' 3PT Jump Shot,1628973,1610612742,Jalen Brunson,2019
0021801056,66,MISS Kleber 4' Driving Floating Jump Shot,203944,1610612740,Julius Randle,2019
0021801056,71,Doncic 25' 3PT Step Back Jump Shot (5 PTS),203944,1610612740,Julius Randle,2019
0021801056,107,Kleber 1' Running Dunk (2 PTS),203944,1610612740,Julius Randle,2019
0021801056,234,MISS Kleber 25' 3PT Jump Shot,203944,1610612740,Julius Randle,2019
0021801056,258,MISS Brunson 17' Pullup Jump Shot,203944,1610612740,Julius Randle,2019
0021801056,289,MISS Doncic 26' 3PT Step Back Jump Shot,203944,1610612740,Julius Randle,2019
0021801056,333,MISS Doncic 48' 3PT Running Jump Shot,203944,1610612740,Julius Randle,2019
0021801056,360,MISS Hardaway Jr. 25' 3PT Pullup Jump Shot,203944,1610612740,Julius Randle,2019
0021801056,387,MISS Kleber 25' 3PT Jump Shot,203944,1610612740,Julius Randle,2019
0021801056,190,MISS Diallo 7' Jump Shot,1628382,1610612742,Justin Jackson,2019
0021801056,529,MISS Clark 13' Pullup Jump Shot,1628382,1610612742,Justin Jackson,2019
0021801056,538,MISS Clark 25' 3PT Jump Shot,1628382,1610612742,Justin Jackson,2019
0021801056,9,MISS Doncic 1' Driving Finger Roll Layup,1629026,1610612740,Kenrich Williams,2019
0021801056,16,Brunson 1' Driving Layup (2 PTS) (Doncic 1 AST),1629026,1610612740,Kenrich Williams,2019
0021801056,23,MISS Hardaway Jr. 26' 3PT Jump Shot,1629026,1610612740,Kenrich Williams,2019
0021801056,39,Doncic 2' Driving Dunk (2 PTS),1629026,1610612740,Kenrich Williams,2019
0021801056,43,Nowitzki 19' Fadeaway Jumper (4 PTS) (Doncic 2 AST),1629026,1610612740,Kenrich Williams,2019
0021801056,51,MISS Doncic 5' Driving Floating Jump Shot,1629026,1610612740,Kenrich Williams,2019
0021801056,74,MISS Doncic 26' 3PT Jump Shot,1629026,1610612740,Kenrich Williams,2019
0021801056,87,MISS Hardaway Jr. 9' Driving Floating Bank Jump Shot,1629026,1610612740,Kenrich Williams,2019
0021801056,99,Mejri 25' 3PT Jump Shot (5 PTS) (Kleber 1 AST),1629026,1610612740,Kenrich Williams,2019
0021801056,392,Doncic 10' Turnaround Fadeaway (15 PTS),1629026,1610612740,Kenrich Williams,2019
0021801056,478,MISS Nowitzki 20' Pullup Jump Shot,1629026,1610612740,Kenrich Williams,2019
0021801056,537,Doncic 10' Driving Floating Jump Shot (18 PTS),1629026,1610612740,Kenrich Williams,2019
0021801056,617,Doncic 8' Driving Hook Shot (20 PTS),1629026,1610612740,Kenrich Williams,2019
0021801056,631,MISS Doncic 14' Turnaround Fadeaway Shot,1629026,1610612740,Kenrich Williams,2019
0021801056,634,MISS Doncic 14' Driving Floating Jump Shot,1629026,1610612740,Kenrich Williams,2019
0021801056,636,MISS Doncic 2' Putback Layup,1629026,1610612740,Kenrich Williams,2019
0021801056,729,Brunson 1' Driving Layup (14 PTS) (Doncic 8 AST),1629026,1610612740,Kenrich Williams,2019
0021801056,743,MISS Hardaway Jr. 27' 3PT Jump Shot,1629026,1610612740,Kenrich Williams,2019
0021801056,747,MISS Brunson 25' 3PT Jump Shot,1629026,1610612740,Kenrich Williams,2019
0021801056,763,MISS Doncic 4' Driving Floating Jump Shot,1629026,1610612740,Kenrich Williams,2019
0021801056,779,Powell Cutting Dunk Shot (14 PTS) (Doncic 9 AST),1629026,1610612740,Kenrich Williams,2019
0021801056,69,Jackson 1' Running Layup (2 PTS) (Payton 3 AST),1629029,1610612742,Luka Dončić,2019
0021801056,240,Randle Cutting Dunk Shot (11 PTS) (Miller 1 AST),1629029,1610612742,Luka Dončić,2019
0021801056,265,Davis 1' Alley Oop Dunk (7 PTS) (Jackson 1 AST),1629029,1610612742,Luka Dončić,2019
0021801056,303,MISS Jackson 3PT Jump Shot,1629029,1610612742,Luka Dončić,2019
0021801056,317,MISS Williams 24' 3PT Jump Shot,1629029,1610612742,Luka Dončić,2019
0021801056,379,MISS Randle 3' Putback Layup,1629029,1610612742,Luka Dončić,2019
0021801056,381,Randle 1' Putback Layup (17 PTS),1629029,1610612742,Luka Dončić,2019
0021801056,476,Diallo 18' Jump Shot (2 PTS) (Jackson 3 AST),1629029,1610612742,Luka Dončić,2019
0021801056,527,MISS Williams 26' 3PT Jump Shot,1629029,1610612742,Luka Dončić,2019
0021801056,540,Finney-Smith BLOCK (2 BLK),1629029,1610612742,Luka Dončić,2019
0021801056,663,Payton 26' 3PT Jump Shot (13 PTS) (Randle 4 AST),1629029,1610612742,Luka Dončić,2019
0021801056,745,Payton 6' Pullup Jump Shot (17 PTS),1629029,1610612742,Luka Dončić,2019
0021801056,72,MISS Randle 3PT Jump Shot,1628467,1610612742,Maxi Kleber,2019
0021801056,92,Kleber BLOCK (1 BLK),1628467,1610612742,Maxi Kleber,2019
0021801056,108,MISS Davis 25' 3PT Jump Shot,1628467,1610612742,Maxi Kleber,2019
0021801056,126,MISS Miller 25' 3PT Step Back Jump Shot,1628467,1610612742,Maxi Kleber,2019
0021801056,145,MISS Clark 26' 3PT Jump Shot,1628467,1610612742,Maxi Kleber,2019
0021801056,154,MISS Diallo 11' Jump Shot,1628467,1610612742,Maxi Kleber,2019
0021801056,366,Randle 1' Cutting Dunk Shot (15 PTS) (Davis 5 AST),1628467,1610612742,Maxi Kleber,2019
0021801056,376,Kleber BLOCK (2 BLK),1628467,1610612742,Maxi Kleber,2019
0021801056,381,Randle 1' Putback Layup (17 PTS),1628467,1610612742,Maxi Kleber,2019
0021801056,389,MISS Randle 5' Turnaround Hook Shot,1628467,1610612742,Maxi Kleber,2019
0021801056,445,MISS Randle 14' Floating Jump Shot,1628467,1610612742,Maxi Kleber,2019
0021801056,447,Jackson 9' Jump Shot (13 PTS) (Payton 8 AST),1628467,1610612742,Maxi Kleber,2019
0021801056,460,Payton 26' 3PT Jump Shot (8 PTS),1628467,1610612742,Maxi Kleber,2019
0021801056,97,Randle 1' Running Dunk (6 PTS) (Davis 3 AST),1626257,1610612742,Salah Mejri,2019
0021801056,129,Okafor 5' Turnaround Jump Shot (2 PTS),1626257,1610612742,Salah Mejri,2019
0021801056,132,MISS Payton 1' Driving Finger Roll Layup,1626257,1610612742,Salah Mejri,2019
0021801056,248,MISS Randle 25' 3PT Pullup Jump Shot,1626257,1610612742,Salah Mejri,2019
0021801056,269,Davis 4' Driving Hook Shot (9 PTS),1626257,1610612742,Salah Mejri,2019
0021801056,287,Davis 19' Jump Shot (12 PTS) (Miller 2 AST),1626257,1610612742,Salah Mejri,2019
0021801056,7,MISS Jackson 25' 3PT Jump Shot,203501,1610612742,Tim Hardaway Jr.,2019
0021801056,53,Randle Layup (2 PTS) (Davis 1 AST),203501,1610612742,Tim Hardaway Jr.,2019
0021801056,76,Jackson 26' 3PT Jump Shot (5 PTS) (Payton 4 AST),203501,1610612742,Tim Hardaway Jr.,2019
0021801056,110,Randle 25' 3PT Jump Shot (9 PTS) (Williams 1 AST),203501,1610612742,Tim Hardaway Jr.,2019
0021801056,291,MISS Miller 25' 3PT Jump Shot,203501,1610612742,Tim Hardaway Jr.,2019
0021801056,343,Jackson 8' Driving Floating Jump Shot (7 PTS) (Davis 4 AST),203501,1610612742,Tim Hardaway Jr.,2019
0021801056,411,MISS Jackson 3PT Jump Shot,203501,1610612742,Tim Hardaway Jr.,2019
0021801056,413,Finney-Smith BLOCK (1 BLK),203501,1610612742,Tim Hardaway Jr.,2019
0021801056,614,MISS Jackson 5' Jump Shot,203501,1610612742,Tim Hardaway Jr.,2019
0021801056,618,MISS Williams 3PT Jump Shot,203501,1610612742,Tim Hardaway Jr.,2019
0021801056,629,Randle 2' Driving Layup (21 PTS) (Miller 4 AST),203501,1610612742,Tim Hardaway Jr.,2019
0021801056,750,Hardaway Jr. BLOCK (1 BLK),203501,1610612742,Tim Hardaway Jr.,2019
0021801056,753,Jackson 2' Putback Layup (15 PTS),203501,1610612742,Tim Hardaway Jr.,2019
0021801056,757,Jackson 25' 3PT Pullup Jump Shot (18 PTS),203501,1610612742,Tim Hardaway Jr.,2019
0021801056,203,Clark 16' Pullup Jump Shot (6 PTS) (Diallo 1 AST),203504,1610612742,Trey Burke,2019
0021801056,212,MISS Clark 29' 3PT Step Back Jump Shot,203504,1610612742,Trey Burke,2019
0021801056,226,Clark Cutting Finger Roll Layup Shot (10 PTS) (Randle 2 AST),203504,1610612742,Trey Burke,2019
0021800863,57,Ayton 10' Turnaround Hook Shot (5 PTS),201568,1610612746,Danilo Gallinari,2019
0021800863,299,MISS Booker 15' Jump Shot,201568,1610612746,Danilo Gallinari,2019
0021800863,305,MISS Johnson 25' 3PT Jump Shot,201568,1610612746,Danilo Gallinari,2019
0021800863,316,Gallinari BLOCK (1 BLK),201568,1610612746,Danilo Gallinari,2019
0021800863,334,MISS Holmes 2' Driving Floating Jump Shot,201568,1610612746,Danilo Gallinari,2019
0021800863,353,MISS Johnson 24' 3PT Jump Shot,201568,1610612746,Danilo Gallinari,2019
0021800863,427,MISS Oubre Jr. 25' 3PT Jump Shot,201568,1610612746,Danilo Gallinari,2019
0021800863,44,Gilgeous-Alexander 1' Driving Reverse Layup (2 PTS) (Shamet 1 AST),1629028,1610612756,Deandre Ayton,2019
0021800863,204,MISS Harrell 15' Jump Shot,1629028,1610612756,Deandre Ayton,2019
0021800863,207,Harrell 8' Turnaround Hook Shot (8 PTS) (Williams 5 AST),1629028,1610612756,Deandre Ayton,2019
0021800863,232,Harrell 4' Driving Bank Hook Shot (14 PTS) (Williams 7 AST),1629028,1610612756,Deandre Ayton,2019
0021800863,272,MISS Harrell 9' Turnaround Hook Shot,1629028,1610612756,Deandre Ayton,2019
0021800863,274,MISS Harrell 1' Cutting Layup Shot,1629028,1610612756,Deandre Ayton,2019
0021800863,292,Gallinari 1' Cutting Layup Shot (7 PTS) (Zubac 1 AST),1629028,1610612756,Deandre Ayton,2019
0021800863,345,Zubac 1' Cutting Dunk Shot (8 PTS) (Shamet 2 AST),1629028,1610612756,Deandre Ayton,2019
0021800863,425,Zubac 5' Hook Shot (10 PTS) (Gallinari 3 AST),1629028,1610612756,Deandre Ayton,2019
0021800863,560,MISS Harrell 6' Turnaround Hook Shot,1629028,1610612756,Deandre Ayton,2019
0021800863,571,Williams 3' Driving Finger Roll Layup (26 PTS) (Harrell 4 AST),1629028,1610612756,Deandre Ayton,2019
0021800863,593,MISS Williams 27' 3PT Pullup Jump Shot,1629028,1610612756,Deandre Ayton,2019
0021800863,597,MISS Williams 23' Fadeaway Jumper,1629028,1610612756,Deandre Ayton,2019
0021800863,628,MISS Thornwell 14' Turnaround Fadeaway Shot,1629028,1610612756,Deandre Ayton,2019
0021800863,48,Gilgeous-Alexander 2' Running Layup (4 PTS),1626164,1610612756,Devin Booker,2019
0021800863,90,MISS Shamet 27' 3PT Jump Shot,1626164,1610612756,Devin Booker,2019
0021800863,302,MISS Gilgeous-Alexander 10' Pullup Jump Shot,1626164,1610612756,Devin Booker,2019
0021800863,329,MISS Beverley 27' 3PT Jump Shot,1626164,1610612756,Devin Booker,2019
0021800863,396,Beverley 1' Driving Layup (2 PTS),1626164,1610612756,Devin Booker,2019
0021800863,568,Williams 3' Driving Layup (24 PTS),1626164,1610612756,Devin Booker,2019
0021800863,577,Williams 2' Driving Floating Jump Shot (28 PTS),1626164,1610612756,Devin Booker,2019
0021800863,600,Green 27' 3PT Jump Shot (8 PTS) (Williams 10 AST),1626164,1610612756,Devin Booker,2019
0021800863,458,MISS Green 25' 3PT Jump Shot,1627733,1610612756,Dragan Bender,2019
0021800863,471,MISS Zubac 4' Turnaround Hook Shot,1627733,1610612756,Dragan Bender,2019
0021800863,503,MISS Green 2' Cutting Layup Shot,1627733,1610612756,Dragan Bender,2019
0021800863,524,MISS Harrell 25' 3PT Jump Shot,1627733,1610612756,Dragan Bender,2019
0021800863,556,Green 27' 3PT Jump Shot (5 PTS) (Williams 9 AST),1627733,1610612756,Dragan Bender,2019
0021800863,568,Williams 3' Driving Layup (24 PTS),1627733,1610612756,Dragan Bender,2019
0021800863,664,Temple 29' 3PT Jump Shot (7 PTS) (Motley 2 AST),1627733,1610612756,Dragan Bender,2019
0021800863,98,Williams 4' Driving Floating Jump Shot (2 PTS) (Harrell 1 AST),1629059,1610612756,Elie Okobo,2019
0021800863,121,Williams 19' Fadeaway Jumper (4 PTS) (Harrell 2 AST),1629059,1610612756,Elie Okobo,2019
0021800863,130,Williams 3' Driving Floating Jump Shot (6 PTS),1629059,1610612756,Elie Okobo,2019
0021800863,401,Gilgeous-Alexander 13' Jump Shot (10 PTS),1629059,1610612756,Elie Okobo,2019
0021800863,467,MISS Shamet 1' Driving Layup,1629059,1610612756,Elie Okobo,2019
0021800863,485,MISS Temple 26' 3PT Jump Shot,1629059,1610612756,Elie Okobo,2019
0021800863,490,Green 1' Tip Layup Shot (2 PTS),1629059,1610612756,Elie Okobo,2019
0021800863,493,Williams 2' Layup (20 PTS) (Harrell 3 AST),1629059,1610612756,Elie Okobo,2019
